learning evaluation instances,evaluation time (cpu seconds),model cost (RAM-Hours),classified instances,AUC,sAUC,Accuracy,Kappa,Periodical holdout AUC,Pos/Neg ratio,G-Mean,Recall,KappaM,model training instances,model serialized size (bytes),ensemble size,[avg] model training instances,[err] model training instances,[avg] model serialized size (bytes),[err] model serialized size (bytes),[avg] tree size (nodes),[err] tree size (nodes),[avg] tree size (leaves),[err] tree size (leaves),[avg] active learning leaves,[err] active learning leaves,[avg] tree depth,[err] tree depth,[avg] active leaf byte size estimate,[err] active leaf byte size estimate,[avg] inactive leaf byte size estimate,[err] inactive leaf byte size estimate,[avg] byte size estimate overhead,[err] byte size estimate overhead
1000.0,0.055965877,2.0582511075047983E-9,1000.0,1.0,1.0,0.997,0.0,0.0,1.7976931348623157E308,?,0.997,-Infinity,1000.0,142160.0,5.0,609.4,226.83650499864436,19176.0,0.0,1.0,0.0,1.0,0.0,1.0,0.0,0.0,0.0,0.0,0.0,0.0,0.0,1.0,0.0
2000.0,0.088170585,3.242640229252477E-9,2000.0,1.0,1.0,0.9985,0.0,0.0,1.7976931348623157E308,?,0.9985,-Infinity,2000.0,142160.0,5.0,1212.2,457.1495378976118,19176.0,0.0,1.0,0.0,1.0,0.0,1.0,0.0,0.0,0.0,0.0,0.0,0.0,0.0,1.0,0.0
3000.0,0.114453985,4.209262036304506E-9,3000.0,1.0,1.0,0.999,0.0,0.0,1.7976931348623157E308,?,0.999,-Infinity,3000.0,142160.0,5.0,1794.0,665.6181337674027,19176.0,0.0,1.0,0.0,1.0,0.0,1.0,0.0,0.0,0.0,0.0,0.0,0.0,0.0,1.0,0.0
4000.0,0.139162026,5.1179470329234985E-9,4000.0,1.0,1.0,0.99925,0.0,0.0,1.7976931348623157E308,?,0.99925,-Infinity,4000.0,142160.0,5.0,2387.2,893.73720969869,19176.0,0.0,1.0,0.0,1.0,0.0,1.0,0.0,0.0,0.0,0.0,0.0,0.0,0.0,1.0,0.0
5000.0,0.162641417,5.981446099136437E-9,5000.0,1.0,1.0,0.9994,0.0,0.0,1.7976931348623157E308,?,0.9994,-Infinity,5000.0,142160.0,5.0,2982.0,1133.504962494651,19176.0,0.0,1.0,0.0,1.0,0.0,1.0,0.0,0.0,0.0,0.0,0.0,0.0,0.0,1.0,0.0
6000.0,0.185485931,6.82159636142767E-9,6000.0,1.0,1.0,0.9995,0.0,0.0,1.7976931348623157E308,?,0.9995,-Infinity,6000.0,142160.0,5.0,3582.4,1351.1738600195017,19176.0,0.0,1.0,0.0,1.0,0.0,1.0,0.0,0.0,0.0,0.0,0.0,0.0,0.0,1.0,0.0
7000.0,0.210254958,7.732524233683942E-9,7000.0,1.0,1.0,0.9995714285714286,0.0,0.0,1.7976931348623157E308,?,0.9995714285714286,-Infinity,7000.0,142160.0,5.0,4178.6,1605.9854607062919,19176.0,0.0,1.0,0.0,1.0,0.0,1.0,0.0,0.0,0.0,0.0,0.0,0.0,0.0,1.0,0.0
8000.0,0.233351323,8.581936793422531E-9,8000.0,1.0,1.0,0.999625,0.0,0.0,1.7976931348623157E308,?,0.999625,-Infinity,8000.0,142160.0,5.0,4780.8,1846.8232725412577,19176.0,0.0,1.0,0.0,1.0,0.0,1.0,0.0,0.0,0.0,0.0,0.0,0.0,0.0,1.0,0.0
9000.0,0.256814937,9.444855630584058E-9,9000.0,1.0,1.0,0.9996666666666667,0.0,0.0,1.7976931348623157E308,?,0.9996666666666667,-Infinity,9000.0,142160.0,5.0,5379.0,2069.1802724750687,19176.0,0.0,1.0,0.0,1.0,0.0,1.0,0.0,0.0,0.0,0.0,0.0,0.0,0.0,1.0,0.0
10000.0,0.279438991,1.0276898058897088E-8,10000.0,1.0,1.0,0.9997,0.0,0.0,1.7976931348623157E308,?,0.9997,-Infinity,10000.0,142160.0,5.0,5980.4,2289.7925233522797,19176.0,0.0,1.0,0.0,1.0,0.0,1.0,0.0,0.0,0.0,0.0,0.0,0.0,0.0,1.0,0.0
11000.0,0.305638265,1.1240425972992345E-8,11000.0,1.0,1.0,1.0,?,1.0,1.7976931348623157E308,?,1.0,?,11000.0,142160.0,5.0,6578.2,2527.2462681741167,19176.0,0.0,1.0,0.0,1.0,0.0,1.0,0.0,0.0,0.0,0.0,0.0,0.0,0.0,1.0,0.0
12000.0,0.329587081,1.2121189032515716E-8,12000.0,1.0,1.0,1.0,?,1.0,1.7976931348623157E308,?,1.0,?,12000.0,142160.0,5.0,7176.0,2752.8461635187678,19176.0,0.0,1.0,0.0,1.0,0.0,1.0,0.0,0.0,0.0,0.0,0.0,0.0,0.0,1.0,0.0
13000.0,0.35383057,1.3012789249627125E-8,13000.0,1.0,1.0,1.0,?,1.0,1.7976931348623157E308,?,1.0,?,13000.0,142160.0,5.0,7772.4,2967.313313420071,19176.0,0.0,1.0,0.0,1.0,0.0,1.0,0.0,0.0,0.0,0.0,0.0,0.0,0.0,1.0,0.0
14000.0,0.398832201,1.4903442599293257E-8,14000.0,0.4914991499149915,-0.4914991499149915,0.9999,0.0,1.0,9999.0,0.0,1.0,-0.39999999999906743,14000.0,162400.0,5.0,11884.0,2174.636061505465,23212.8,8454.125809331204,3.0,0.0,2.0,0.0,2.0,0.0,1.0,0.0,0.0,0.0,0.0,0.0,1.0,0.0
15000.0,0.524077015,2.826895292120261E-8,15000.0,0.8446626924561479,-0.03838110536223538,0.9989,0.15329905477391179,1.0,1427.5714285714287,0.37786990386995595,0.9994996497548284,-1.357142857143095,15000.0,412504.0,5.0,24179.6,7056.1630366651825,73184.0,11540.172615693407,12.2,5.932958789676531,7.4,4.560701700396552,7.4,4.560701700396552,4.0,1.5811388300841898,0.0,0.0,0.0,0.0,1.0,0.0
16000.0,0.622646941,4.410288944183125E-8,16000.0,0.9165402992761295,0.25687632528865323,0.9986,0.415985316202224,1.0,713.2857142857143,0.5974646729002436,0.9994992990186261,-0.6000000000000254,16000.0,620936.0,5.0,27798.8,8359.870076741623,114830.4,32233.553400145014,13.4,6.54217089351845,8.0,4.8476798574163285,8.0,4.8476798574163285,4.4,1.51657508881031,0.0,0.0,0.0,0.0,1.0,0.0
17000.0,0.668364334,5.144677543247947E-8,17000.0,0.9157463305770936,0.2571384148429505,0.9986,0.415985316202224,1.0,713.2857142857143,0.5974646729002436,0.9994992990186261,-0.7000000000000269,17000.0,620936.0,5.0,28137.4,8020.517427198821,114830.4,32233.553400145014,13.4,6.54217089351845,8.0,4.8476798574163285,8.0,4.8476798574163285,4.4,1.51657508881031,0.0,0.0,0.0,0.0,1.0,0.0
18000.0,0.723523721,6.05522604187309E-8,18000.0,0.9149237503934079,0.2572700521096132,0.9986,0.415985316202224,1.0,713.2857142857143,0.5974646729002436,0.9994992990186261,-0.7999999999999714,18000.0,638096.0,5.0,29333.2,8166.000349008075,118257.6,35988.898910636315,13.8,6.723094525588644,8.2,4.868264577855234,8.2,4.868264577855234,4.4,1.51657508881031,0.0,0.0,0.0,0.0,1.0,0.0
19000.0,0.773123506,6.873998914818176E-8,19000.0,0.9136791508111356,0.25767929099544995,0.9986,0.415985316202224,1.0,713.2857142857143,0.5974646729002436,0.9994992990186261,-0.8999999999999698,19000.0,638096.0,5.0,29679.8,7824.131114698936,118257.6,35988.898910636315,13.8,6.723094525588644,8.2,4.868264577855234,8.2,4.868264577855234,4.4,1.51657508881031,0.0,0.0,0.0,0.0,1.0,0.0
20000.0,0.822975838,7.696940729881533E-8,20000.0,0.9133143543818488,0.2577995370030901,0.9986,0.415985316202224,1.0,713.2857142857143,0.5974646729002436,0.9994992990186261,-0.9999999999998413,20000.0,638096.0,5.0,30037.8,7495.289033786489,118257.6,35988.898910636315,13.8,6.723094525588644,8.2,4.868264577855234,8.2,4.868264577855234,4.4,1.51657508881031,0.0,0.0,0.0,0.0,1.0,0.0
21000.0,0.87088579,8.487818533922442E-8,21000.0,0.9129710165660496,0.257911235751934,0.9986,0.415985316202224,0.9133143543818488,713.2857142857143,0.5974646729002436,0.9994992990186261,-1.099999999999817,21000.0,638096.0,5.0,30379.6,7183.40193084029,118257.6,35988.898910636315,13.8,6.723094525588644,8.2,4.868264577855234,8.2,4.868264577855234,4.4,1.51657508881031,0.0,0.0,0.0,0.0,1.0,0.0
22000.0,0.918628121,9.275929319361639E-8,22000.0,0.9124130926153758,0.2580940417530848,0.9986,0.415985316202224,0.9133143543818488,713.2857142857143,0.5974646729002436,0.9994992990186261,-1.1999999999998605,22000.0,638096.0,5.0,30731.6,6858.753407143313,118257.6,35988.898910636315,13.8,6.723094525588644,8.2,4.868264577855234,8.2,4.868264577855234,4.4,1.51657508881031,0.0,0.0,0.0,0.0,1.0,0.0
23000.0,0.990832909,1.0467856294673143E-7,23000.0,0.9121985064805013,0.2581636734716515,0.9986,0.415985316202224,0.9133143543818488,713.2857142857143,0.5974646729002436,0.9994992990186261,-1.2999999999999088,23000.0,638096.0,5.0,31095.6,6562.104563324178,118257.6,35988.898910636315,13.8,6.723094525588644,8.2,4.868264577855234,8.2,4.868264577855234,4.4,1.51657508881031,0.0,0.0,0.0,0.0,1.0,0.0
24000.0,1.071066095,1.1792312765739651E-7,24000.0,0.9462493549306406,0.3129324216724748,0.9987,0.434142944197804,0.9133143543818488,768.2307692307693,0.6200184082732172,0.9994993491539,-1.2285714285711948,24000.0,638096.0,5.0,31442.8,6291.559997329757,118257.6,35988.898910636315,13.8,6.723094525588644,8.2,4.868264577855234,8.2,4.868264577855234,4.4,1.51657508881031,0.0,0.0,0.0,0.0,1.0,0.0
25000.0,1.165017903,1.3351047229166452E-7,25000.0,0.9930569455564452,0.4809346384255164,0.9996,0.6664887940234803,0.9133143543818488,1249.0,0.7071067811865476,1.0,0.3333333333334567,25000.0,641312.0,5.0,33162.8,6475.1459983540135,118894.4,35226.160460657644,15.4,7.402702209328699,9.0,5.1478150704935,9.0,5.1478150704935,4.4,1.51657508881031,0.0,0.0,0.0,0.0,1.0,0.0
26000.0,1.239274793,1.4583027497070324E-7,26000.0,0.9686968696869687,4.7618329463794407E-4,0.9999,0.0,0.9133143543818488,9999.0,0.0,1.0,0.8266666666666718,26000.0,641312.0,5.0,33540.2,6154.977839115264,118894.4,35226.160460657644,15.4,7.402702209328699,9.0,5.1478150704935,9.0,5.1478150704935,4.4,1.51657508881031,0.0,0.0,0.0,0.0,1.0,0.0
27000.0,1.319495666,1.5759551151123934E-7,27000.0,0.6391250708545897,-0.31673677195342,0.9997,0.0,0.9133143543818488,3332.3333333333335,0.0,1.0,0.5235294117647712,27000.0,566912.0,5.0,34836.6,6399.608488024874,104019.2,35087.816506588155,17.4,8.17312669668102,10.0,5.612486080160912,10.0,5.612486080160912,4.6,1.140175425099138,0.0,0.0,0.0,0.0,1.0,0.0
28000.0,1.389151815,1.6815211597396063E-7,28000.0,0.6362575439298456,-0.3153037132875952,0.9997,0.0,0.9133143543818488,3332.3333333333335,0.0,1.0,0.5058823529411893,28000.0,585824.0,5.0,35200.2,6116.474572823793,107798.4,30097.700324111145,17.4,8.17312669668102,10.0,5.612486080160912,10.0,5.612486080160912,4.6,1.140175425099138,0.0,0.0,0.0,0.0,1.0,0.0
29000.0,1.496670732,1.8658159113749864E-7,29000.0,0.7117597038815526,-0.22995583267855813,0.9995,-1.600256040124292E-4,0.9133143543818488,2499.0,0.0,0.9998999599839936,0.19444444444447426,29000.0,662568.0,5.0,37254.8,6892.986921502172,123128.0,35164.50392085747,19.0,8.831760866327848,10.8,5.890670590009257,10.8,5.890670590009257,4.6,1.140175425099138,0.0,0.0,0.0,0.0,1.0,0.0
30000.0,1.58638199,2.037145643649913E-7,30000.0,0.7077581032412965,-0.22798324363866018,0.9994,-2.6673779679047834E-4,0.9133143543818488,2499.0,0.0,0.9997999199679872,0.0,30000.0,738224.0,5.0,37842.2,6742.044474786563,138246.4,41312.69186097658,19.0,8.831760866327848,10.8,5.890670590009257,10.8,5.890670590009257,4.6,1.140175425099138,0.0,0.0,0.0,0.0,1.0,0.0
31000.0,1.662272008,2.19662524967115E-7,31000.0,0.6992296918767507,-0.22472440122872084,0.9994,-2.6673779679047834E-4,0.7077581032412965,2499.0,0.0,0.9997999199679872,-0.033333333333441684,31000.0,812312.0,5.0,39197.4,6731.305616297628,153048.0,56524.84423684863,19.8,9.011104260855047,11.2,5.890670590009257,11.2,5.890670590009257,4.6,1.140175425099138,0.0,0.0,0.0,0.0,1.0,0.0
32000.0,1.755130405,2.4055252028440026E-7,32000.0,0.9900857544964458,0.9159742601668527,0.999,0.9621798905939875,0.7077581032412965,72.52941176470588,0.9737766322845872,0.9996958637469586,0.7866666666666644,32000.0,869600.0,5.0,46358.2,8665.727649770677,164489.6,53972.96787096296,21.4,9.736529155710468,12.0,6.2048368229954285,12.0,6.2048368229954285,4.8,1.0954451150103324,0.0,0.0,0.0,0.0,1.0,0.0
33000.0,1.851055322,2.6255563782120336E-7,33000.0,0.9923147903506033,0.9423383416868452,0.999,0.9747372675828618,0.7077581032412965,48.01960784313726,0.9825428924747899,0.999693752552062,0.8486238532110093,33000.0,886656.0,5.0,47578.4,8862.79599223631,167896.0,53903.42475205077,21.8,9.757048734120374,12.2,6.180614856144977,12.2,6.180614856144977,4.8,1.0954451150103324,0.0,0.0,0.0,0.0,1.0,0.0
34000.0,1.943683128,2.8380246884628723E-7,34000.0,0.9920856051689765,0.9421122877787467,0.999,0.9747372675828618,0.7077581032412965,48.01960784313726,0.9825428924747899,0.999693752552062,0.8440366972477059,34000.0,886656.0,5.0,48477.0,8540.304239311383,167896.0,53903.42475205077,21.8,9.757048734120374,12.2,6.180614856144977,12.2,6.180614856144977,4.8,1.0954451150103324,0.0,0.0,0.0,0.0,1.0,0.0
35000.0,2.014856269,3.001280601093629E-7,35000.0,0.9929716093847971,0.946418775936505,0.9991,0.9772082658022687,0.7077581032412965,48.26108374384236,0.9849599912127662,0.9996937838113709,0.8555045871559624,35000.0,886656.0,5.0,48942.8,8252.74613083427,167896.0,53903.42475205077,21.8,9.757048734120374,12.2,6.180614856144977,12.2,6.180614856144977,4.8,1.0954451150103324,0.0,0.0,0.0,0.0,1.0,0.0
36000.0,2.07204033,3.129691046963881E-7,36000.0,0.9924180067186547,0.9459908540299059,0.9991,0.9772082658022687,0.7077581032412965,48.26108374384236,0.9849599912127662,0.9996937838113709,0.8513761467889898,36000.0,868016.0,5.0,49390.2,7934.778270374038,164169.6,54010.19560046047,22.2,9.859006035092989,12.4,6.18869937870632,12.4,6.18869937870632,4.8,1.0954451150103324,0.0,0.0,0.0,0.0,1.0,0.0
37000.0,2.132793688,3.26908896341059E-7,37000.0,0.9990729077340108,0.9580038301462062,0.9993,0.9821864820846897,0.7077581032412965,48.75124378109453,0.9898481910925228,0.999693846310848,0.8811926605504526,37000.0,886928.0,5.0,49926.8,7624.287717551063,167948.8,53911.164439288455,22.2,9.859006035092989,12.4,6.18869937870632,12.4,6.18869937870632,4.8,1.0954451150103324,0.0,0.0,0.0,0.0,1.0,0.0
38000.0,2.194692133,3.4141426805600117E-7,38000.0,0.9989581635652739,0.9577423340033504,0.9993,0.9821864820846897,0.7077581032412965,48.75124378109453,0.9898481910925228,0.999693846310848,0.8779816513761407,38000.0,905840.0,5.0,50267.8,7262.568223431708,171728.0,55123.04055474444,22.2,9.859006035092989,12.4,6.18869937870632,12.4,6.18869937870632,4.8,1.0954451150103324,0.0,0.0,0.0,0.0,1.0,0.0
39000.0,2.269726232,3.6046629975414945E-7,39000.0,0.9995331632653062,0.9637414739415191,0.9995,0.9872135842880538,0.7077581032412965,49.0,0.9923703842778848,0.9997959183673469,0.9105504587156067,39000.0,981488.0,5.0,50685.2,6928.842991438038,186844.8,62832.20183313649,22.2,9.859006035092989,12.4,6.18869937870632,12.4,6.18869937870632,4.8,1.0954451150103324,0.0,0.0,0.0,0.0,1.0,0.0
40000.0,2.339592624,3.7827241536911995E-7,40000.0,0.9995423469387755,0.9638914573692982,0.9996,0.9897456931911415,0.7077581032412965,49.0,0.992421024462863,0.9998979591836735,0.9266055045871634,40000.0,985152.0,5.0,51184.6,6678.621212495885,187576.0,62947.45287936598,22.6,10.430723848324238,12.6,6.54217089351845,12.6,6.54217089351845,5.0,1.224744871391589,0.0,0.0,0.0,0.0,1.0,0.0
41000.0,2.406601106,3.9535016539341877E-7,41000.0,0.9996326530612245,0.9645298244241293,0.9996,0.9897456931911415,0.9995423469387755,49.0,0.992421024462863,0.9998979591836735,0.9247706422018432,41000.0,985152.0,5.0,51528.2,6331.26659523985,187576.0,62947.45287936598,22.6,10.430723848324238,12.6,6.54217089351845,12.6,6.54217089351845,5.0,1.224744871391589,0.0,0.0,0.0,0.0,1.0,0.0
42000.0,2.476700348,4.132156250492401E-7,42000.0,1.0,0.9961191776413199,1.0,1.0,0.9995423469387755,146.05882352941177,1.0,1.0,1.0,42000.0,985152.0,5.0,51878.6,6013.72703071897,187576.0,62947.45287936598,22.6,10.430723848324238,12.6,6.54217089351845,12.6,6.54217089351845,5.0,1.224744871391589,0.0,0.0,0.0,0.0,1.0,0.0
43000.0,2.542465585,4.299765222409533E-7,43000.0,1.0,1.0,1.0,?,0.9995423469387755,1.7976931348623157E308,?,1.0,1.0,43000.0,985152.0,5.0,52237.8,5670.455202186153,187576.0,62947.45287936598,22.6,10.430723848324238,12.6,6.54217089351845,12.6,6.54217089351845,5.0,1.224744871391589,0.0,0.0,0.0,0.0,1.0,0.0
44000.0,2.624475272,4.513095990438221E-7,44000.0,1.0,0.28617461360866014,0.9999,0.0,0.9995423469387755,9999.0,0.0,1.0,0.9799086757990891,44000.0,1005520.0,5.0,52609.8,5349.210240773867,191646.4,65275.75437174204,22.6,10.430723848324238,12.6,6.54217089351845,12.6,6.54217089351845,5.0,1.224744871391589,0.0,0.0,0.0,0.0,1.0,0.0
45000.0,2.722518401,4.76883236215545E-7,45000.0,1.0,0.28637293397902386,0.9999,0.0,0.9995423469387755,9999.0,0.0,1.0,0.9794520547945229,45000.0,1008272.0,5.0,53096.6,5164.577310874532,192196.8,65923.71873005953,22.6,10.430723848324238,12.6,6.54217089351845,12.6,6.54217089351845,5.0,1.224744871391589,0.0,0.0,0.0,0.0,1.0,0.0
46000.0,2.831002293,5.057958799647953E-7,46000.0,0.9998999899989999,0.2871865501926175,0.9998,-1.0001000150268746E-4,0.9995423469387755,9999.0,0.0,0.9998999899989999,0.9579908675799131,46000.0,1030208.0,5.0,53804.8,5195.056082469178,196579.2,66900.32911129811,23.0,11.045361017187261,12.8,6.906518659932804,12.8,6.906518659932804,5.0,1.224744871391589,0.0,0.0,0.0,0.0,1.0,0.0
47000.0,2.936338602,5.328598464751905E-7,47000.0,0.9808961792358472,0.147183634467698,0.9997,-1.3335111341161276E-4,0.9995423469387755,4999.0,0.0,0.9998999799959992,0.9359090909090976,47000.0,993152.0,5.0,55130.0,4957.444654254852,189169.6,63463.76538466655,24.2,10.353743284435827,13.4,6.54217089351845,13.4,6.54217089351845,5.2,0.8366600265340756,0.0,0.0,0.0,0.0,1.0,0.0
48000.0,3.042101317,5.59983025071716E-7,48000.0,0.986497299459892,0.14735344267553752,0.9997,-1.3335111341161276E-4,0.9995423469387755,4999.0,0.0,0.9998999799959992,0.9345454545454625,48000.0,991312.0,5.0,55509.0,4632.250371039976,188800.0,63139.459864651995,24.6,10.620734437881403,13.6,6.618156843109719,13.6,6.618156843109719,5.2,0.8366600265340756,0.0,0.0,0.0,0.0,1.0,0.0
49000.0,3.141160367,5.853870278410489E-7,49000.0,0.9896979395879176,0.14745112638013635,0.9997,-1.3335111341161276E-4,0.9995423469387755,4999.0,0.0,0.9998999799959992,0.9331818181818263,49000.0,991312.0,5.0,56093.8,4450.379275971881,188800.0,63139.459864651995,24.6,10.620734437881403,13.6,6.618156843109719,13.6,6.618156843109719,5.2,0.8366600265340756,0.0,0.0,0.0,0.0,1.0,0.0
50000.0,3.258836767,6.138957722116551E-7,50000.0,0.8572428971588636,-0.0438827814633006,0.9995,-1.600256040124292E-4,0.9995423469387755,2499.0,0.0,0.9998999599839936,0.8873873873873998,50000.0,936464.0,5.0,57635.8,4490.498268566641,177828.8,60041.51326540663,27.4,11.865917579353061,15.0,7.211102550927979,15.0,7.211102550927979,5.2,0.8366600265340756,0.0,0.0,0.0,0.0,1.0,0.0
51000.0,3.361759031,6.393336740666006E-7,51000.0,0.8546293517406963,-0.04332592645079836,0.9995,-1.600256040124292E-4,0.8572428971588636,2499.0,0.0,0.9998999599839936,0.8851351351351471,51000.0,955376.0,5.0,58138.2,4286.705751506627,181608.0,59083.55602026676,27.4,11.865917579353061,15.0,7.211102550927979,15.0,7.211102550927979,5.2,0.8366600265340756,0.0,0.0,0.0,0.0,1.0,0.0
52000.0,3.482923604,6.722024203331458E-7,52000.0,0.9896180156717853,0.9263362135978286,0.9995,0.9547037443696803,0.8572428971588636,174.43859649122808,0.9642256198157411,0.9998994267323745,0.9054545454545555,52000.0,1048600.0,5.0,59101.8,4489.361613860037,200236.8,61763.66584975345,27.4,11.865917579353061,15.0,7.211102550927979,15.0,7.211102550927979,5.2,0.8366600265340756,0.0,0.0,0.0,0.0,1.0,0.0
53000.0,3.566445307,6.952008705793651E-7,53000.0,0.9970881472229561,0.9790380699160436,0.9995,0.9873991681434855,0.8572428971588636,48.01960784313726,0.9900970033271517,0.999897917517354,0.937203791469201,53000.0,1064392.0,5.0,59596.2,4365.438660661721,203390.4,61894.64685091918,27.8,11.7983049630021,15.2,7.155417527999327,15.2,7.155417527999327,5.4,0.8944271909999159,0.0,0.0,0.0,0.0,1.0,0.0
54000.0,3.642620059,7.17294337828242E-7,54000.0,0.9970147692743984,0.9824518769670538,0.9996,0.989894891716187,0.8572428971588636,48.26108374384236,0.9925326751639475,0.9998979279371236,0.9488151658767829,54000.0,1121128.0,5.0,60349.4,4471.09911543012,214728.0,65159.32154342923,27.8,11.7983049630021,15.2,7.155417527999327,15.2,7.155417527999327,5.4,0.8944271909999159,0.0,0.0,0.0,0.0,1.0,0.0
55000.0,3.729579544,7.425157725344122E-7,55000.0,0.9970389045404973,0.9825834925066762,0.9995,0.9873991554409957,0.8572428971588636,48.26108374384236,0.9924820137712103,0.9997958558742472,0.934834123222756,55000.0,1121128.0,5.0,60726.4,4307.791116105795,214728.0,65159.32154342923,27.8,11.7983049630021,15.2,7.155417527999327,15.2,7.155417527999327,5.4,0.8944271909999159,0.0,0.0,0.0,0.0,1.0,0.0
56000.0,3.821687984,7.692305927216199E-7,56000.0,0.99712564065304,0.9827208578915617,0.9996,0.989894891716187,0.8572428971588636,48.26108374384236,0.9925326751639475,0.9998979279371236,0.9469194312796269,56000.0,1121128.0,5.0,61099.2,4149.360396494862,214728.0,65159.32154342923,27.8,11.7983049630021,15.2,7.155417527999327,15.2,7.155417527999327,5.4,0.8944271909999159,0.0,0.0,0.0,0.0,1.0,0.0
57000.0,3.929166887,8.013881472175009E-7,57000.0,0.9969082232257022,0.9609088143188318,0.9991,0.9778538511660683,0.8572428971588636,46.39336492890995,0.9808093727987154,0.9998978445193585,0.8809744779582342,57000.0,1156544.0,5.0,63829.0,5499.05369131817,221803.2,62576.68028267399,29.0,11.575836902790225,15.8,7.12039324756716,15.8,7.12039324756716,5.6,0.5477225575051662,0.0,0.0,0.0,0.0,1.0,0.0
58000.0,4.042407332,8.352695479350474E-7,58000.0,0.996491370766781,0.9608876976827282,0.9991,0.9778538511660683,0.8572428971588636,46.39336492890995,0.9808093727987154,0.9998978445193585,0.8788863109048707,58000.0,1156544.0,5.0,64186.4,5376.117632641607,221803.2,62576.68028267399,29.0,11.575836902790225,15.8,7.12039324756716,15.8,7.12039324756716,5.6,0.5477225575051662,0.0,0.0,0.0,0.0,1.0,0.0
59000.0,4.127489935,8.607261572439823E-7,59000.0,0.9963727542134294,0.9608876372306723,0.9991,0.9778538511660683,0.8572428971588636,46.39336492890995,0.9808093727987154,0.9998978445193585,0.8767981438515071,59000.0,1156544.0,5.0,64560.2,5259.63807690225,221803.2,62576.68028267399,29.0,11.575836902790225,15.8,7.12039324756716,15.8,7.12039324756716,5.6,0.5477225575051662,0.0,0.0,0.0,0.0,1.0,0.0
60000.0,4.202697392,8.832281351156222E-7,60000.0,0.9991758371984035,0.972251119356822,0.9993,0.9826935210476444,0.8572428971588636,46.84688995215311,0.9854910773362957,0.9998978653865795,0.9025522041763292,60000.0,1156544.0,5.0,64922.6,5193.714403006773,221803.2,62576.68028267399,29.0,11.575836902790225,15.8,7.12039324756716,15.8,7.12039324756716,5.6,0.5477225575051662,0.0,0.0,0.0,0.0,1.0,0.0
61000.0,4.278711864,9.060798070249809E-7,61000.0,0.9990269468359356,0.9691791878609777,0.9992,0.9802679610884187,0.9991758371984035,46.61904761904762,0.9831418648677143,0.9998978549540347,0.8870370370370332,61000.0,1162048.0,5.0,65683.4,5414.174849411495,222904.0,62699.57499058506,29.0,11.575836902790225,15.8,7.12039324756716,15.8,7.12039324756716,5.6,0.5477225575051662,0.0,0.0,0.0,0.0,1.0,0.0
62000.0,4.35215466,9.281583748837166E-7,62000.0,0.9985149004983334,0.9588653660392839,0.9992,0.97361987425913,0.9991758371984035,62.69426751592356,0.9774031652352817,0.9998984049578381,0.8851851851851821,62000.0,1162048.0,5.0,66059.0,5413.602866853091,222904.0,62699.57499058506,29.0,11.575836902790225,15.8,7.12039324756716,15.8,7.12039324756716,5.6,0.5477225575051662,0.0,0.0,0.0,0.0,1.0,0.0
63000.0,4.426538549,9.499009964172976E-7,63000.0,0.9814526050756773,0.3468425975762005,0.9989,0.42062572421784167,0.9991758371984035,713.2857142857143,0.5344957195615656,0.9998998598037252,0.8410550458715602,63000.0,1129888.0,5.0,70698.8,4411.566807835964,216491.2,56006.612352471384,32.2,14.93987951758648,18.2,10.497618777608569,18.2,10.497618777608569,5.6,0.5477225575051662,0.0,0.0,0.0,0.0,1.0,0.0
64000.0,4.51391163,9.775978523992911E-7,64000.0,0.9768747675316872,0.34653437323241054,0.9989,0.42062572421784167,0.9991758371984035,713.2857142857143,0.5344957195615656,0.9998998598037252,0.8385321100917446,64000.0,1225336.0,5.0,72137.2,4718.609191276599,235563.2,75584.08691781624,32.6,15.646085772486357,18.4,10.89954127475097,18.4,10.89954127475097,5.6,0.5477225575051662,0.0,0.0,0.0,0.0,1.0,0.0
65000.0,4.59761395,1.0053599936963864E-6,65000.0,0.9755014162684902,0.3464938263178765,0.999,0.4440985502089678,0.9991758371984035,713.2857142857143,0.5345224838248488,1.0,0.8509174311926603,65000.0,1282088.0,5.0,72701.2,4568.929601121034,246904.0,77177.97012101316,32.6,15.646085772486357,18.4,10.89954127475097,18.4,10.89954127475097,5.6,0.5477225575051662,0.0,0.0,0.0,0.0,1.0,0.0
66000.0,4.680543996,1.0329840725646622E-6,66000.0,0.9731338159137077,0.34646086567221424,0.999,0.4440985502089678,0.9991758371984035,713.2857142857143,0.5345224838248488,1.0,0.8486238532110093,66000.0,1287592.0,5.0,73132.0,4333.765971992489,248004.8,77567.96588283079,32.6,15.646085772486357,18.4,10.89954127475097,18.4,10.89954127475097,5.6,0.5477225575051662,0.0,0.0,0.0,0.0,1.0,0.0
67000.0,4.819345894,1.0792191195995856E-6,67000.0,0.9901950975487744,0.3171264795694019,0.9996,0.3332222037005519,0.9991758371984035,1999.0,0.4472135954999579,1.0,0.9385321100917503,67000.0,1287592.0,5.0,73510.8,4094.6811475376194,248004.8,77567.96588283079,32.6,15.646085772486357,18.4,10.89954127475097,18.4,10.89954127475097,5.6,0.5477225575051662,0.0,0.0,0.0,0.0,1.0,0.0
68000.0,4.973270959,1.1319966055086191E-6,68000.0,0.9919159579789895,0.31714509777572253,0.9995,0.2855101457560377,0.9991758371984035,1999.0,0.4471912230746457,0.9998999499749875,0.9220183486238617,68000.0,1325384.0,5.0,73883.8,3882.4644492899097,255556.8,85081.36615734377,32.6,15.646085772486357,18.4,10.89954127475097,18.4,10.89954127475097,5.6,0.5477225575051662,0.0,0.0,0.0,0.0,1.0,0.0
69000.0,5.135768789,1.189555116181893E-6,69000.0,0.9822876013209246,0.29270281144657484,0.9993,0.22198017160885303,0.9991758371984035,1427.5714285714287,0.3779455610744122,0.9998999299509657,0.8897260273972545,69000.0,1369192.0,5.0,75151.2,4349.025086154365,264307.2,86301.99619475786,33.8,16.34625339336204,19.0,11.224972160321824,19.0,11.224972160321824,6.0,0.7071067811865476,0.0,0.0,0.0,0.0,1.0,0.0
70000.0,5.24347289,1.2277050880736029E-6,70000.0,0.9836742862861145,0.2927154500301552,0.9993,0.22198017160885303,0.9991758371984035,1427.5714285714287,0.3779455610744122,0.9998999299509657,0.888127853881273,70000.0,1369192.0,5.0,75519.8,4189.096048075289,264307.2,86301.99619475786,33.8,16.34625339336204,19.0,11.224972160321824,19.0,11.224972160321824,6.0,0.7071067811865476,0.0,0.0,0.0,0.0,1.0,0.0
71000.0,5.349406901,1.2662464521012744E-6,71000.0,0.9859330102500322,0.3005332955243927,0.9993,0.22198017160885303,0.9836742862861145,1427.5714285714287,0.3779455610744122,0.9998999299509657,0.8867881548974891,71000.0,1406352.0,5.0,76484.8,4471.986046489858,271732.8,87626.66125786147,33.8,16.34625339336204,19.0,11.224972160321824,19.0,11.224972160321824,6.0,0.7071067811865476,0.0,0.0,0.0,0.0,1.0,0.0
72000.0,5.446108845,1.302443850169368E-6,72000.0,0.9861903332332633,0.3004334228967921,0.9993,0.22198017160885303,0.9836742862861145,1427.5714285714287,0.3779455610744122,0.9998999299509657,0.8851936218678755,72000.0,1446920.0,5.0,77134.6,4586.552877706743,279840.0,90526.75096345831,33.8,16.34625339336204,19.0,11.224972160321824,19.0,11.224972160321824,6.0,0.7071067811865476,0.0,0.0,0.0,0.0,1.0,0.0
73000.0,5.546639318,1.340074340298447E-6,73000.0,0.9848954686405922,0.292052872027709,0.9996,-1.5002250357418483E-4,0.9836742862861145,3332.3333333333335,0.0,0.9998999699909973,0.9334851936218754,73000.0,1446920.0,5.0,77501.4,4513.442012477837,279840.0,90526.75096345831,33.8,16.34625339336204,19.0,11.224972160321824,19.0,11.224972160321824,6.0,0.7071067811865476,0.0,0.0,0.0,0.0,1.0,0.0
74000.0,5.641981438,1.3757627300819652E-6,74000.0,0.9893968190457137,0.2923668886998677,0.9996,-1.5002250357418483E-4,0.9836742862861145,3332.3333333333335,0.0,0.9998999699909973,0.9325740318906685,74000.0,1446920.0,5.0,77882.4,4471.685454054209,279840.0,90526.75096345831,33.8,16.34625339336204,19.0,11.224972160321824,19.0,11.224972160321824,6.0,0.7071067811865476,0.0,0.0,0.0,0.0,1.0,0.0
75000.0,5.736777914,1.4112468748187502E-6,75000.0,0.9901303724450669,0.29244063066538506,0.9996,-1.5002250357418483E-4,0.9836742862861145,3332.3333333333335,0.0,0.9998999699909973,0.9316628701594614,75000.0,1446920.0,5.0,78317.6,4487.079428759871,279840.0,90526.75096345831,33.8,16.34625339336204,19.0,11.224972160321824,19.0,11.224972160321824,6.0,0.7071067811865476,0.0,0.0,0.0,0.0,1.0,0.0
76000.0,5.837371191,1.4489008736933023E-6,76000.0,0.9870294421659831,0.29239296868573095,0.9996,-1.5002250357418483E-4,0.9836742862861145,3332.3333333333335,0.0,0.9998999699909973,0.9307517084282536,76000.0,1446920.0,5.0,78898.6,4568.868163998608,279840.0,90526.75096345831,33.8,16.34625339336204,19.0,11.224972160321824,19.0,11.224972160321824,6.0,0.7071067811865476,0.0,0.0,0.0,0.0,1.0,0.0
77000.0,6.005853843,1.5111941201117388E-6,77000.0,0.9998063435255686,0.9860884451177413,0.9995,0.9873991681434855,0.9836742862861145,48.01960784313726,0.9900970033271517,0.999897917517354,0.9398437500000063,77000.0,1429184.0,5.0,81016.6,4499.770583040874,276292.8,89991.00943538749,34.6,16.272676485446393,19.4,11.126544836560898,19.4,11.126544836560898,6.0,0.7071067811865476,0.0,0.0,0.0,0.0,1.0,0.0
78000.0,6.155163784,1.5686321662519543E-6,78000.0,0.9994825632789253,0.9808999054085032,0.9994,0.9849154890272742,0.9836742862861145,47.78048780487805,0.987679175270928,0.9998979070954569,0.9269890795631767,78000.0,1487008.0,5.0,82477.6,5083.2793844131775,287844.8,93065.61961970704,35.4,16.395121225535355,19.8,11.099549540409285,19.8,11.099549540409285,6.0,0.7071067811865476,0.0,0.0,0.0,0.0,1.0,0.0
79000.0,6.252834964,1.6067201484171468E-6,79000.0,0.9997840528969177,0.9860503518204392,0.9996,0.9915305807438446,0.9836742862861145,40.1522633744856,0.9937570607462795,0.999897509480373,0.9535976505139551,79000.0,1507384.0,5.0,83623.2,5852.141975379613,291916.8,93943.86316944817,35.4,16.395121225535355,19.8,11.099549540409285,19.8,11.099549540409285,6.0,0.7071067811865476,0.0,0.0,0.0,0.0,1.0,0.0
80000.0,6.357630983,1.6476008567003555E-6,80000.0,0.9997656924084577,0.9718833608767606,0.9994,0.9928834453044136,0.9836742862861145,21.573363431151243,0.9942886220431414,0.9998953646541802,0.9455164585698028,80000.0,1507912.0,5.0,89023.8,11264.674216327787,292019.2,95140.35990682397,36.2,15.786069808536892,20.2,10.80277742064512,20.2,10.80277742064512,6.2,0.44721359549995804,0.0,0.0,0.0,0.0,1.0,0.0
81000.0,6.454528589,1.6858744867389175E-6,81000.0,0.9997675539383748,0.9732048487753046,0.9995,0.9940631143192464,0.9997656924084577,21.624434389140273,0.9954127529186418,0.9998953756015903,0.9540295119182797,81000.0,1526824.0,5.0,89617.2,11558.935924210324,295798.4,86904.74148629636,36.2,15.786069808536892,20.2,10.80277742064512,20.2,10.80277742064512,6.2,0.44721359549995804,0.0,0.0,0.0,0.0,1.0,0.0
82000.0,6.561331591,1.7280606537073334E-6,82000.0,0.9997928815642342,0.9733834067482637,0.9995,0.9940631143192464,0.9997656924084577,21.624434389140273,0.9954127529186418,0.9998953756015903,0.9534619750283818,82000.0,1526824.0,5.0,89981.4,11572.788981053789,295798.4,86904.74148629636,36.2,15.786069808536892,20.2,10.80277742064512,20.2,10.80277742064512,6.2,0.44721359549995804,0.0,0.0,0.0,0.0,1.0,0.0
83000.0,6.698408106,1.7822045695238437E-6,83000.0,0.9997528781177834,0.9732295099953426,0.9995,0.9940631143192464,0.9997656924084577,21.624434389140273,0.9954127529186418,0.9998953756015903,0.9528944381384842,83000.0,1526824.0,5.0,90352.0,11577.188583589714,295798.4,86904.74148629636,36.2,15.786069808536892,20.2,10.80277742064512,20.2,10.80277742064512,6.2,0.44721359549995804,0.0,0.0,0.0,0.0,1.0,0.0
84000.0,6.855550658,1.8442743785402138E-6,84000.0,0.99974885410246,0.9731715629474963,0.9995,0.9940631143192464,0.9997656924084577,21.624434389140273,0.9954127529186418,0.9998953756015903,0.9523269012485864,84000.0,1526824.0,5.0,90718.6,11629.7560292553,295798.4,86904.74148629636,36.2,15.786069808536892,20.2,10.80277742064512,20.2,10.80277742064512,6.2,0.44721359549995804,0.0,0.0,0.0,0.0,1.0,0.0
85000.0,6.964273939,1.8872190373955894E-6,85000.0,0.9997457769142715,0.9731514067096855,0.9995,0.9940631143192464,0.9997656924084577,21.624434389140273,0.9954127529186418,0.9998953756015903,0.9517593643586887,85000.0,1526824.0,5.0,91221.6,11848.959123062246,295798.4,86904.74148629636,36.2,15.786069808536892,20.2,10.80277742064512,20.2,10.80277742064512,6.2,0.44721359549995804,0.0,0.0,0.0,0.0,1.0,0.0
86000.0,7.066156308,1.927942986278242E-6,86000.0,0.9997515205783241,0.9727685457615535,0.9995,0.9940759416883099,0.9997656924084577,21.573363431151243,0.9954230076055081,0.9998953646541802,0.9512471655328854,86000.0,1545088.0,5.0,91576.8,11910.733361132723,299448.0,87597.25822193295,36.2,15.786069808536892,20.2,10.80277742064512,20.2,10.80277742064512,6.2,0.44721359549995804,0.0,0.0,0.0,0.0,1.0,0.0
87000.0,7.162880721,1.966606221773798E-6,87000.0,0.9995905034055549,0.9534854574656089,0.9996,0.9914963093982798,0.9997656924084577,40.32231404958678,0.9937314004207343,0.9998975199836032,0.9605442176870793,87000.0,1545128.0,5.0,91943.0,11989.339181122536,299456.0,87579.58922032005,36.2,15.786069808536892,20.2,10.80277742064512,20.2,10.80277742064512,6.2,0.44721359549995804,0.0,0.0,0.0,0.0,1.0,0.0
88000.0,7.260718513,2.0057841585552443E-6,88000.0,0.9998703186631852,0.9578163625739151,0.9998,0.995730876139483,0.9997656924084577,40.49377593360996,0.9958419778324662,1.0,0.980045351473925,88000.0,1547880.0,5.0,92443.4,12242.631204116211,300006.4,88050.89553661563,36.2,15.786069808536892,20.2,10.80277742064512,20.2,10.80277742064512,6.2,0.44721359549995804,0.0,0.0,0.0,0.0,1.0,0.0
89000.0,7.359384572,2.0452937646385095E-6,89000.0,0.999836514945428,0.9545909377447692,0.9998,0.9948979617867547,0.9997656924084577,48.75124378109453,0.995012437733208,1.0,0.9798185941043105,89000.0,1547880.0,5.0,92925.4,12487.396658231048,300006.4,88050.89553661563,36.2,15.786069808536892,20.2,10.80277742064512,20.2,10.80277742064512,6.2,0.44721359549995804,0.0,0.0,0.0,0.0,1.0,0.0
90000.0,7.507145363,2.105868237503953E-6,90000.0,1.0,0.9926312684699826,1.0,1.0,0.9997656924084577,174.43859649122808,1.0,1.0,1.0,90000.0,1584648.0,5.0,93442.0,12585.312252781017,307352.0,91621.46351155934,36.6,15.773395322504285,20.4,10.761040841851685,20.4,10.761040841851685,6.2,0.44721359549995804,0.0,0.0,0.0,0.0,1.0,0.0
91000.0,7.694559414,2.1860629593602216E-6,91000.0,1.0,0.9970701774393282,0.9999,0.9974798310881992,1.0,48.504950495049506,0.9999489678752442,0.9998979383547663,0.9915974145891053,91000.0,1654040.0,5.0,94460.0,12798.607014046489,321212.8,90216.83826869572,37.8,15.006665185843255,21.0,10.36822067666386,21.0,10.36822067666386,6.4,0.5477225575051661,0.0,0.0,0.0,0.0,1.0,0.0
92000.0,7.792830935,2.228252588166433E-6,92000.0,1.0,0.9970574323411296,0.9999,0.9974798310881992,1.0,48.504950495049506,0.9999489678752442,0.9998979383547663,0.9915050784856889,92000.0,1659512.0,5.0,94849.0,12920.047813379022,322307.2,89269.68625014876,37.8,15.006665185843255,21.0,10.36822067666386,21.0,10.36822067666386,6.4,0.5477225575051661,0.0,0.0,0.0,0.0,1.0,0.0
93000.0,7.936936033,2.290119348056134E-6,93000.0,1.0,0.9971668980219339,0.9999,0.9974798310881992,1.0,48.504950495049506,0.9999489678752442,0.9998979383547663,0.9914127423822724,93000.0,1659512.0,5.0,95224.8,13050.737113282146,322307.2,89269.68625014876,37.8,15.006665185843255,21.0,10.36822067666386,21.0,10.36822067666386,6.4,0.5477225575051661,0.0,0.0,0.0,0.0,1.0,0.0
94000.0,8.103996542,2.3625811584655586E-6,94000.0,1.0,0.997174587477883,0.9999,0.9974798310881992,1.0,48.504950495049506,0.9999489678752442,0.9998979383547663,0.991320406278856,94000.0,1676632.0,5.0,95753.6,13345.61035696757,325726.4,81685.22028372085,38.2,14.25482374496437,21.2,10.059821071967434,21.2,10.059821071967434,6.4,0.5477225575051661,0.0,0.0,0.0,0.0,1.0,0.0
95000.0,8.340478552,2.4698375633709937E-6,95000.0,0.9981039990494387,0.9466714874934533,0.9995,0.9914503549470649,1.0,32.11258278145695,0.9949181100476011,0.9997937719117344,0.9598478444632336,95000.0,1753184.0,5.0,112891.6,17018.575110742968,341059.2,80021.63479459788,48.0,21.656407827707714,28.6,17.008821240756223,28.6,17.008821240756223,7.4,0.5477225575051662,0.0,0.0,0.0,0.0,1.0,0.0
96000.0,8.507933361,2.5475430779980763E-6,96000.0,0.9981088573367327,0.9472193259545898,0.9995,0.9914227879370099,1.0,32.222591362126245,0.9949015383360534,0.9997937931745541,0.9594251901944253,96000.0,1793728.0,5.0,113250.2,16906.10714209513,349161.6,82664.31615152938,48.0,21.656407827707714,28.6,17.008821240756223,28.6,17.008821240756223,7.4,0.5477225575051662,0.0,0.0,0.0,0.0,1.0,0.0
96554.0,8.645168371,2.611226287953748E-6,96554.0,0.998110912554262,0.9472368930531145,0.9995,0.9914227879370099,1.0,32.222591362126245,0.9949015383360534,0.9997937931745541,0.9591910397295057,96554.0,1793752.0,5.0,113534.4,16953.703439071945,349166.4,82653.64348170019,48.0,21.656407827707714,28.6,17.008821240756223,28.6,17.008821240756223,7.4,0.5477225575051662,0.0,0.0,0.0,0.0,1.0,0.0
