learning evaluation instances,evaluation time (cpu seconds),model cost (RAM-Hours),classified instances,AUC,sAUC,Accuracy,Kappa,Periodical holdout AUC,Pos/Neg ratio,G-Mean,Recall,KappaM,model training instances,model serialized size (bytes),ensemble size,[avg] model training instances,[err] model training instances,[avg] model serialized size (bytes),[err] model serialized size (bytes),[avg] tree size (nodes),[err] tree size (nodes),[avg] tree size (leaves),[err] tree size (leaves),[avg] active learning leaves,[err] active learning leaves,[avg] tree depth,[err] tree depth,[avg] active leaf byte size estimate,[err] active leaf byte size estimate,[avg] inactive leaf byte size estimate,[err] inactive leaf byte size estimate,[avg] byte size estimate overhead,[err] byte size estimate overhead
1000.0,0.090343362,6.107916861884296E-9,1000.0,1.0,1.0,0.0,0.0,0.0,1.7976931348623157E308,?,0.0,-Infinity,1000.0,261336.0,10.0,552.5,159.21979915966622,19176.0,0.0,1.0,0.0,1.0,0.0,1.0,0.0,0.0,0.0,0.0,0.0,0.0,0.0,1.0,0.0
2000.0,0.137373274,9.287506221396228E-9,2000.0,1.0,1.0,0.0,0.0,0.0,1.7976931348623157E308,?,0.0,-Infinity,2000.0,261336.0,10.0,1091.0,301.465678901522,19176.0,0.0,1.0,0.0,1.0,0.0,1.0,0.0,0.0,0.0,0.0,0.0,0.0,0.0,1.0,0.0
3000.0,0.19269096,1.302741383165121E-8,3000.0,1.0,1.0,0.0,0.0,0.0,1.7976931348623157E308,?,0.0,-Infinity,3000.0,261336.0,10.0,1637.5,452.9476913630437,19176.0,0.0,1.0,0.0,1.0,0.0,1.0,0.0,0.0,0.0,0.0,0.0,0.0,0.0,1.0,0.0
4000.0,0.253352373,1.7128599122148006E-8,4000.0,1.0,1.0,0.0,0.0,0.0,1.7976931348623157E308,?,0.0,-Infinity,4000.0,261336.0,10.0,2186.0,629.9834212986174,19176.0,0.0,1.0,0.0,1.0,0.0,1.0,0.0,0.0,0.0,0.0,0.0,0.0,0.0,1.0,0.0
5000.0,0.311348722,2.104960527182867E-8,5000.0,1.0,1.0,0.0,0.0,0.0,1.7976931348623157E308,?,0.0,-Infinity,5000.0,261336.0,10.0,2735.7,793.0744745748801,19176.0,0.0,1.0,0.0,1.0,0.0,1.0,0.0,0.0,0.0,0.0,0.0,0.0,0.0,1.0,0.0
6000.0,0.367507444,2.484637348425885E-8,6000.0,1.0,1.0,0.0,0.0,0.0,1.7976931348623157E308,?,0.0,-Infinity,6000.0,261336.0,10.0,3281.4,960.8811002870692,19176.0,0.0,1.0,0.0,1.0,0.0,1.0,0.0,0.0,0.0,0.0,0.0,0.0,0.0,1.0,0.0
7000.0,0.42596207,2.8798362738328677E-8,7000.0,1.0,1.0,0.0,0.0,0.0,1.7976931348623157E308,?,0.0,-Infinity,7000.0,261336.0,10.0,3833.9,1091.0150676217895,19176.0,0.0,1.0,0.0,1.0,0.0,1.0,0.0,0.0,0.0,0.0,0.0,0.0,0.0,1.0,0.0
8000.0,0.484135561,3.273134507070606E-8,8000.0,1.0,1.0,0.0,0.0,0.0,1.7976931348623157E308,?,0.0,-Infinity,8000.0,261336.0,10.0,4375.9,1261.5567499456113,19176.0,0.0,1.0,0.0,1.0,0.0,1.0,0.0,0.0,0.0,0.0,0.0,0.0,0.0,1.0,0.0
9000.0,0.545241148,3.6862559992646175E-8,9000.0,1.0,1.0,0.0,0.0,0.0,1.7976931348623157E308,?,0.0,-Infinity,9000.0,261336.0,10.0,4926.700000000001,1411.7178699883505,19176.0,0.0,1.0,0.0,1.0,0.0,1.0,0.0,0.0,0.0,0.0,0.0,0.0,0.0,1.0,0.0
10000.0,0.606909096,4.10317949102819E-8,10000.0,1.0,1.0,0.0,0.0,0.0,1.7976931348623157E308,?,0.0,-Infinity,10000.0,261336.0,10.0,5486.599999999999,1565.2584593109355,19176.0,0.0,1.0,0.0,1.0,0.0,1.0,0.0,0.0,0.0,0.0,0.0,0.0,0.0,1.0,0.0
11000.0,0.670776539,4.534973286819334E-8,11000.0,1.0,1.0,0.0,0.0,1.0,1.7976931348623157E308,?,0.0,-Infinity,11000.0,261336.0,10.0,6022.200000000001,1719.5982605765155,19176.0,0.0,1.0,0.0,1.0,0.0,1.0,0.0,0.0,0.0,0.0,0.0,0.0,0.0,1.0,0.0
12000.0,0.728783571,4.92714612721093E-8,12000.0,1.0,1.0,0.0,0.0,1.0,1.7976931348623157E308,?,0.0,-Infinity,12000.0,261336.0,10.0,6581.300000000001,1885.084970086082,19176.0,0.0,1.0,0.0,1.0,0.0,1.0,0.0,0.0,0.0,0.0,0.0,0.0,0.0,1.0,0.0
13000.0,0.784187665,5.3017210738019395E-8,13000.0,1.0,1.0,0.0,0.0,1.0,1.7976931348623157E308,?,0.0,-Infinity,13000.0,261336.0,10.0,7141.299999999999,2040.6141259706874,19176.0,0.0,1.0,0.0,1.0,0.0,1.0,0.0,0.0,0.0,0.0,0.0,0.0,0.0,1.0,0.0
14000.0,0.872820701,5.906397652969385E-8,14000.0,0.5203020302030203,0.0406040604060406,0.0407,8.464433721253552E-6,1.0,9999.0,0.20150449227260567,0.0406040604060406,-13429.199999992534,14000.0,263712.0,10.0,10958.5,3318.315310515263,19406.399999999994,80.95430810031107,2.8,0.6324555320336759,1.9,0.31622776601683794,1.9,0.31622776601683794,0.8999999999999999,0.31622776601683794,0.0,0.0,0.0,0.0,1.0,0.0
15000.0,1.200515067,1.2215471440955376E-7,15000.0,0.18562279309802576,0.03707925442976459,0.1397,-9.354319275482366E-4,1.0,1427.5714285714287,0.1997124492885294,0.13959771840288202,-1842.5000000002033,15000.0,744216.0,10.0,24788.6,6575.199620121388,67391.20000000001,16739.36845217817,9.4,3.3730961708462712,5.3,1.888562063228706,5.3,1.888562063228706,3.3000000000000003,0.9486832980505138,0.0,0.0,0.0,0.0,1.0,0.0
16000.0,1.423296873,1.8777703443727768E-7,16000.0,0.25042559583416785,0.11366131779234298,0.2397,-4.34175010372801E-4,1.0,713.2857142857143,0.39208354597473166,0.23913478870418586,-867.9142857143263,16000.0,1138608.0,10.0,30224.2,10477.054980607225,106792.0,29140.509017135886,10.6,3.7475918193480524,5.9,2.024845673131659,5.9,2.024845673131659,3.4000000000000004,1.0749676997731399,0.0,0.0,0.0,0.0,1.0,0.0
17000.0,1.539600832,2.2203537785868474E-7,17000.0,0.34184644216188376,0.16129216151508405,0.3397,-7.566830287509798E-5,1.0,713.2857142857143,0.4670175023342071,0.3392749849789706,-800.7928571428946,17000.0,1138608.0,10.0,30390.8,10344.923970506286,106792.0,29140.509017135886,10.6,3.7475918193480524,5.9,2.024845673131659,5.9,2.024845673131659,3.4000000000000004,1.0749676997731399,0.0,0.0,0.0,0.0,1.0,0.0
18000.0,1.680996006,2.646095676270397E-7,18000.0,0.4336213556121427,0.2087803953361909,0.4397,4.103972732664451E-4,1.0,713.2857142857143,0.5314895934530071,0.4394151812537553,-719.385714285725,18000.0,1163896.0,10.0,32556.5,11812.351560501782,109318.4,31505.79167638159,10.8,4.049691346263318,6.0,2.211083193570267,6.0,2.211083193570267,3.4000000000000004,1.0749676997731399,0.0,0.0,0.0,0.0,1.0,0.0
19000.0,1.801326414,3.008411410263947E-7,19000.0,0.5253640811421705,0.25631083184143366,0.5397,0.0011068335229846087,1.0,713.2857142857143,0.5889456922426756,0.53955537752854,-623.6928571428665,19000.0,1163896.0,10.0,32726.7,11679.202104120335,109318.4,31505.79167638159,10.8,4.049691346263318,6.0,2.211083193570267,6.0,2.211083193570267,3.4000000000000004,1.0749676997731399,0.0,0.0,0.0,0.0,1.0,0.0
20000.0,1.913400669,3.345867807503997E-7,20000.0,0.616956596377786,0.30389117038101376,0.6397,0.0021879307443651652,1.0,713.2857142857143,0.6412744099631341,0.6396955738033246,-513.7142857142607,20000.0,1163896.0,10.0,32899.1,11553.814766368532,109318.4,31505.79167638159,10.8,4.049691346263318,6.0,2.211083193570267,6.0,2.211083193570267,3.4000000000000004,1.0749676997731399,0.0,0.0,0.0,0.0,1.0,0.0
21000.0,2.046421858,3.746395575424719E-7,21000.0,0.7090963062573317,0.3512950034763679,0.7397,0.004093965781235313,0.616956596377786,713.2857142857143,0.6896439003833263,0.7398357700781093,-389.44999999997793,21000.0,1163896.0,10.0,33070.399999999994,11430.298977328246,109318.4,31505.79167638159,10.8,4.049691346263318,6.0,2.211083193570267,6.0,2.211083193570267,3.4000000000000004,1.0749676997731399,0.0,0.0,0.0,0.0,1.0,0.0
22000.0,2.161685722,4.093455908570874E-7,22000.0,0.8007853852536408,0.39884580551701937,0.8397,0.00835162181215564,0.616956596377786,713.2857142857143,0.7348364102290312,0.8399759663528941,-250.8999999999918,22000.0,1163896.0,10.0,33240.7,11322.096920525712,109318.4,31505.79167638159,10.8,4.049691346263318,6.0,2.211083193570267,6.0,2.211083193570267,3.4000000000000004,1.0749676997731399,0.0,0.0,0.0,0.0,1.0,0.0
23000.0,2.254738866,4.3736396021952443E-7,23000.0,0.8919165402992761,0.4465796000433755,0.9397,0.026320667643681333,0.616956596377786,713.2857142857143,0.7774061938656334,0.9401161626276787,-98.06428571428488,23000.0,1163896.0,10.0,33415.4,11219.797474900239,109318.4,31505.79167638159,10.8,4.049691346263318,6.0,2.211083193570267,6.0,2.211083193570267,3.4000000000000004,1.0749676997731399,0.0,0.0,0.0,0.0,1.0,0.0
24000.0,2.33773594,4.6235443958831956E-7,24000.0,0.9408808373963075,0.43496250386893887,0.999,0.6148839645384895,0.616956596377786,768.2307692307693,0.784268144550221,0.9994993491539,-0.7142857142855783,24000.0,1163896.0,10.0,33584.5,11130.628466333586,109318.4,31505.79167638159,10.8,4.049691346263318,6.0,2.211083193570267,6.0,2.211083193570267,3.4000000000000004,1.0749676997731399,0.0,0.0,0.0,0.0,1.0,0.0
25000.0,2.461639892,4.99927673577896E-7,25000.0,0.9268727481985588,0.5451564232891044,0.9999,0.9332835183603823,0.616956596377786,1249.0,0.9354143466934853,1.0,0.8333333333333641,25000.0,1172184.0,10.0,35785.9,12036.522397824601,110141.59999999999,31436.649422820705,12.2,4.3410188256265885,6.7,2.359378449224852,6.7,2.359378449224852,3.5,0.8498365855987974,0.0,0.0,0.0,0.0,1.0,0.0
26000.0,2.603706699,5.437037682716052E-7,26000.0,0.4345934593459346,-0.4345934593459346,0.9999,0.0,0.616956596377786,9999.0,0.0,1.0,0.8266666666666718,26000.0,1191096.0,10.0,36299.5,12273.655909666399,112031.2,27065.23567974238,12.2,4.3410188256265885,6.7,2.359378449224852,6.7,2.359378449224852,3.5,0.8498365855987974,0.0,0.0,0.0,0.0,1.0,0.0
27000.0,2.744678115,5.843315619749328E-7,27000.0,0.7653129272114968,-0.10226748842419309,0.9997,0.0,0.616956596377786,3332.3333333333335,0.0,1.0,0.5235294117647712,27000.0,1114024.0,10.0,38676.2,14219.295261486532,104328.0,32566.985436856823,13.299999999999999,4.522781838156198,7.3,2.5407785333546005,7.3,2.5407785333546005,3.5999999999999996,0.9660917830792958,0.0,0.0,0.0,0.0,1.0,0.0
28000.0,2.890326052,6.263071234444384E-7,28000.0,0.7182488079757261,-0.08777736507496214,0.9997,0.0,0.616956596377786,3332.3333333333335,0.0,1.0,0.5058823529411893,28000.0,1114024.0,10.0,38978.5,14101.777116141544,104328.0,32566.985436856823,13.299999999999999,4.522781838156198,7.3,2.5407785333546005,7.3,2.5407785333546005,3.5999999999999996,0.9660917830792958,0.0,0.0,0.0,0.0,1.0,0.0
29000.0,3.086134854,6.867497160170663E-7,29000.0,0.7233893557422969,-0.05364377956452693,0.9995,-1.600256040124292E-4,0.616956596377786,2499.0,0.0,0.9998999599839936,0.19444444444447426,29000.0,1193200.0,10.0,42014.3,15532.780569921579,112235.20000000001,39356.458052014794,14.299999999999999,4.808557187163549,7.800000000000002,2.699794230842212,7.800000000000002,2.699794230842212,3.7999999999999994,0.9189365834726815,0.0,0.0,0.0,0.0,1.0,0.0
30000.0,3.274150022,7.503069631218436E-7,30000.0,0.7104341736694678,-0.042980208022730504,0.9994,-2.6673779679047834E-4,0.616956596377786,2499.0,0.0,0.9997999199679872,0.0,30000.0,1306696.0,10.0,42325.0,15377.209904415184,123575.2,46871.11822576173,14.299999999999999,4.808557187163549,7.800000000000002,2.699794230842212,7.800000000000002,2.699794230842212,3.7999999999999994,0.9189365834726815,0.0,0.0,0.0,0.0,1.0,0.0
31000.0,3.429711372,8.027324427416073E-7,31000.0,0.6951905762304922,-0.03169280406478414,0.9994,-2.6673779679047834E-4,0.7104341736694678,2499.0,0.0,0.9997999199679872,-0.033333333333441684,31000.0,1302696.0,10.0,42954.299999999996,15276.070793891995,123175.20000000001,49778.08738078321,14.7,4.854551129266914,8.000000000000002,2.7080128015453204,8.000000000000002,2.7080128015453204,3.8999999999999995,0.8755950357709131,0.0,0.0,0.0,0.0,1.0,0.0
32000.0,3.615753346,8.714647788611283E-7,32000.0,0.989827089594962,0.9268735249019757,0.9991,0.9658362081531503,0.7104341736694678,72.52941176470588,0.9738260061790179,0.9997972424979724,0.8079999999999956,32000.0,1428080.0,10.0,46129.9,15059.748289544697,135696.8,40246.9243346619,16.1,5.342700108039421,8.7,2.9458068127047596,8.7,2.9458068127047596,4.1,0.9944289260117533,0.0,0.0,0.0,0.0,1.0,0.0
33000.0,3.812167067,9.489678707151923E-7,33000.0,0.991643748148504,0.9479695688279046,0.9991,0.9772083119766771,0.7104341736694678,48.01960784313726,0.9825930567661699,0.999795835034708,0.8637614678899066,33000.0,1525280.0,10.0,47550.1,14947.510996446495,145408.8,40954.934834387044,16.1,5.342700108039421,8.7,2.9458068127047596,8.7,2.9458068127047596,4.1,0.9944289260117533,0.0,0.0,0.0,0.0,1.0,0.0
34000.0,4.012227119,1.0298677928928597E-6,34000.0,0.9912689453078087,0.9472217229835711,0.9991,0.9772083119766771,0.7104341736694678,48.01960784313726,0.9825930567661699,0.999795835034708,0.8596330275229336,34000.0,1563112.0,10.0,47986.399999999994,14895.397784401583,149188.8,41019.62434629443,16.1,5.342700108039421,8.7,2.9458068127047596,8.7,2.9458068127047596,4.1,0.9944289260117533,0.0,0.0,0.0,0.0,1.0,0.0
35000.0,4.18141285,1.0974788737065635E-6,35000.0,0.9953569781842335,0.9523477270649512,0.9992,0.979691338812948,0.7104341736694678,48.26108374384236,0.9850102737760995,0.9997958558742472,0.8715596330275202,35000.0,1544744.0,10.0,48287.3,14815.339528490207,147352.0,41918.130238199636,16.5,5.602578771323871,8.900000000000002,3.1073389830457114,8.900000000000002,3.1073389830457114,4.1,0.9944289260117533,0.0,0.0,0.0,0.0,1.0,0.0
36000.0,4.367137577,1.1744253749634513E-6,36000.0,0.9943634097298308,0.9511567502451999,0.9992,0.979691338812948,0.7104341736694678,48.26108374384236,0.9850102737760995,0.9997958558742472,0.8678899082568777,36000.0,1601480.0,10.0,48798.6,14761.210332790766,153020.8,45339.53027448687,16.5,5.602578771323871,8.900000000000002,3.1073389830457114,8.900000000000002,3.1073389830457114,4.1,0.9944289260117533,0.0,0.0,0.0,0.0,1.0,0.0
37000.0,4.546612778,1.2486957548278572E-6,37000.0,0.9969425248489667,0.960234217698301,0.9994,0.9846938853602615,0.7104341736694678,48.75124378109453,0.989898712883603,0.9997958975405654,0.898165137614671,37000.0,1599608.0,10.0,49023.7,14689.585464614795,152832.8,45150.548437176025,16.700000000000003,5.812821078348179,9.0,3.197221015541813,9.0,3.197221015541813,4.1,0.9944289260117533,0.0,0.0,0.0,0.0,1.0,0.0
38000.0,4.739499531,1.329459807251185E-6,38000.0,0.9969481097421353,0.9608440246149949,0.9994,0.9846938853602615,0.7104341736694678,48.75124378109453,0.989898712883603,0.9997958975405654,0.8954128440366893,38000.0,1618520.0,10.0,49269.5,14638.478694864434,154722.4,44984.99819865877,16.700000000000003,5.812821078348179,9.0,3.197221015541813,9.0,3.197221015541813,4.1,0.9944289260117533,0.0,0.0,0.0,0.0,1.0,0.0
39000.0,4.911909545,1.4040135782270073E-6,39000.0,0.9986372448979591,0.9664969990754179,0.9996,0.9897456931911415,0.7104341736694678,49.0,0.992421024462863,0.9998979591836735,0.9284403669724853,39000.0,1671512.0,10.0,49829.9,14577.840744316927,160015.2,50136.76278341073,17.1,5.97122730730924,9.2,3.2591750830880843,9.2,3.2591750830880843,4.1,0.9944289260117533,0.0,0.0,0.0,0.0,1.0,0.0
40000.0,5.041997387,1.460389646047683E-6,40000.0,0.9986418367346939,0.9669122386641463,0.9997,0.9922902960526324,0.7104341736694678,49.0,0.9924716620639604,1.0,0.9449541284403726,40000.0,1675176.0,10.0,50108.2,14556.248149086281,160380.80000000002,50641.01908049552,17.299999999999997,6.32543366980566,9.3,3.4657049948186747,9.3,3.4657049948186747,4.2,1.1352924243950935,0.0,0.0,0.0,0.0,1.0,0.0
41000.0,5.196944881,1.5278662159192005E-6,41000.0,0.9986418367346939,0.9672329213494089,0.9997,0.9922902960526324,0.9986418367346939,49.0,0.9924716620639604,1.0,0.9435779816513824,41000.0,1683336.0,10.0,50837.299999999996,15173.133559390793,161196.8,50440.63479378506,17.299999999999997,6.32543366980566,9.3,3.4657049948186747,9.3,3.4657049948186747,4.2,1.1352924243950935,0.0,0.0,0.0,0.0,1.0,0.0
42000.0,5.365963923,1.601470666709027E-6,42000.0,1.0,0.9949147003191117,1.0,1.0,0.9986418367346939,146.05882352941177,1.0,1.0,1.0,42000.0,1683336.0,10.0,51019.100000000006,15141.667818381904,161196.8,50440.63479378506,17.299999999999997,6.32543366980566,9.3,3.4657049948186747,9.3,3.4657049948186747,4.2,1.1352924243950935,0.0,0.0,0.0,0.0,1.0,0.0
43000.0,5.541385387,1.677863245685231E-6,43000.0,1.0,1.0,1.0,?,0.9986418367346939,1.7976931348623157E308,?,1.0,1.0,43000.0,1683336.0,10.0,51201.899999999994,15119.61979570474,161196.8,50440.63479378506,17.299999999999997,6.32543366980566,9.3,3.4657049948186747,9.3,3.4657049948186747,4.2,1.1352924243950935,0.0,0.0,0.0,0.0,1.0,0.0
44000.0,5.728472573,1.7567766456702952E-6,44000.0,1.0,0.17638950928023167,0.9999,0.0,0.9986418367346939,9999.0,0.0,1.0,0.9799086757990891,44000.0,1630456.0,10.0,52205.6,14709.424478506591,155920.80000000002,56942.407576622725,19.2,6.425643072011461,10.7,4.2176876234364356,10.7,4.2176876234364356,4.300000000000001,1.0593499054713804,0.0,0.0,0.0,0.0,1.0,0.0
45000.0,5.866600307,1.8143411337332283E-6,45000.0,1.0,0.1765817642467512,0.9999,0.0,0.9986418367346939,9999.0,0.0,1.0,0.9794520547945229,45000.0,1610928.0,10.0,53327.899999999994,14738.883407504112,153967.19999999998,58154.649480310494,19.8,6.81175454637056,11.0,4.422166387140534,11.0,4.422166387140534,4.400000000000001,1.07496769977314,0.0,0.0,0.0,0.0,1.0,0.0
46000.0,6.063510036,1.8973646740989531E-6,46000.0,1.0,0.17774674270564084,0.9999,0.0,0.9986418367346939,9999.0,0.0,1.0,0.9789954337899566,46000.0,1629808.0,10.0,53794.3,14700.47845064159,155853.6,57109.32599302655,19.8,6.81175454637056,11.0,4.422166387140534,11.0,4.422166387140534,4.400000000000001,1.07496769977314,0.0,0.0,0.0,0.0,1.0,0.0
47000.0,6.249245053,1.9758476499840326E-6,47000.0,1.0,0.22964138160732406,0.9998,0.0,0.9986418367346939,4999.0,0.0,1.0,0.9572727272727317,47000.0,1633368.0,10.0,54795.0,14424.625833776225,156220.00000000003,53669.72251341222,21.5,6.687467549246293,12.399999999999999,4.5995168828427575,12.399999999999999,4.5995168828427575,4.5,1.0801234497346435,0.0,0.0,0.0,0.0,1.0,0.0
48000.0,6.453811042,2.0641924642908405E-6,48000.0,0.9998999799959992,0.2296179768897858,0.9998,0.0,0.9986418367346939,4999.0,0.0,1.0,0.9563636363636416,48000.0,1669360.0,10.0,55363.40000000001,14507.748322113177,159815.19999999998,53489.030262288354,21.7,6.8321137122985425,12.5,4.624812308503869,12.5,4.624812308503869,4.5,1.0801234497346435,0.0,0.0,0.0,0.0,1.0,0.0
49000.0,6.632789019,2.1423623796983596E-6,49000.0,0.9998999799959992,0.22961737339350075,0.9998,0.0,0.9986418367346939,4999.0,0.0,1.0,0.9554545454545509,49000.0,1688272.0,10.0,55567.8,14492.534306401425,161704.8,53874.19794876042,21.7,6.8321137122985425,12.5,4.624812308503869,12.5,4.624812308503869,4.5,1.0801234497346435,0.0,0.0,0.0,0.0,1.0,0.0
50000.0,6.863146501,2.2388654684643608E-6,50000.0,0.9904711884753902,0.14986591422999673,0.9996,0.0,0.9986418367346939,2499.0,0.0,1.0,0.9099099099099198,50000.0,1619352.0,10.0,57574.700000000004,14742.044205077002,154810.4,58668.78590717744,23.9,7.030884249746495,13.600000000000001,4.623610902506587,13.600000000000001,4.623610902506587,4.699999999999999,1.0593499054713802,0.0,0.0,0.0,0.0,1.0,0.0
51000.0,7.03894736,2.3132031241563805E-6,51000.0,0.9764155662264906,0.14969604919628177,0.9996,0.0,0.9904711884753902,2499.0,0.0,1.0,0.9081081081081176,51000.0,1634520.0,10.0,57958.4,14782.980440733565,156323.99999999997,60377.34265250316,24.299999999999997,6.700746227100382,13.8,4.491968140779471,13.8,4.491968140779471,4.800000000000001,0.7888106377466155,0.0,0.0,0.0,0.0,1.0,0.0
52000.0,7.24826917,2.4079820321872554E-6,52000.0,0.9969051664664024,0.9216319149826837,0.9995,0.9547037443696803,0.9904711884753902,174.43859649122808,0.9642256198157411,0.9998994267323745,0.9054545454545555,52000.0,1750248.0,10.0,58273.3,14778.555327455613,167887.2,61460.10498020466,24.299999999999997,6.700746227100382,13.8,4.491968140779471,13.8,4.491968140779471,4.800000000000001,0.7888106377466155,0.0,0.0,0.0,0.0,1.0,0.0
53000.0,7.418631767,2.48512058221682E-6,53000.0,0.9986459058919607,0.9648479563385112,0.9995,0.9873991681434855,0.9904711884753902,48.01960784313726,0.9900970033271517,0.999897917517354,0.937203791469201,53000.0,1750248.0,10.0,58481.5,14764.188921170035,167887.2,61460.10498020466,24.299999999999997,6.700746227100382,13.8,4.491968140779471,13.8,4.491968140779471,4.800000000000001,0.7888106377466155,0.0,0.0,0.0,0.0,1.0,0.0
54000.0,7.624328115,2.5821842422784115E-6,54000.0,0.9982979609219873,0.9681432590074195,0.9996,0.989894891716187,0.9904711884753902,48.26108374384236,0.9925326751639475,0.9998979279371236,0.9488151658767829,54000.0,1824032.0,10.0,59897.700000000004,14035.511430732482,175258.4,62578.03764403114,24.499999999999996,6.654154925892376,13.9,4.483302354291979,13.9,4.483302354291979,4.800000000000001,0.7888106377466155,0.0,0.0,0.0,0.0,1.0,0.0
55000.0,7.801687783,2.6658764356049974E-6,55000.0,0.9979510164718163,0.9679942491614435,0.9996,0.989894891716187,0.9904711884753902,48.26108374384236,0.9925326751639475,0.9998979279371236,0.9478672985782048,55000.0,1824032.0,10.0,60093.0,14035.316621532507,175258.4,62578.03764403114,24.499999999999996,6.654154925892376,13.9,4.483302354291979,13.9,4.483302354291979,4.800000000000001,0.7888106377466155,0.0,0.0,0.0,0.0,1.0,0.0
56000.0,7.993653754,2.7564610275712936E-6,56000.0,0.9977604484332441,0.9676106676302179,0.9996,0.989894891716187,0.9904711884753902,48.26108374384236,0.9925326751639475,0.9998979279371236,0.9469194312796269,56000.0,1824032.0,10.0,60277.4,14034.146613013403,175258.4,62578.03764403114,24.499999999999996,6.654154925892376,13.9,4.483302354291979,13.9,4.483302354291979,4.800000000000001,0.7888106377466155,0.0,0.0,0.0,0.0,1.0,0.0
57000.0,8.202839764,2.856016900990079E-6,57000.0,0.9975434269726295,0.9454566597856568,0.9991,0.9778538511660683,0.9904711884753902,46.39336492890995,0.9808093727987154,0.9998978445193585,0.8809744779582342,57000.0,1839656.0,10.0,69165.5,26674.27558216593,176811.19999999998,66640.55245335898,26.9,6.871034209717712,15.100000000000001,4.408325456829762,15.100000000000001,4.408325456829762,5.0,0.8164965809277259,0.0,0.0,0.0,0.0,1.0,0.0
58000.0,8.394063835,2.9470243226006394E-6,58000.0,0.9974146432861336,0.945438249401292,0.9991,0.9778538511660683,0.9904711884753902,46.39336492890995,0.9808093727987154,0.9998978445193585,0.8788863109048707,58000.0,1839656.0,10.0,69353.90000000001,26628.742451427264,176811.19999999998,66640.55245335898,26.9,6.871034209717712,15.100000000000001,4.408325456829762,15.100000000000001,4.408325456829762,5.0,0.8164965809277259,0.0,0.0,0.0,0.0,1.0,0.0
59000.0,8.559397587,3.0248634726035195E-6,59000.0,0.997025871480659,0.9452427508167943,0.9991,0.9778538511660683,0.9904711884753902,46.39336492890995,0.9808093727987154,0.9998978445193585,0.8767981438515071,59000.0,1819864.0,10.0,70908.3,27249.75608473914,174842.40000000002,67385.05409493843,27.9,8.412292592787454,15.999999999999998,6.27162924074226,15.999999999999998,6.27162924074226,5.1,0.875595035770913,0.0,0.0,0.0,0.0,1.0,0.0
60000.0,8.734837189,3.108318804642845E-6,60000.0,0.9998509518799366,0.9535232369453048,0.9993,0.9826935210476444,0.9904711884753902,46.84688995215311,0.9854910773362957,0.9998978653865795,0.9025522041763292,60000.0,1838776.0,10.0,71094.4,27197.357687017236,176732.0,65341.691791858466,27.9,8.412292592787454,15.999999999999998,6.27162924074226,15.999999999999998,6.27162924074226,5.1,0.875595035770913,0.0,0.0,0.0,0.0,1.0,0.0
61000.0,8.935107533,3.2100584683755427E-6,61000.0,0.9998482416459945,0.9527220787042151,0.9993,0.9827751667117784,0.9998509518799366,46.61904761904762,0.9855604216954387,0.9998978549540347,0.901157407407402,61000.0,1963704.0,10.0,71723.2,27104.707232836474,189213.59999999998,60261.595308749966,28.3,8.380532998165052,16.200000000000003,6.232531142677464,16.200000000000003,6.232531142677464,5.2,0.9189365834726814,0.0,0.0,0.0,0.0,1.0,0.0
62000.0,9.150770075,3.3196175476909444E-6,62000.0,0.9999346426798831,0.9444714484048466,0.9994,0.9802149056943467,0.9998509518799366,62.69426751592356,0.9807055824713378,1.0,0.9138888888888826,62000.0,1963704.0,10.0,71947.4,27051.451266059645,189213.59999999998,60261.595308749966,28.3,8.380532998165052,16.200000000000003,6.232531142677464,16.200000000000003,6.232531142677464,5.2,0.9189365834726814,0.0,0.0,0.0,0.0,1.0,0.0
63000.0,9.333457813,3.4145767623303844E-6,63000.0,0.998834082000515,0.43325444233539323,0.9992,0.5996637175227072,0.9998509518799366,713.2857142857143,0.6546536707079771,1.0,0.8844036697247667,63000.0,2009232.0,10.0,75894.5,33072.690440066166,193759.2,53341.383319145374,29.3,8.538149682454625,16.7,6.219146064997813,16.7,6.219146064997813,5.3,1.0593499054713802,0.0,0.0,0.0,0.0,1.0,0.0
64000.0,9.602807005,3.5649452032184614E-6,64000.0,0.99884838774284,0.433184686222575,0.9992,0.5996637175227072,0.9998509518799366,713.2857142857143,0.6546536707079771,1.0,0.8825688073394462,64000.0,2157960.0,10.0,77385.9,32724.900938480063,208615.99999999997,61007.59611720495,30.1,8.67243397848096,17.099999999999998,6.190494505467412,17.099999999999998,6.190494505467412,5.5,1.0801234497346432,0.0,0.0,0.0,0.0,1.0,0.0
65000.0,9.793012467,3.6770713772488606E-6,65000.0,0.9986552602214529,0.43298874129121767,0.9992,0.5996637175227072,0.9998509518799366,713.2857142857143,0.6546536707079771,1.0,0.8807339449541249,65000.0,2278696.0,10.0,78574.09999999999,32273.30658764299,220678.4,68361.6354839792,30.5,9.058452161134127,17.3,6.481597882552659,17.3,6.481597882552659,5.6,1.0749676997731399,0.0,0.0,0.0,0.0,1.0,0.0
66000.0,10.051528804,3.833356477041794E-6,66000.0,0.9987911647735401,0.43300064724645315,0.9992,0.5996637175227072,0.9998509518799366,713.2857142857143,0.6546536707079771,1.0,0.878899082568804,66000.0,2336856.0,10.0,79659.09999999999,32551.90878666803,226487.19999999998,66408.87356504232,31.1,9.573690801125528,17.6,6.752777206453653,17.6,6.752777206453653,5.7,1.1595018087284057,0.0,0.0,0.0,0.0,1.0,0.0
67000.0,10.22307334,3.937063094731076E-6,67000.0,0.9981990995497749,0.5342295025458828,0.9998,0.7499062148305761,0.9998509518799366,1999.0,0.7745966692414834,1.0,0.9692660550458752,67000.0,2336856.0,10.0,79850.59999999999,32494.58232519521,226487.19999999998,66408.87356504232,31.1,9.573690801125528,17.6,6.752777206453653,17.6,6.752777206453653,5.7,1.1595018087284057,0.0,0.0,0.0,0.0,1.0,0.0
68000.0,10.459508169,4.0823104803134435E-6,68000.0,0.9980590295147573,0.5340814898598374,0.9997,0.666518452645616,0.9998509518799366,1999.0,0.774557919064154,0.9998999499749875,0.953211009174317,68000.0,2374648.0,10.0,80134.4,32407.431507809026,230263.19999999998,65899.78270879705,31.1,9.573690801125528,17.6,6.752777206453653,17.6,6.752777206453653,5.7,1.1595018087284057,0.0,0.0,0.0,0.0,1.0,0.0
69000.0,10.720186196,4.253548013956043E-6,69000.0,0.998355992051579,0.4986203171285731,0.9995,0.5452230226297784,0.9998509518799366,1427.5714285714287,0.6546209142760081,0.9998999299509657,0.9212328767123371,69000.0,2539200.0,10.0,81089.6,33408.02968083505,246703.2,66218.89716991669,31.7,9.888826466719339,17.9,6.789698078707183,17.9,6.789698078707183,5.7,1.1595018087284057,0.0,0.0,0.0,0.0,1.0,0.0
70000.0,10.973256686,4.421024275368147E-6,70000.0,0.9983416963302884,0.4986121625218087,0.9995,0.5452230226297784,0.9998509518799366,1427.5714285714287,0.6546209142760081,0.9998999299509657,0.920091324200922,70000.0,2558080.0,10.0,82635.99999999999,34238.00895690831,248589.6,65685.54271375095,31.7,9.888826466719339,17.9,6.789698078707183,17.9,6.789698078707183,5.7,1.1595018087284057,0.0,0.0,0.0,0.0,1.0,0.0
71000.0,11.152337459,4.542128367563808E-6,71000.0,0.997941416134151,0.4915149656924023,0.9995,0.5452230226297784,0.9983416963302884,1427.5714285714287,0.6546209142760081,0.9998999299509657,0.9191343963553621,71000.0,2614040.0,10.0,82963.8,34282.36039714885,254178.4,64880.8201674424,32.3,10.371435130523967,18.2,7.052186422190874,18.2,7.052186422190874,5.7,1.1595018087284057,0.0,0.0,0.0,0.0,1.0,0.0
72000.0,11.425700217,4.727053263736304E-6,72000.0,0.9975554316593044,0.49130411706722454,0.9995,0.5452230226297784,0.9983416963302884,1427.5714285714287,0.6546209142760081,0.9998999299509657,0.9179954441913527,72000.0,2614920.0,10.0,83492.6,34358.15878911118,254265.59999999998,65025.374526154534,32.5,10.741922029548013,18.3,7.288499312082167,18.3,7.288499312082167,5.7,1.1595018087284057,0.0,0.0,0.0,0.0,1.0,0.0
73000.0,11.622360753,4.860090512361911E-6,73000.0,0.9998999699909973,0.526996794240937,0.9997,0.3998559654317794,0.9983416963302884,3332.3333333333335,0.5773213922911562,0.9998999699909973,0.9501138952164067,73000.0,2614920.0,10.0,85840.7,36083.93148711302,254265.59999999998,65025.374526154534,32.5,10.741922029548013,18.3,7.288499312082167,18.3,7.288499312082167,5.7,1.1595018087284057,0.0,0.0,0.0,0.0,1.0,0.0
74000.0,11.840575153,5.008775727782104E-6,74000.0,0.9998999699909973,0.5274229747766361,0.9997,0.3998559654317794,0.9983416963302884,3332.3333333333335,0.5773213922911562,0.9998999699909973,0.9494305239180013,74000.0,2633824.0,10.0,86851.90000000001,36780.18316204167,256154.40000000002,64815.9625935875,32.5,10.741922029548013,18.3,7.288499312082167,18.3,7.288499312082167,5.7,1.1595018087284057,0.0,0.0,0.0,0.0,1.0,0.0
75000.0,12.106477915,5.18995446506431E-6,75000.0,0.9998999699909973,0.527548975744812,0.9997,0.3998559654317794,0.9983416963302884,3332.3333333333335,0.5773213922911562,0.9998999699909973,0.948747152619596,75000.0,2633824.0,10.0,87043.2,36722.25229354963,256154.40000000002,64815.9625935875,32.5,10.741922029548013,18.3,7.288499312082167,18.3,7.288499312082167,5.7,1.1595018087284057,0.0,0.0,0.0,0.0,1.0,0.0
76000.0,12.288111967,5.313842283816962E-6,76000.0,0.9998999699909973,0.5275689702890416,0.9997,0.3998559654317794,0.9983416963302884,3332.3333333333335,0.5773213922911562,0.9998999699909973,0.9480637813211903,76000.0,2636536.0,10.0,87306.50000000001,36698.688060867906,256425.59999999998,64534.146859885994,32.5,10.741922029548013,18.3,7.288499312082167,18.3,7.288499312082167,5.7,1.1595018087284057,0.0,0.0,0.0,0.0,1.0,0.0
77000.0,12.583980144,5.52002007700699E-6,77000.0,0.999897917517354,0.9694964686123249,0.9997,0.992475877663791,0.9983416963302884,48.01960784313726,0.9950351736282391,0.999897917517354,0.9639062500000037,77000.0,2693680.0,10.0,87979.7,36450.79380647591,262134.39999999997,64655.6171233405,32.7,10.729502421930956,18.4,7.260241808033057,18.4,7.260241808033057,5.8,1.1352924243950933,0.0,0.0,0.0,0.0,1.0,0.0
78000.0,12.900315863,5.745329750055324E-6,78000.0,1.0,0.9681444632671744,0.9998,0.9949959592370845,0.9983416963302884,47.78048780487805,0.995109995145775,1.0,0.9756630265210634,78000.0,2753176.0,10.0,94800.6,42315.6883127024,268084.0,67942.19391348632,33.9,12.696893758361181,19.3,9.068259663978163,19.3,9.068259663978163,5.8,1.1352924243950933,0.0,0.0,0.0,0.0,1.0,0.0
79000.0,13.185393946,5.9486865552131905E-6,79000.0,1.0,0.9542935454740955,1.0,1.0,0.9983416963302884,40.1522633744856,1.0,1.0,1.0,79000.0,2757384.0,10.0,94997.09999999999,42246.98875909514,268504.8,67927.8895509381,33.9,12.696893758361181,19.3,9.068259663978163,19.3,9.068259663978163,5.8,1.1352924243950933,0.0,0.0,0.0,0.0,1.0,0.0
80000.0,13.472575044,6.160073660736655E-6,80000.0,1.0,0.9144679247193499,0.9999,0.9988177416311478,0.9983416963302884,21.573363431151243,0.9988706941626053,1.0,0.9909194097616355,80000.0,2845280.0,10.0,96673.4,41854.79180107232,277284.0,67386.11457365184,34.50000000000001,12.367070972726097,19.599999999999998,8.88444333277743,19.599999999999998,8.88444333277743,5.9,1.1972189997378648,0.0,0.0,0.0,0.0,1.0,0.0
81000.0,13.648218383,6.28927580361344E-6,81000.0,1.0,0.9150805911279457,0.9999,0.9988151877761502,1.0,21.624434389140273,0.9988681377244376,1.0,0.990805902383656,81000.0,2843416.0,10.0,96877.5,41782.075567427506,277096.8,67928.07652019402,34.7,11.954078801814886,19.7,8.718435129718586,19.7,8.718435129718586,5.999999999999999,0.9428090415820636,0.0,0.0,0.0,0.0,1.0,0.0
82000.0,13.84441865,6.433599494302318E-6,82000.0,1.0,0.915353682397492,0.9999,0.9988151877761502,1.0,21.624434389140273,0.9988681377244376,1.0,0.9906923950056764,82000.0,2843416.0,10.0,97081.4,41728.92137275217,277096.8,67928.07652019402,34.7,11.954078801814886,19.7,8.718435129718586,19.7,8.718435129718586,5.999999999999999,0.9428090415820636,0.0,0.0,0.0,0.0,1.0,0.0
83000.0,14.10973709,6.628766081250007E-6,83000.0,1.0,0.9153055635385894,0.9999,0.9988151877761502,1.0,21.624434389140273,0.9988681377244376,1.0,0.9905788876276969,83000.0,2843416.0,10.0,97283.09999999998,41664.031147181784,277096.8,67928.07652019402,34.7,11.954078801814886,19.7,8.718435129718586,19.7,8.718435129718586,5.999999999999999,0.9428090415820636,0.0,0.0,0.0,0.0,1.0,0.0
84000.0,14.309733096,6.7758818938342725E-6,84000.0,1.0,0.9153212620233734,0.9999,0.9988151877761502,1.0,21.624434389140273,0.9988681377244376,1.0,0.9904653802497173,84000.0,2843416.0,10.0,97480.6,41603.05824549173,277096.8,67928.07652019402,34.7,11.954078801814886,19.7,8.718435129718586,19.7,8.718435129718586,5.999999999999999,0.9428090415820636,0.0,0.0,0.0,0.0,1.0,0.0
85000.0,14.550265037,6.95399250101446E-6,85000.0,1.0,0.9153860183652043,0.9999,0.9988151877761502,1.0,21.624434389140273,0.9988681377244376,1.0,0.9903518728717378,85000.0,2862328.0,10.0,97683.8,41548.89266554926,278986.4,62499.167587701166,34.7,11.954078801814886,19.7,8.718435129718586,19.7,8.718435129718586,5.999999999999999,0.9428090415820636,0.0,0.0,0.0,0.0,1.0,0.0
86000.0,14.756815127,7.106940013058287E-6,86000.0,1.0,0.9156618709101904,0.9999,0.9988177416311478,1.0,21.573363431151243,0.9988706941626053,1.0,0.9902494331065771,86000.0,2862328.0,10.0,97938.40000000001,41466.54336048119,278986.4,62499.167587701166,34.7,11.954078801814886,19.7,8.718435129718586,19.7,8.718435129718586,5.999999999999999,0.9428090415820636,0.0,0.0,0.0,0.0,1.0,0.0
87000.0,14.979345861,7.272808333688049E-6,87000.0,1.0,0.8650586198232364,0.9999,0.9978783694675304,1.0,40.32231404958678,0.9979317454590977,1.0,0.9901360544217698,87000.0,2881216.0,10.0,98139.40000000001,41410.69529642473,280873.6,63274.6776578997,34.7,11.954078801814886,19.7,8.718435129718586,19.7,8.718435129718586,5.999999999999999,0.9428090415820636,0.0,0.0,0.0,0.0,1.0,0.0
88000.0,15.279854524,7.497227160000124E-6,88000.0,1.0,0.8658146210501954,0.9999,0.9978697660150994,1.0,40.49377593360996,0.9979231545598283,1.0,0.9900226757369626,88000.0,2886720.0,10.0,98854.3,42067.02828172624,281424.0,63357.058180863576,34.7,11.954078801814886,19.7,8.718435129718586,19.7,8.718435129718586,5.999999999999999,0.9428090415820636,0.0,0.0,0.0,0.0,1.0,0.0
89000.0,15.541439791,7.692578129302034E-6,89000.0,1.0,0.8678641855100944,0.9999,0.9974552117263846,1.0,48.75124378109453,0.9975093361076329,1.0,0.9899092970521552,89000.0,2886720.0,10.0,99075.0,42012.86164180361,281424.0,63357.058180863576,34.7,11.954078801814886,19.7,8.718435129718586,19.7,8.718435129718586,5.999999999999999,0.9428090415820636,0.0,0.0,0.0,0.0,1.0,0.0
90000.0,15.879597538,7.958272500714895E-6,90000.0,1.0,0.7766425548663297,1.0,1.0,1.0,174.43859649122808,1.0,1.0,1.0,90000.0,3037144.0,10.0,99288.9,41967.72686362701,296453.60000000003,65867.68885036797,34.7,11.954078801814886,19.7,8.718435129718586,19.7,8.718435129718586,5.999999999999999,0.9428090415820636,0.0,0.0,0.0,0.0,1.0,0.0
91000.0,16.214854604,8.22363263560341E-6,91000.0,1.0,0.8141274776412933,1.0,1.0,1.0,48.504950495049506,1.0,1.0,1.0,91000.0,3059568.0,10.0,100397.6,41976.775502651464,298691.19999999995,67208.4363170114,35.5,11.853269591129697,20.1,8.608135686662937,20.1,8.608135686662937,6.1,1.100504934614612,0.0,0.0,0.0,0.0,1.0,0.0
92000.0,16.514849931,8.45786220248193E-6,92000.0,1.0,0.8140236474820974,1.0,1.0,1.0,48.504950495049506,1.0,1.0,1.0,92000.0,3018072.0,10.0,101631.7,43438.98011655737,294543.19999999995,70613.33871601186,35.9,11.675710780171896,20.3,8.499019551297275,20.3,8.499019551297275,6.1,1.100504934614612,0.0,0.0,0.0,0.0,1.0,0.0
93000.0,16.799488414,8.68149174392451E-6,93000.0,1.0,0.8138205667123347,1.0,1.0,1.0,48.504950495049506,1.0,1.0,1.0,93000.0,3036952.0,10.0,101844.7,43390.23555299562,296429.6,68776.22711244214,35.9,11.675710780171896,20.3,8.499019551297275,20.3,8.499019551297275,6.1,1.100504934614612,0.0,0.0,0.0,0.0,1.0,0.0
94000.0,17.118966233,8.934056276265484E-6,94000.0,1.0,0.8137216798010659,1.0,1.0,1.0,48.504950495049506,1.0,1.0,1.0,94000.0,3055864.0,10.0,102044.90000000001,43345.46284201945,298319.19999999995,67416.70513192144,35.9,11.675710780171896,20.3,8.499019551297275,20.3,8.499019551297275,6.1,1.100504934614612,0.0,0.0,0.0,0.0,1.0,0.0
95000.0,17.565949241,9.30407661160678E-6,95000.0,0.9999900983202654,0.8273740657317679,0.9994,0.9896573408057889,1.0,32.11258278145695,0.9900163889204693,1.0,0.9518174133558713,95000.0,3199904.0,10.0,118638.4,42972.199403800594,312716.80000000005,62595.81551651657,42.300000000000004,12.22974515951443,24.5,8.59263250310016,24.5,8.59263250310016,6.6000000000000005,1.3498971154211057,0.0,0.0,0.0,0.0,1.0,0.0
96000.0,17.878567303,9.569432369268709E-6,96000.0,0.9999619784757068,0.8257139413118622,0.9994,0.9896237036114692,1.0,32.222591362126245,0.9899830529775367,1.0,0.9513102282333014,96000.0,3281080.0,10.0,118939.59999999999,42944.78178674461,320826.39999999997,65025.21598272474,42.400000000000006,12.330630334433208,24.6,8.656404180335697,24.6,8.656404180335697,6.6000000000000005,1.3498971154211057,0.0,0.0,0.0,0.0,1.0,0.0
96554.0,18.088816083,9.748922175782736E-6,96554.0,0.999961635939452,0.825740361340548,0.9994,0.9896237036114692,1.0,32.222591362126245,0.9899830529775367,1.0,0.9510292476753978,96554.0,3299960.0,10.0,119205.4,42871.038968826804,322712.8,66063.81889052433,42.400000000000006,12.330630334433208,24.6,8.656404180335697,24.6,8.656404180335697,6.6000000000000005,1.3498971154211057,0.0,0.0,0.0,0.0,1.0,0.0
