learning evaluation instances,evaluation time (cpu seconds),model cost (RAM-Hours),classified instances,AUC,sAUC,Accuracy,Kappa,Periodical holdout AUC,Pos/Neg ratio,G-Mean,Recall,KappaM,model training instances,model serialized size (bytes),ensemble size,[avg] model training instances,[err] model training instances,[avg] model serialized size (bytes),[err] model serialized size (bytes),[avg] tree size (nodes),[err] tree size (nodes),[avg] tree size (leaves),[err] tree size (leaves),[avg] active learning leaves,[err] active learning leaves,[avg] tree depth,[err] tree depth,[avg] active leaf byte size estimate,[err] active leaf byte size estimate,[avg] inactive leaf byte size estimate,[err] inactive leaf byte size estimate,[avg] byte size estimate overhead,[err] byte size estimate overhead
1000.0,0.09914956,9.76036162301898E-9,1000.0,1.0,1.0,0.0,0.0,0.0,1.7976931348623157E308,?,0.0,-Infinity,1000.0,380520.0,15.0,536.4666666666667,136.45505103286195,19176.0,0.0,1.0,0.0,1.0,0.0,1.0,0.0,0.0,0.0,0.0,0.0,0.0,0.0,1.0,0.0
2000.0,0.180998568,1.781764313355088E-8,2000.0,1.0,1.0,0.0,0.0,0.0,1.7976931348623157E308,?,0.0,-Infinity,2000.0,380520.0,15.0,1064.9999999999998,268.27571105647473,19176.0,0.0,1.0,0.0,1.0,0.0,1.0,0.0,0.0,0.0,0.0,0.0,0.0,0.0,1.0,0.0
3000.0,0.262612276,2.585176152475178E-8,3000.0,1.0,1.0,0.0,0.0,0.0,1.7976931348623157E308,?,0.0,-Infinity,3000.0,380520.0,15.0,1597.5333333333333,416.9285424671828,19176.0,0.0,1.0,0.0,1.0,0.0,1.0,0.0,0.0,0.0,0.0,0.0,0.0,0.0,1.0,0.0
4000.0,0.311943924,3.070800822861492E-8,4000.0,1.0,1.0,0.0,0.0,0.0,1.7976931348623157E308,?,0.0,-Infinity,4000.0,380520.0,15.0,2127.133333333333,543.4095885723593,19176.0,0.0,1.0,0.0,1.0,0.0,1.0,0.0,0.0,0.0,0.0,0.0,0.0,0.0,1.0,0.0
5000.0,0.388157091,3.821049306420609E-8,5000.0,1.0,1.0,0.0,0.0,0.0,1.7976931348623157E308,?,0.0,-Infinity,5000.0,380520.0,15.0,2660.6,673.7762239794455,19176.0,0.0,1.0,0.0,1.0,0.0,1.0,0.0,0.0,0.0,0.0,0.0,0.0,0.0,1.0,0.0
6000.0,0.467080121,4.5979738970939066E-8,6000.0,1.0,1.0,0.0,0.0,0.0,1.7976931348623157E308,?,0.0,-Infinity,6000.0,380520.0,15.0,3191.9999999999995,810.131470811991,19176.0,0.0,1.0,0.0,1.0,0.0,1.0,0.0,0.0,0.0,0.0,0.0,0.0,0.0,1.0,0.0
7000.0,0.54686122,5.3833453873172396E-8,7000.0,1.0,1.0,0.0,0.0,0.0,1.7976931348623157E308,?,0.0,-Infinity,7000.0,380520.0,15.0,3723.8,932.8289691654552,19176.0,0.0,1.0,0.0,1.0,0.0,1.0,0.0,0.0,0.0,0.0,0.0,0.0,0.0,1.0,0.0
8000.0,0.625966044,6.162059572599827E-8,8000.0,1.0,1.0,0.0,0.0,0.0,1.7976931348623157E308,?,0.0,-Infinity,8000.0,380520.0,15.0,4260.4,1077.4115674682012,19176.0,0.0,1.0,0.0,1.0,0.0,1.0,0.0,0.0,0.0,0.0,0.0,0.0,0.0,1.0,0.0
9000.0,0.703921123,6.929455576566978E-8,9000.0,1.0,1.0,0.0,0.0,0.0,1.7976931348623157E308,?,0.0,-Infinity,9000.0,380520.0,15.0,4797.933333333334,1201.8482472940623,19176.0,0.0,1.0,0.0,1.0,0.0,1.0,0.0,0.0,0.0,0.0,0.0,0.0,0.0,1.0,0.0
10000.0,0.754983802,7.432120653931051E-8,10000.0,1.0,1.0,0.0,0.0,0.0,1.7976931348623157E308,?,0.0,-Infinity,10000.0,380520.0,15.0,5339.066666666667,1330.5049238469403,19176.0,0.0,1.0,0.0,1.0,0.0,1.0,0.0,0.0,0.0,0.0,0.0,0.0,0.0,1.0,0.0
11000.0,0.829662505,8.167263751709833E-8,11000.0,1.0,1.0,0.0,0.0,1.0,1.7976931348623157E308,?,0.0,-Infinity,11000.0,380520.0,15.0,5868.133333333333,1439.1670143656347,19176.0,0.0,1.0,0.0,1.0,0.0,1.0,0.0,0.0,0.0,0.0,0.0,0.0,0.0,1.0,0.0
12000.0,0.905918925,8.91793802124448E-8,12000.0,1.0,1.0,0.0,0.0,1.0,1.7976931348623157E308,?,0.0,-Infinity,12000.0,380520.0,15.0,6398.333333333333,1563.3403187984861,19176.0,0.0,1.0,0.0,1.0,0.0,1.0,0.0,0.0,0.0,0.0,0.0,0.0,0.0,1.0,0.0
13000.0,0.962573938,9.475654479730873E-8,13000.0,1.0,1.0,0.0,0.0,1.0,1.7976931348623157E308,?,0.0,-Infinity,13000.0,380520.0,15.0,6933.6,1696.0914648517212,19176.0,0.0,1.0,0.0,1.0,0.0,1.0,0.0,0.0,0.0,0.0,0.0,0.0,0.0,1.0,0.0
14000.0,1.082205873,1.0724131780230542E-7,14000.0,0.5203020302030203,0.040603698322172366,0.0407,8.464433721253552E-6,1.0,9999.0,0.20150449227260567,0.0406040604060406,-13429.199999992534,14000.0,403400.0,15.0,10357.333333333334,3602.8945638327027,20692.26666666667,4880.991811780333,3.0,0.0,2.0,0.0,2.0,0.0,1.0,0.0,0.0,0.0,0.0,0.0,1.0,0.0
15000.0,1.567322363,2.506576782659421E-7,15000.0,0.18587296822061158,0.03862216860822483,0.1398,-9.353777176611354E-4,1.0,1427.5714285714287,0.19978401798793785,0.13969778845191635,-1842.2857142859173,15000.0,1142760.0,15.0,27005.93333333333,8306.656758000663,69948.79999999999,10657.772396572505,12.6,5.355904618802904,8.133333333333331,4.485956923980604,8.133333333333331,4.485956923980604,3.8,0.9411239481143203,0.0,0.0,0.0,0.0,1.0,0.0
16000.0,1.917281628,3.909756179116046E-7,16000.0,0.2522710365940889,0.08583341233126238,0.2394,-0.0012230559633929965,1.0,713.2857142857143,0.32013487472638724,0.23913478870418586,-868.2571428571833,16000.0,1549880.0,15.0,31951.266666666666,10229.540776361278,97058.66666666667,27578.515143564375,14.866666666666665,5.316640543300503,9.266666666666666,4.3006090377106005,9.266666666666666,4.3006090377106005,3.933333333333333,1.0997835284835873,0.0,0.0,0.0,0.0,1.0,0.0
17000.0,2.079173596,4.558870223716109E-7,17000.0,0.344757660725015,0.12122594806626844,0.339,-9.846902950339054E-4,1.0,713.2857142857143,0.3810930281218587,0.3388744241938714,-801.6428571428946,17000.0,1549880.0,15.0,32085.06666666667,10167.782638360854,97058.66666666667,27578.515143564375,14.866666666666665,5.316640543300503,9.266666666666666,4.3006090377106005,9.266666666666666,4.3006090377106005,3.933333333333333,1.0997835284835873,0.0,0.0,0.0,0.0,1.0,0.0
18000.0,2.297575604,5.519713034423566E-7,18000.0,0.4362321535864496,0.15686953300670253,0.4384,-6.62689578896284E-4,1.0,713.2857142857143,0.433464669490082,0.4384137792910074,-721.0571428571536,18000.0,1700584.0,15.0,32400.266666666663,10023.1192854083,107095.46666666667,25120.514001414027,15.266666666666667,5.444088099773482,9.466666666666665,4.405624111238249,9.466666666666665,4.405624111238249,3.933333333333333,1.0997835284835873,0.0,0.0,0.0,0.0,1.0,0.0
19000.0,2.47961431,6.320578299044156E-7,19000.0,0.5290299276129439,0.19246432466491276,0.5384,-1.9917311090178973E-4,1.0,713.2857142857143,0.4804256931837157,0.5385539755657921,-625.4571428571522,19000.0,1700584.0,15.0,32514.466666666664,9930.591083448491,107095.46666666667,25120.514001414027,15.266666666666667,5.444088099773482,9.466666666666665,4.405624111238249,9.466666666666665,4.405624111238249,3.933333333333333,1.0997835284835873,0.0,0.0,0.0,0.0,1.0,0.0
20000.0,2.665900651,7.140130706652275E-7,20000.0,0.621960029755944,0.22792761649805188,0.6384,5.198623459344594E-4,1.0,713.2857142857143,0.5231883730034159,0.6386941718405768,-515.5714285714035,20000.0,1700584.0,15.0,32630.73333333333,9843.011476362788,107095.46666666667,25120.514001414027,15.266666666666667,5.444088099773482,9.466666666666665,4.405624111238249,9.466666666666665,4.405624111238249,3.933333333333333,1.0997835284835873,0.0,0.0,0.0,0.0,1.0,0.0
21000.0,2.84131372,7.911846991663634E-7,21000.0,0.7149044376412692,0.2633766872858009,0.7384,0.0017861007719821161,0.621960029755944,713.2857142857143,0.5627106722116342,0.7388343681153615,-391.399999999978,21000.0,1700584.0,15.0,32747.466666666667,9760.69256812875,107095.46666666667,25120.514001414027,15.266666666666667,5.444088099773482,9.466666666666665,4.405624111238249,9.466666666666665,4.405624111238249,3.933333333333333,1.0997835284835873,0.0,0.0,0.0,0.0,1.0,0.0
22000.0,3.023547961,8.71357249745468E-7,22000.0,0.807813081170782,0.29886134301642486,0.8384,0.004607877099624707,0.621960029755944,713.2857142857143,0.5996336611596925,0.8389745643901462,-252.94285714284882,22000.0,1700584.0,15.0,32860.33333333333,9689.77793986062,107095.46666666667,25120.514001414027,15.266666666666667,5.444088099773482,9.466666666666665,4.405624111238249,9.466666666666665,4.405624111238249,3.933333333333333,1.0997835284835873,0.0,0.0,0.0,0.0,1.0,0.0
23000.0,3.213548906,9.549467019225161E-7,23000.0,0.9007753712340133,0.33429263661716524,0.9384,0.016415639757755274,0.621960029755944,713.2857142857143,0.6344113449258963,0.9391147606649309,-100.1999999999991,23000.0,1700584.0,15.0,32977.0,9623.735197045746,107095.46666666667,25120.514001414027,15.266666666666667,5.444088099773482,9.466666666666665,4.405624111238249,9.466666666666665,4.405624111238249,3.933333333333333,1.0997835284835873,0.0,0.0,0.0,0.0,1.0,0.0
24000.0,3.38009398,1.028216924333494E-6,24000.0,0.9530774622393727,0.30551564736524994,0.9977,0.3019303144348855,0.621960029755944,768.2307692307693,0.6197077622252222,0.9984980474617002,-2.942857142856773,24000.0,1700584.0,15.0,33092.13333333333,9567.157951380685,107095.46666666667,25120.514001414027,15.266666666666667,5.444088099773482,9.466666666666665,4.405624111238249,9.466666666666665,4.405624111238249,3.933333333333333,1.0997835284835873,0.0,0.0,0.0,0.0,1.0,0.0
25000.0,3.566185237,1.1112694757399608E-6,25000.0,0.9866518214571657,0.3942961504685567,0.9985,0.3471448467966525,0.621960029755944,1249.0,0.7067174539005798,0.9988991192954364,-1.4999999999997224,25000.0,1725160.0,15.0,34383.6,9639.493835259193,108731.73333333334,25210.179325782177,15.799999999999999,5.544624166060054,9.733333333333333,4.479583313955291,9.733333333333333,4.479583313955291,3.9999999999999996,1.0690449676496974,0.0,0.0,0.0,0.0,1.0,0.0
26000.0,3.785265479,1.2100112314196079E-6,26000.0,0.9142914291429143,1.335844028340638E-4,0.9989,-1.8185124558529872E-4,0.621960029755944,9999.0,0.0,0.998999899989999,-0.9066666666668026,26000.0,1742208.0,15.0,34540.86666666666,9585.114917461991,109866.66666666667,25979.25601779418,15.933333333333335,5.599319686567374,9.8,4.475329197787737,9.8,4.475329197787737,3.9999999999999996,1.0690449676496974,0.0,0.0,0.0,0.0,1.0,0.0
27000.0,4.038076743,1.323606400673487E-6,27000.0,0.9511186689340135,0.09055893836909057,0.9991,-4.0016006406180777E-4,0.621960029755944,3332.3333333333335,0.0,0.9993998199459838,-0.4294117647058626,27000.0,1736864.0,15.0,35456.399999999994,9656.863094637481,109508.26666666666,27298.56492163924,16.73333333333333,5.650115885874335,10.2,4.427188724235731,10.2,4.427188724235731,4.066666666666666,0.9611501047232549,0.0,0.0,0.0,0.0,1.0,0.0
28000.0,4.292487645,1.4391650495357296E-6,28000.0,0.9369810943282985,0.09068852032528585,0.9997,0.0,0.621960029755944,3332.3333333333335,0.0,1.0,0.5058823529411893,28000.0,1755776.0,15.0,35605.066666666666,9633.179407404294,110767.99999999999,25315.149162958867,16.73333333333333,5.650115885874335,10.2,4.427188724235731,10.2,4.427188724235731,4.066666666666666,0.9611501047232549,0.0,0.0,0.0,0.0,1.0,0.0
29000.0,4.548272144,1.556195140596732E-6,29000.0,0.9040866346538615,0.09753642746890478,0.9996,0.0,0.621960029755944,2499.0,0.0,1.0,0.3555555555555794,29000.0,1768584.0,15.0,36947.33333333333,9585.821104010613,111616.00000000001,26031.472643705736,17.933333333333334,5.993647430722758,10.799999999999999,4.601242068336393,10.799999999999999,4.601242068336393,4.2,0.8618916073713346,0.0,0.0,0.0,0.0,1.0,0.0
30000.0,4.756228377,1.6564297859706484E-6,30000.0,0.8544167667066827,0.09724941637018991,0.9996,0.0,0.621960029755944,2499.0,0.0,1.0,0.3333333333334567,30000.0,1863152.0,15.0,37071.933333333334,9549.00853841207,117915.2,27915.229195343738,17.933333333333334,5.993647430722758,10.799999999999999,4.601242068336393,10.799999999999999,4.601242068336393,4.2,0.8618916073713346,0.0,0.0,0.0,0.0,1.0,0.0
31000.0,5.030260016,1.7917147527951419E-6,31000.0,0.8046218487394958,0.09691462199769518,0.9996,0.0,0.8544167667066827,2499.0,0.0,1.0,0.31111111111116635,31000.0,1908320.0,15.0,37425.66666666667,9527.919070265229,120923.2,25476.68958984159,18.200000000000003,6.315513778443863,10.933333333333335,4.787881527754161,10.933333333333335,4.787881527754161,4.2,0.8618916073713346,0.0,0.0,0.0,0.0,1.0,0.0
32000.0,5.371316984,1.976431660283995E-6,32000.0,0.9929087054529842,0.8406176336769767,0.9995,0.9810201156406414,0.8544167667066827,72.52941176470588,0.9814455125566814,1.0,0.8933333333333441,32000.0,2093544.0,15.0,39484.80000000001,9971.418907486108,133258.13333333336,26261.9428229919,18.866666666666667,5.926534360299409,11.266666666666667,4.5586129887228175,11.266666666666667,4.5586129887228175,4.4,0.8280786712108251,0.0,0.0,0.0,0.0,1.0,0.0
33000.0,5.611755195,2.1162910701251262E-6,33000.0,0.9944079816491725,0.851288674070733,0.9995,0.9873379510981556,0.8544167667066827,48.01960784313726,0.9876690721483746,1.0,0.924311926605513,33000.0,2248488.0,15.0,40118.73333333334,10096.169538611211,143578.66666666666,24798.09958924464,19.000000000000004,6.141195788629908,11.333333333333332,4.6700667885506535,11.333333333333332,4.6700667885506535,4.4,0.8280786712108251,0.0,0.0,0.0,0.0,1.0,0.0
34000.0,5.885781035,2.278369851413657E-6,34000.0,0.9934452037246095,0.8509758678731626,0.9995,0.9873379510981556,0.8544167667066827,48.01960784313726,0.9876690721483746,1.0,0.9220183486238617,34000.0,2286320.0,15.0,40382.46666666667,10181.559457222276,146098.66666666666,23577.95884376116,19.000000000000004,6.141195788629908,11.333333333333332,4.6700667885506535,11.333333333333332,4.6700667885506535,4.4,0.8280786712108251,0.0,0.0,0.0,0.0,1.0,0.0
35000.0,6.12612868,2.4204120076562673E-6,35000.0,0.996332445189062,0.8547391571860219,0.9996,0.9898456694064754,0.8544167667066827,48.26108374384236,0.9900987660342089,1.0,0.935779816513769,35000.0,2284440.0,15.0,40528.6,10180.052861215547,145972.8,23509.015082972503,19.13333333333333,6.069439450072407,11.4,4.626013402488151,11.4,4.626013402488151,4.4,0.8280786712108251,0.0,0.0,0.0,0.0,1.0,0.0
36000.0,6.341662808,2.5488415508725954E-6,36000.0,0.9958854399481897,0.8539223637200393,0.9996,0.9898456694064754,0.8544167667066827,48.26108374384236,0.9900987660342089,1.0,0.933944954128448,36000.0,2303304.0,15.0,40868.200000000004,10212.413435198781,147229.33333333334,23536.883671216565,19.13333333333333,6.069439450072407,11.4,4.626013402488151,11.4,4.626013402488151,4.4,0.8280786712108251,0.0,0.0,0.0,0.0,1.0,0.0
37000.0,6.544329403,2.66960376362555E-6,37000.0,0.9999964459770745,0.8605603145718715,0.9998,0.9948979617867547,0.8544167667066827,48.75124378109453,0.995012437733208,1.0,0.9660550458715633,37000.0,2303304.0,15.0,41068.133333333324,10202.811103295198,147229.33333333334,23536.883671216565,19.13333333333333,6.069439450072407,11.4,4.626013402488151,11.4,4.626013402488151,4.4,0.8280786712108251,0.0,0.0,0.0,0.0,1.0,0.0
38000.0,6.809850667,2.827818961219418E-6,38000.0,0.9999964459770745,0.8602877341657515,0.9998,0.9948979617867547,0.8544167667066827,48.75124378109453,0.995012437733208,1.0,0.9651376146789029,38000.0,2303304.0,15.0,41204.933333333334,10229.165930714744,147229.33333333334,23536.883671216565,19.13333333333333,6.069439450072407,11.4,4.626013402488151,11.4,4.626013402488151,4.4,0.8280786712108251,0.0,0.0,0.0,0.0,1.0,0.0
39000.0,7.126818665,3.024516260054785E-6,39000.0,0.9998989795918367,0.8641566797710116,0.9998,0.9948979591836741,0.8544167667066827,49.0,0.9974459731673466,0.9998979591836735,0.9642201834862427,39000.0,2398752.0,15.0,41724.00000000001,10352.677114088483,153586.6666666667,28560.389059641595,19.266666666666666,5.897537823613545,11.466666666666667,4.549201918494946,11.466666666666667,4.549201918494946,4.466666666666668,0.7432233529572068,0.0,0.0,0.0,0.0,1.0,0.0
40000.0,7.393867904,3.1902968263460603E-6,40000.0,0.9998989795918367,0.8645075113955265,0.9998,0.9948979591836741,0.8544167667066827,49.0,0.9974459731673466,0.9998979591836735,0.9633027522935818,40000.0,2399632.0,15.0,41979.46666666667,10449.086274931047,153644.80000000002,28606.563850177565,19.4,5.913664563654974,11.533333333333333,4.5334733871923145,11.533333333333333,4.5334733871923145,4.466666666666668,0.7432233529572068,0.0,0.0,0.0,0.0,1.0,0.0
41000.0,7.661948301,3.3579109409941744E-6,41000.0,0.9998989795918367,0.8648628514277965,0.9998,0.9948979591836741,0.9998989795918367,49.0,0.9974459731673466,0.9998979591836735,0.9623853211009216,41000.0,2416840.0,15.0,42208.933333333334,10492.671663503783,154791.46666666667,29072.426990600725,19.53333333333333,6.116332545694667,11.6,4.641428351580701,11.6,4.641428351580701,4.466666666666668,0.7432233529572068,0.0,0.0,0.0,0.0,1.0,0.0
42000.0,7.918108149,3.5180718726079675E-6,42000.0,0.9998993153443415,0.8737177435461371,0.9999,0.9926503877655424,0.9998989795918367,146.05882352941177,0.9999496564049319,0.9998993153443415,0.9807339449541306,42000.0,2416840.0,15.0,42333.73333333334,10541.931325267997,154791.46666666667,29072.426990600725,19.53333333333333,6.116332545694667,11.6,4.641428351580701,11.6,4.641428351580701,4.466666666666668,0.7432233529572068,0.0,0.0,0.0,0.0,1.0,0.0
43000.0,8.172454537,3.677098959689481E-6,43000.0,1.0,1.0,0.9998,0.0,0.9998989795918367,1.7976931348623157E308,?,0.9998,0.960550458715601,43000.0,2416840.0,15.0,42452.86666666667,10598.07818068019,154791.46666666667,29072.426990600725,19.53333333333333,6.116332545694667,11.6,4.641428351580701,11.6,4.641428351580701,4.466666666666668,0.7432233529572068,0.0,0.0,0.0,0.0,1.0,0.0
44000.0,8.435753401,3.833832965461058E-6,44000.0,0.9995999599959996,0.23217965467792234,0.9997,-1.3335111341161276E-4,0.9998989795918367,9999.0,0.0,0.9997999799979999,0.9397260273972675,44000.0,2301000.0,15.0,44770.0,11061.980112077585,147071.4666666667,33085.16918902889,20.46666666666666,6.209056365695269,12.066666666666666,4.712698145385912,12.066666666666666,4.712698145385912,4.466666666666668,0.7432233529572068,0.0,0.0,0.0,0.0,1.0,0.0
45000.0,8.674603009,3.976071384456449E-6,45000.0,0.9995999599959996,0.23232481019376827,0.9997,-1.3335111341161276E-4,0.9998989795918367,9999.0,0.0,0.9997999799979999,0.9383561643835687,45000.0,2301944.0,15.0,45027.933333333334,11120.977343141505,147133.86666666667,33856.30724498268,20.599999999999994,6.196773353931866,12.133333333333333,4.688384837121669,12.133333333333333,4.688384837121669,4.466666666666668,0.7432233529572068,0.0,0.0,0.0,0.0,1.0,0.0
46000.0,8.936272155,4.133177233191933E-6,46000.0,0.9995999599959996,0.23304394027885078,0.9997,-1.3335111341161276E-4,0.9998989795918367,9999.0,0.0,0.9997999799979999,0.9369863013698697,46000.0,2320824.0,15.0,45220.26666666667,11195.551523878114,148391.46666666667,34725.07789946352,20.599999999999994,6.196773353931866,12.133333333333333,4.688384837121669,12.133333333333333,4.688384837121669,4.466666666666668,0.7432233529572068,0.0,0.0,0.0,0.0,1.0,0.0
47000.0,9.208536689,4.295617879478685E-6,47000.0,0.9983996799359872,0.12262376151662757,0.9996,-2.0004000789630906E-4,0.9998989795918367,4999.0,0.0,0.9997999599919984,0.9145454545454634,47000.0,2306248.0,15.0,49075.666666666664,12804.539918474602,147430.40000000002,30466.376437921575,22.53333333333333,7.069720813508295,13.666666666666666,5.287001130355558,13.666666666666666,5.287001130355558,4.6,0.6324555320336757,0.0,0.0,0.0,0.0,1.0,0.0
48000.0,9.479654371,4.4600339275280365E-6,48000.0,0.997999599919984,0.12276749054860503,0.9996,-2.0004000789630906E-4,0.9998989795918367,4999.0,0.0,0.9997999599919984,0.9127272727272833,48000.0,2344168.0,15.0,49388.86666666666,12846.829157793132,149956.26666666666,32220.291724020008,22.53333333333333,7.069720813508295,13.666666666666666,5.287001130355558,13.666666666666666,5.287001130355558,4.6,0.6324555320336757,0.0,0.0,0.0,0.0,1.0,0.0
49000.0,9.720645086,4.606179839829277E-6,49000.0,0.9983996799359872,0.12288565711160482,0.9997,-1.3335111341161276E-4,0.9998989795918367,4999.0,0.0,0.9998999799959992,0.9331818181818263,49000.0,2344168.0,15.0,49684.8,12958.808158380702,149956.26666666666,32220.291724020008,22.53333333333333,7.069720813508295,13.666666666666666,5.287001130355558,13.666666666666666,5.287001130355558,4.6,0.6324555320336757,0.0,0.0,0.0,0.0,1.0,0.0
50000.0,10.012512499,4.766055085249613E-6,50000.0,0.9981492597038816,0.09501527614728122,0.9995,-1.600256040124292E-4,0.9998989795918367,2499.0,0.0,0.9998999599839936,0.8873873873873998,50000.0,2117376.0,15.0,55055.46666666667,12231.272015772094,134840.00000000003,39507.10315879918,24.933333333333334,7.7962139773708365,14.866666666666667,5.65517041130967,14.866666666666667,5.65517041130967,4.7333333333333325,0.5936168397046636,0.0,0.0,0.0,0.0,1.0,0.0
51000.0,10.23445336,4.897392252463496E-6,51000.0,0.9966236494597839,0.09481829848458878,0.9995,-1.600256040124292E-4,0.9981492597038816,2499.0,0.0,0.9998999599839936,0.8851351351351471,51000.0,2287456.0,15.0,55294.8,12195.618306822918,146169.06666666665,31526.70224126722,24.933333333333334,7.7962139773708365,14.866666666666667,5.65517041130967,14.866666666666667,5.65517041130967,4.7333333333333325,0.5936168397046636,0.0,0.0,0.0,0.0,1.0,0.0
52000.0,10.489865472,5.056633715914417E-6,52000.0,0.9991354227870793,0.8501489492412387,0.9995,0.9547037443696803,0.9981492597038816,174.43859649122808,0.9642256198157411,0.9998994267323745,0.9054545454545555,52000.0,2410000.0,15.0,55685.26666666668,12276.149282634347,154331.2,37868.21597367074,25.2,7.551726387295254,15.000000000000002,5.542047068934521,15.000000000000002,5.542047068934521,4.7333333333333325,0.5936168397046636,0.0,0.0,0.0,0.0,1.0,0.0
53000.0,10.708495504,5.196227240446371E-6,53000.0,0.9997823241178873,0.899364465145653,0.9996,0.9898949070331459,0.9981492597038816,48.01960784313726,0.9901475429766743,1.0,0.9497630331753608,53000.0,2468072.0,15.0,56126.93333333333,12305.046064037924,158198.4,36713.25629952055,25.46666666666667,7.818171750723408,15.133333333333335,5.65517041130967,15.133333333333335,5.65517041130967,4.7333333333333325,0.5936168397046636,0.0,0.0,0.0,0.0,1.0,0.0
54000.0,10.978609522,5.377811208182486E-6,54000.0,0.9997802685148917,0.902777224856768,0.9997,0.9924027552674238,0.9981492597038816,48.26108374384236,0.9925833339709302,1.0,0.9616113744075873,54000.0,2598560.0,15.0,56404.466666666674,12375.213411531633,166889.6,33399.37466651562,25.6,7.679285681066213,15.200000000000001,5.583137878597355,15.200000000000001,5.583137878597355,4.7333333333333325,0.5936168397046636,0.0,0.0,0.0,0.0,1.0,0.0
55000.0,11.217299315,5.538270261703551E-6,55000.0,0.9997817769690229,0.9030763277757777,0.9997,0.9924027552674238,0.9981492597038816,48.26108374384236,0.9925833339709302,1.0,0.9609004739336536,55000.0,2598560.0,15.0,56535.00000000001,12409.27864255499,166889.6,33399.37466651562,25.6,7.679285681066213,15.200000000000001,5.583137878597355,15.200000000000001,5.583137878597355,4.7333333333333325,0.5936168397046636,0.0,0.0,0.0,0.0,1.0,0.0
56000.0,11.463458577,5.703750660758419E-6,56000.0,0.999785296695329,0.9033492283359136,0.9997,0.9924027552674238,0.9981492597038816,48.26108374384236,0.9925833339709302,1.0,0.9601895734597201,56000.0,2598560.0,15.0,56663.466666666674,12448.151617619305,166889.6,33399.37466651562,25.6,7.679285681066213,15.200000000000001,5.583137878597355,15.200000000000001,5.583137878597355,4.7333333333333325,0.5936168397046636,0.0,0.0,0.0,0.0,1.0,0.0
57000.0,11.737814162,5.878837062187602E-6,57000.0,0.9998513661964126,0.8884269421842345,0.9993,0.982775217573608,0.9981492597038816,46.39336492890995,0.9832724162457539,1.0,0.9074245939675123,57000.0,2466840.0,15.0,64523.66666666667,10832.374503355779,158118.40000000002,31630.90412148944,29.466666666666665,8.567935796300286,17.666666666666668,6.488084316286133,17.666666666666668,6.488084316286133,5.066666666666666,0.45773770821706333,0.0,0.0,0.0,0.0,1.0,0.0
58000.0,11.962166443,6.022012691481676E-6,58000.0,0.9996528650254978,0.8884654094558638,0.9991,0.9779577513771504,0.9981492597038816,46.39336492890995,0.9831719644483577,0.999795689038717,0.8788863109048707,58000.0,2466840.0,15.0,64645.866666666676,10834.83471339857,158118.40000000002,31630.90412148944,29.466666666666665,8.567935796300286,17.666666666666668,6.488084316286133,17.666666666666668,6.488084316286133,5.066666666666666,0.45773770821706333,0.0,0.0,0.0,0.0,1.0,0.0
59000.0,12.228682477,6.194702882768714E-6,59000.0,0.999651896727103,0.8886751107505523,0.9991,0.9779577513771504,0.9981492597038816,46.39336492890995,0.9831719644483577,0.999795689038717,0.8767981438515071,59000.0,2504648.0,15.0,64790.33333333333,10860.572115071409,160636.8,36349.36469321025,29.466666666666665,8.567935796300286,17.666666666666668,6.488084316286133,17.666666666666668,6.488084316286133,5.066666666666666,0.45773770821706333,0.0,0.0,0.0,0.0,1.0,0.0
60000.0,12.500152496,6.373259389742656E-6,60000.0,0.999749305948877,0.8966871705128358,0.9993,0.9827751328037253,0.9981492597038816,46.84688995215311,0.9878649566720601,0.999795730773159,0.9025522041763292,60000.0,2542472.0,15.0,65071.066666666666,10813.165761281585,163156.26666666663,36211.527871396866,29.466666666666665,8.567935796300286,17.666666666666668,6.488084316286133,17.666666666666668,6.488084316286133,5.066666666666666,0.45773770821706333,0.0,0.0,0.0,0.0,1.0,0.0
61000.0,12.85607113,6.633753115882114E-6,61000.0,0.9997324772605671,0.8957524051133502,0.9993,0.9828559952584573,0.999749305948877,46.61904761904762,0.9879225931966297,0.9997957099080694,0.901157407407402,61000.0,2829104.0,15.0,65453.93333333334,10955.037024561982,182249.06666666668,37742.509128996455,29.466666666666665,8.567935796300286,17.666666666666668,6.488084316286133,17.666666666666668,6.488084316286133,5.066666666666666,0.45773770821706333,0.0,0.0,0.0,0.0,1.0,0.0
62000.0,13.115146024,6.823367758219848E-6,62000.0,0.9997663961132455,0.8926024989525595,0.9993,0.977136466551956,0.999749305948877,62.69426751592356,0.983847623963949,0.9997968099156761,0.8995370370370324,62000.0,2829104.0,15.0,65577.39999999998,10981.827487783103,182249.06666666668,37742.509128996455,29.466666666666665,8.567935796300286,17.666666666666668,6.488084316286133,17.666666666666668,6.488084316286133,5.066666666666666,0.45773770821706333,0.0,0.0,0.0,0.0,1.0,0.0
63000.0,13.493620579,7.100264220511669E-6,63000.0,0.9992990186260765,0.4781763276432648,0.999,0.5828466544301468,0.999749305948877,713.2857142857143,0.7070005584902941,0.9996995794111756,0.8555045871559623,63000.0,2828024.0,15.0,67930.40000000001,11513.176611418514,182170.13333333333,36458.91639692676,31.2,8.427845005015897,18.533333333333335,6.4239136565388755,18.533333333333335,6.4239136565388755,5.200000000000001,0.5606119105813883,0.0,0.0,0.0,0.0,1.0,0.0
64000.0,13.840081252,7.373848250380336E-6,64000.0,0.9987554004177277,0.47779424078991717,0.9989,0.5594572513336495,0.999749305948877,713.2857142857143,0.7069651473781791,0.9995994392149009,0.8385321100917446,64000.0,3052384.0,15.0,68743.93333333333,11489.64251257047,197112.53333333335,36520.42840827323,31.73333333333333,8.276184996436347,18.799999999999997,6.371812928829596,18.799999999999997,6.371812928829596,5.200000000000001,0.5606119105813883,0.0,0.0,0.0,0.0,1.0,0.0
65000.0,14.138763423,7.621396187823968E-6,65000.0,0.9986981774484278,0.47764828314715435,0.9989,0.5594572513336495,0.999749305948877,713.2857142857143,0.7069651473781791,0.9995994392149009,0.836009174311928,65000.0,3203704.0,15.0,68952.0,11528.850630359595,207192.0,37973.74876712295,31.73333333333333,8.276184996436347,18.799999999999997,6.371812928829596,18.799999999999997,6.371812928829596,5.200000000000001,0.5606119105813883,0.0,0.0,0.0,0.0,1.0,0.0
66000.0,14.485168571,7.910931620600883E-6,66000.0,0.9986910245772653,0.4775189746565567,0.9989,0.5594572513336495,0.999749305948877,713.2857142857143,0.7069651473781791,0.9995994392149009,0.8334862385321119,66000.0,3230872.0,15.0,69134.8,11552.43508158716,209002.1333333333,38774.64873906783,31.73333333333333,8.276184996436347,18.799999999999997,6.371812928829596,18.799999999999997,6.371812928829596,5.200000000000001,0.5606119105813883,0.0,0.0,0.0,0.0,1.0,0.0
67000.0,14.827102853,8.19673017438027E-6,67000.0,0.9990395197598799,0.5231696099613729,0.9993,0.4612068965516751,0.999749305948877,1999.0,0.7744028989647201,0.9994997498749375,0.892431192660546,67000.0,3230872.0,15.0,69260.73333333334,11587.294608854174,209002.1333333333,38774.64873906783,31.73333333333333,8.276184996436347,18.799999999999997,6.371812928829596,18.799999999999997,6.371812928829596,5.200000000000001,0.5606119105813883,0.0,0.0,0.0,0.0,1.0,0.0
68000.0,15.176166257,8.488487454337678E-6,68000.0,0.9991395697848925,0.5231166355972472,0.9994,0.4997081630951073,0.999749305948877,1999.0,0.7744416568986782,0.99959979989995,0.9064220183486167,68000.0,3230872.0,15.0,69394.26666666668,11630.72078878462,209002.1333333333,38774.64873906783,31.73333333333333,8.276184996436347,18.799999999999997,6.371812928829596,18.799999999999997,6.371812928829596,5.200000000000001,0.5606119105813883,0.0,0.0,0.0,0.0,1.0,0.0
69000.0,15.50782191,8.787514689311982E-6,69000.0,0.9839602007119269,0.4145660774225579,0.9992,0.4281711483752866,0.999749305948877,1427.5714285714287,0.6545226351440728,0.9995997198038628,0.873972602739722,69000.0,3485184.0,15.0,70826.20000000001,11391.121901350569,225937.59999999998,36422.509485991526,32.6,8.356349168660405,19.33333333333334,6.388233230676836,19.33333333333334,6.388233230676836,5.400000000000001,0.7367883976130075,0.0,0.0,0.0,0.0,1.0,0.0
70000.0,15.838501487,9.085501730975523E-6,70000.0,0.9750682620691628,0.41389840424186186,0.9992,0.4281711483752866,0.999749305948877,1427.5714285714287,0.6545226351440728,0.9995997198038628,0.8721461187214574,70000.0,3483312.0,15.0,70986.8,11457.23389205016,225812.26666666666,38525.31847178399,32.733333333333334,8.344944292090585,19.400000000000002,6.400892794870773,19.400000000000002,6.400892794870773,5.400000000000001,0.7367883976130075,0.0,0.0,0.0,0.0,1.0,0.0
71000.0,16.238353529,9.464228580377414E-6,71000.0,0.9678346270961101,0.44137793308861606,0.999,0.3745074245969297,0.9750682620691628,1427.5714285714287,0.654457107523631,0.9993995797057941,0.8382687927107063,71000.0,3661248.0,15.0,71498.33333333334,11659.886912381435,237663.46666666667,38625.79087653863,33.13333333333333,8.262364471909155,19.600000000000005,6.333583954940972,19.600000000000005,6.333583954940972,5.400000000000001,0.7367883976130075,0.0,0.0,0.0,0.0,1.0,0.0
72000.0,16.578412199,9.790819701402301E-6,72000.0,0.9600863461565954,0.4406014807222912,0.999,0.3745074245969297,0.9750682620691628,1427.5714285714287,0.654457107523631,0.9993995797057941,0.8359908883826871,72000.0,3712384.0,15.0,71782.66666666667,11855.889354280953,241067.73333333334,41599.44833333845,33.533333333333324,7.909006318898787,19.799999999999997,6.1783030494973765,19.799999999999997,6.1783030494973765,5.466666666666668,0.7432233529572067,0.0,0.0,0.0,0.0,1.0,0.0
73000.0,16.90074662,1.010196288575159E-5,73000.0,0.8975692707812344,0.3887935502798351,0.9993,0.22191098661681338,0.9750682620691628,3332.3333333333335,0.5772058702505217,0.9994998499549865,0.8835990888382637,73000.0,3731264.0,15.0,71909.26666666666,11918.068800095487,242325.33333333334,40034.69040481673,33.533333333333324,7.909006318898787,19.799999999999997,6.1783030494973765,19.799999999999997,6.1783030494973765,5.466666666666668,0.7432233529572067,0.0,0.0,0.0,0.0,1.0,0.0
74000.0,17.27239594,1.0460714172789303E-5,74000.0,0.8968357173818813,0.3888791414382404,0.9994,0.2497186444915895,0.9750682620691628,3332.3333333333335,0.5772347529281275,0.9995998799639892,0.8988610478359839,74000.0,3731320.0,15.0,72094.86666666667,12022.60890909092,242329.06666666668,40036.733746231934,33.533333333333324,7.909006318898787,19.799999999999997,6.1783030494973765,19.799999999999997,6.1783030494973765,5.466666666666668,0.7432233529572067,0.0,0.0,0.0,0.0,1.0,0.0
75000.0,17.520416929,1.070012763119713E-5,75000.0,0.895368610583175,0.3887320028173421,0.9994,0.2497186444915895,0.9750682620691628,3332.3333333333335,0.5772347529281275,0.9995998799639892,0.8974943052391731,75000.0,3731320.0,15.0,72221.59999999999,12100.47993026959,242329.06666666668,40036.733746231934,33.533333333333324,7.909006318898787,19.799999999999997,6.1783030494973765,19.799999999999997,6.1783030494973765,5.466666666666668,0.7432233529572067,0.0,0.0,0.0,0.0,1.0,0.0
76000.0,17.917996808,1.1083524475018795E-5,76000.0,0.889666900070021,0.3882904513889144,0.9994,0.2497186444915895,0.9750682620691628,3332.3333333333335,0.5772347529281275,0.9995998799639892,0.8961275626423613,76000.0,3727576.0,15.0,72810.59999999999,12056.164835587522,242078.40000000002,38956.37134172388,33.79999999999999,7.9928539512313295,19.933333333333334,6.192929916637275,19.933333333333334,6.192929916637275,5.533333333333334,0.7432233529572067,0.0,0.0,0.0,0.0,1.0,0.0
77000.0,18.264276306,1.1426088208817768E-5,77000.0,0.998092458706635,0.8863138081044265,0.9995,0.9875198434489175,0.9750682620691628,48.01960784313726,0.9949335824111049,0.999693752552062,0.9398437500000063,77000.0,3823992.0,15.0,73336.2,12271.156123202081,248500.2666666667,36312.441109795705,33.93333333333334,7.887301427581159,20.0,6.129553700835695,20.0,6.129553700835695,5.6,0.7367883976130072,0.0,0.0,0.0,0.0,1.0,0.0
78000.0,18.706948571,1.188554646750599E-5,78000.0,0.9981882244549858,0.884137724043951,0.9995,0.9875198434489175,0.9750682620691628,47.78048780487805,0.9925546110589891,0.9997958141909137,0.9391575663026585,78000.0,4012048.0,15.0,74986.46666666666,12840.131924481744,261024.53333333335,42179.41645241985,35.13333333333333,8.114067736844156,20.666666666666668,6.148944934663492,20.666666666666668,6.148944934663492,5.8,0.6761234037828133,0.0,0.0,0.0,0.0,1.0,0.0
79000.0,19.107747969,1.2296912143463151E-5,79000.0,0.9998991965671159,0.899965632240751,0.9997,0.9936860927353032,0.9750682620691628,40.1522633744856,0.9978379809200836,0.9997950189607462,0.9651982378854663,79000.0,3967376.0,15.0,77006.8,12610.994320150063,258045.86666666664,37417.749000530035,35.8,8.436316054500837,21.000000000000004,6.29058253037257,21.000000000000004,6.29058253037257,5.866666666666666,0.7432233529572064,0.0,0.0,0.0,0.0,1.0,0.0
80000.0,19.54461227,1.276369991989749E-5,80000.0,0.9993081784923109,0.9361281000624708,0.9995,0.9940887081557391,0.9750682620691628,21.573363431151243,0.9965039575746943,0.9997907293083603,0.9545970488081774,80000.0,4130240.0,15.0,78749.73333333332,13217.200694909785,268895.4666666667,44779.58702972127,36.46666666666666,9.046441026066287,21.46666666666667,6.967953856935401,21.46666666666667,6.967953856935401,5.866666666666666,0.7432233529572064,0.0,0.0,0.0,0.0,1.0,0.0
81000.0,19.975801637,1.3232855371251078E-5,81000.0,0.9994920272421103,0.9367138880220532,0.9997,0.9964378685915479,0.9993081784923109,21.624434389140273,0.9966005567343709,1.0,0.9724177071509678,81000.0,4205824.0,15.0,78927.6,13299.462351109216,273930.1333333333,45892.141521283615,36.46666666666666,9.046441026066287,21.46666666666667,6.967953856935401,21.46666666666667,6.967953856935401,5.866666666666666,0.7432233529572064,0.0,0.0,0.0,0.0,1.0,0.0
82000.0,20.360954356,1.3651920662632689E-5,82000.0,0.9996368917937546,0.9374880636202129,0.9997,0.9964378685915479,0.9993081784923109,21.624434389140273,0.9966005567343709,1.0,0.9720771850170291,82000.0,4205824.0,15.0,79066.53333333333,13382.040154447232,273930.1333333333,45892.141521283615,36.46666666666666,9.046441026066287,21.46666666666667,6.967953856935401,21.46666666666667,6.967953856935401,5.866666666666666,0.7432233529572064,0.0,0.0,0.0,0.0,1.0,0.0
83000.0,20.750822553,1.40799589597017E-5,83000.0,0.9996153514764349,0.9376299526172126,0.9996,0.9952556268265842,0.9993081784923109,21.624434389140273,0.9965484210038162,0.9998953756015903,0.9623155505107873,83000.0,4243920.0,15.0,79263.99999999999,13386.30875719132,276467.2,45143.11675296057,36.599999999999994,9.006346968348806,21.53333333333334,6.92682845037701,21.53333333333334,6.92682845037701,5.933333333333333,0.7988086367179801,0.0,0.0,0.0,0.0,1.0,0.0
84000.0,21.121199926,1.4486421877855312E-5,84000.0,0.999594047865899,0.9374960256902362,0.9996,0.9952556268265842,0.9993081784923109,21.624434389140273,0.9965484210038162,0.9998953756015903,0.9618615209988691,84000.0,4242080.0,15.0,79396.8,13477.05700281567,276344.0,45479.906822369696,36.733333333333334,8.672342463805487,21.599999999999998,6.790750011175917,21.599999999999998,6.790750011175917,5.933333333333333,0.7988086367179801,0.0,0.0,0.0,0.0,1.0,0.0
85000.0,21.465353966,1.4864110107809803E-5,85000.0,0.9996125109950301,0.9376017699274837,0.9996,0.9952556268265842,0.9993081784923109,21.624434389140273,0.9965484210038162,0.9998953756015903,0.9614074914869509,85000.0,4242120.0,15.0,79528.8,13564.903375992033,276346.6666666666,45480.88680293023,36.733333333333334,8.672342463805487,21.599999999999998,6.790750011175917,21.599999999999998,6.790750011175917,5.933333333333333,0.7988086367179801,0.0,0.0,0.0,0.0,1.0,0.0
86000.0,21.835341272,1.5270118920328294E-5,86000.0,0.9996594036824555,0.9377194069621873,0.9996,0.9952658654459549,0.9993081784923109,21.573363431151243,0.9965561018910785,0.9998953646541802,0.9609977324263083,86000.0,4241808.0,15.0,79724.66666666667,13741.404241336091,276325.33333333326,45225.19749410667,36.86666666666667,8.626095513586884,21.666666666666668,6.747133430117528,21.666666666666668,6.747133430117528,5.933333333333333,0.7988086367179801,0.0,0.0,0.0,0.0,1.0,0.0
87000.0,22.18400443,1.5652727492170832E-5,87000.0,0.9995494267047678,0.9723307416719329,0.9996,0.9914963093982798,0.9993081784923109,40.32231404958678,0.9937314004207343,0.9998975199836032,0.9605442176870793,87000.0,4241808.0,15.0,79858.59999999999,13848.372079675748,276325.33333333326,45225.19749410667,36.86666666666667,8.626095513586884,21.666666666666668,6.747133430117528,21.666666666666668,6.747133430117528,5.933333333333333,0.7988086367179801,0.0,0.0,0.0,0.0,1.0,0.0
88000.0,22.564986332,1.6070190247156774E-5,88000.0,0.999513588690767,0.974358389606591,0.9997,0.993609298045298,0.9993081784923109,40.49377593360996,0.9957909548029549,0.9998975304846808,0.9700680272108876,88000.0,4235608.0,15.0,80161.59999999999,14062.380268950608,275912.00000000006,41996.95901916165,37.13333333333333,8.69208726097368,21.8,6.752777206453653,21.8,6.752777206453653,5.933333333333333,0.7988086367179801,0.0,0.0,0.0,0.0,1.0,0.0
89000.0,22.973679935,1.6518018232050164E-5,89000.0,0.999455726774841,0.9806701016246314,0.9997,0.9923656351791539,0.9993081784923109,48.75124378109453,0.9949616653164007,0.9998979487702827,0.9697278911564658,89000.0,4235608.0,15.0,80290.99999999999,14171.5684332096,275912.00000000006,41996.95901916165,37.13333333333333,8.69208726097368,21.8,6.752777206453653,21.8,6.752777206453653,5.933333333333333,0.7988086367179801,0.0,0.0,0.0,0.0,1.0,0.0
90000.0,23.421373287,1.7024591141770224E-5,90000.0,0.9999020733973121,0.885683727840908,0.9997,0.9733004869991204,0.9993081784923109,174.43859649122808,0.982250088480888,0.9998994267323745,0.97121535181237,90000.0,4373848.0,15.0,82567.6,15645.32283737585,285120.00000000006,47168.75043016146,37.26666666666667,8.672342463805485,21.866666666666664,6.7174258108154445,21.866666666666664,6.7174258108154445,5.933333333333333,0.7988086367179801,0.0,0.0,0.0,0.0,1.0,0.0
91000.0,23.899733035,1.7567129849021326E-5,91000.0,0.9998858122186989,0.9041556031995905,0.9995,0.9873379126194428,0.9999020733973121,48.504950495049506,0.992445173848427,0.9997958767095325,0.9579870729455264,91000.0,4384080.0,15.0,82978.33333333334,15838.579818489621,285800.5333333334,45059.13335966205,37.666666666666664,8.829064557040057,22.06666666666667,6.74501579651509,22.06666666666667,6.74501579651509,5.999999999999999,0.7559289460184544,0.0,0.0,0.0,0.0,1.0,0.0
92000.0,24.335755281,1.8064090932664554E-5,92000.0,0.9998858122186989,0.9040308222137521,0.9995,0.9873379126194428,0.9999020733973121,48.504950495049506,0.992445173848427,0.9997958767095325,0.9575253924284444,92000.0,4405712.0,15.0,83234.53333333333,16075.165939453076,287241.5999999999,46821.831411059895,37.666666666666664,8.829064557040057,22.06666666666667,6.74501579651509,22.06666666666667,6.74501579651509,5.999999999999999,0.7559289460184544,0.0,0.0,0.0,0.0,1.0,0.0
93000.0,24.674650072,1.8450350647479834E-5,93000.0,0.9999883791196021,0.9042295417737051,0.9996,0.9898456539398874,0.9999020733973121,48.504950495049506,0.992495828189348,0.9998979383547663,0.9656509695290896,93000.0,4405720.0,15.0,83371.06666666667,16186.93171078212,287242.1333333333,46821.81503448804,37.666666666666664,8.829064557040057,22.06666666666667,6.74501579651509,22.06666666666667,6.74501579651509,5.999999999999999,0.7559289460184544,0.0,0.0,0.0,0.0,1.0,0.0
94000.0,25.021121606,1.884524605298181E-5,94000.0,0.9998873279857073,0.9044283997363181,0.9995,0.9873379126194428,0.9999020733973121,48.504950495049506,0.992445173848427,0.9997958767095325,0.9566020313942798,94000.0,4405720.0,15.0,83506.79999999999,16309.515439942237,287242.1333333333,46821.81503448804,37.666666666666664,8.829064557040057,22.06666666666667,6.74501579651509,22.06666666666667,6.74501579651509,5.999999999999999,0.7559289460184544,0.0,0.0,0.0,0.0,1.0,0.0
95000.0,25.506871169,1.9416099315200132E-5,95000.0,0.9998791312197913,0.9089701446779552,0.9994,0.9897239158731239,0.9999020733973121,32.11258278145695,0.993252973968369,0.9997937719117344,0.9518174133558713,95000.0,4542704.0,15.0,93933.79999999997,25324.26552368865,296361.0666666667,51093.17900165577,40.0,8.071112509614592,23.400000000000002,6.208289389425814,23.400000000000002,6.208289389425814,6.2666666666666675,0.7037315505489969,0.0,0.0,0.0,0.0,1.0,0.0
96000.0,25.91159234,1.9893988666620293E-5,96000.0,0.9998235938287298,0.9090325822329083,0.9994,0.9896907251921899,0.9999020733973121,32.222591362126245,0.9932308376806183,0.9997937931745541,0.9513102282333014,96000.0,4564296.0,15.0,94177.13333333335,25351.910550338824,297799.4666666667,49895.20716442564,40.0,8.071112509614592,23.400000000000002,6.208289389425814,23.400000000000002,6.208289389425814,6.2666666666666675,0.7037315505489969,0.0,0.0,0.0,0.0,1.0,0.0
96554.0,26.312383552,2.0367519598086704E-5,96554.0,0.99982290875622,0.9091165189808202,0.9994,0.9896907251921899,0.9999020733973121,32.222591362126245,0.9932308376806183,0.9997937931745541,0.9510292476753978,96554.0,4567016.0,15.0,94249.6,25378.93496808496,297980.79999999993,49968.56783904972,40.0,8.071112509614592,23.400000000000002,6.208289389425814,23.400000000000002,6.208289389425814,6.2666666666666675,0.7037315505489969,0.0,0.0,0.0,0.0,1.0,0.0
