learning evaluation instances,evaluation time (cpu seconds),model cost (RAM-Hours),classified instances,AUC,sAUC,Accuracy,Kappa,Periodical holdout AUC,Pos/Neg ratio,G-Mean,Recall,KappaM,model training instances,model serialized size (bytes)
1000.0,0.986495995,6.586694167449346E-7,1000.0,1.0,1.0,0.999,0.0,0.0,1.7976931348623157E308,?,0.999,-Infinity,1000.0,2580920.0
2000.0,2.874577349,1.919314620080166E-6,2000.0,1.0,1.0,0.9995,0.0,0.0,1.7976931348623157E308,?,0.9995,-Infinity,2000.0,2580920.0
3000.0,4.489879065,2.99782871900949E-6,3000.0,1.0,1.0,0.9996666666666667,0.0,0.0,1.7976931348623157E308,?,0.9996666666666667,-Infinity,3000.0,2580920.0
4000.0,6.280117276,4.193145440263756E-6,4000.0,1.0,1.0,0.99975,0.0,0.0,1.7976931348623157E308,?,0.99975,-Infinity,4000.0,2580920.0
5000.0,8.120178421,5.421728229545294E-6,5000.0,1.0,1.0,0.9998,0.0,0.0,1.7976931348623157E308,?,0.9998,-Infinity,5000.0,2580920.0
6000.0,9.749057506,6.509307745633418E-6,6000.0,1.0,1.0,0.9998333333333334,0.0,0.0,1.7976931348623157E308,?,0.9998333333333334,-Infinity,6000.0,2580920.0
7000.0,11.289875982,7.5380904391675554E-6,7000.0,1.0,1.0,0.9998571428571429,0.0,0.0,1.7976931348623157E308,?,0.9998571428571429,-Infinity,7000.0,2580920.0
8000.0,12.798016641,8.54505461668847E-6,8000.0,1.0,1.0,0.999875,0.0,0.0,1.7976931348623157E308,?,0.999875,-Infinity,8000.0,2580920.0
9000.0,14.208036462,9.48650489910636E-6,9000.0,1.0,1.0,0.9998888888888889,0.0,0.0,1.7976931348623157E308,?,0.9998888888888889,-Infinity,9000.0,2580920.0
10000.0,15.98308732,1.0671681239666623E-5,10000.0,1.0,1.0,0.9999,0.0,0.0,1.7976931348623157E308,?,0.9999,-Infinity,10000.0,2580920.0
11000.0,17.692875439,1.1813282572877457E-5,11000.0,1.0,1.0,1.0,?,1.0,1.7976931348623157E308,?,1.0,?,11000.0,2580920.0
12000.0,19.511949076,1.3027852300044852E-5,12000.0,1.0,1.0,1.0,?,1.0,1.7976931348623157E308,?,1.0,?,12000.0,2580920.0
13000.0,21.252864428,1.4190236846273184E-5,13000.0,1.0,1.0,1.0,?,1.0,1.7976931348623157E308,?,1.0,?,13000.0,2580920.0
14000.0,23.075596224,1.5407249074441194E-5,14000.0,0.5,-0.5,0.9999,0.0,1.0,9999.0,0.0,1.0,-0.39999999999906743,14000.0,2580920.0
15000.0,25.208836681,1.6831583541798953E-5,15000.0,0.855913425111864,-0.05760746808480266,0.9993,0.0,1.0,1427.5714285714287,0.0,1.0,-0.5000000000002379,15000.0,2580920.0
16000.0,27.819594835,1.8574749818472244E-5,16000.0,0.9272696060198564,0.1350090126176633,0.9987,0.13317152535134588,1.0,713.2857142857143,0.2672612419124244,1.0,-0.48571428571431835,16000.0,2580920.0
17000.0,29.965909006,2.0007813419672124E-5,17000.0,0.9272696060198564,0.1350090126176633,0.9987,0.13317152535134588,1.0,713.2857142857143,0.2672612419124244,1.0,-0.5785714285714633,17000.0,2580920.0
18000.0,32.176156827,2.148356461430301E-5,18000.0,0.9272696060198564,0.1350090126176633,0.9987,0.13317152535134588,1.0,713.2857142857143,0.2672612419124244,1.0,-0.6714285714285552,18000.0,2580920.0
19000.0,34.033892499,2.2723948435164338E-5,19000.0,0.9272696060198564,0.1350090126176633,0.9987,0.13317152535134588,1.0,713.2857142857143,0.2672612419124244,1.0,-0.764285714285697,19000.0,2580920.0
20000.0,35.922051396,2.398464541286342E-5,20000.0,0.9272696060198564,0.1350090126176633,0.9987,0.13317152535134588,1.0,713.2857142857143,0.2672612419124244,1.0,-0.8571428571427212,20000.0,2580920.0
21000.0,37.73400893,2.5194463818752E-5,21000.0,0.9272696060198564,0.1350090126176633,0.9987,0.13317152535134588,0.9272696060198564,713.2857142857143,0.2672612419124244,1.0,-0.9499999999998417,21000.0,2580920.0
22000.0,39.551855946,2.640821454843463E-5,22000.0,0.9272696060198564,0.1350090126176633,0.9987,0.13317152535134588,0.9272696060198564,713.2857142857143,0.2672612419124244,1.0,-1.0428571428570257,22000.0,2580920.0
23000.0,41.413372031,2.7651122497562458E-5,23000.0,0.9272696060198564,0.1350090126176633,0.9987,0.13317152535134588,0.9272696060198564,713.2857142857143,0.2672612419124244,1.0,-1.135714285714214,23000.0,2580920.0
24000.0,43.287310316,2.8902324573853656E-5,24000.0,0.960313792545694,0.18367878241714086,0.9988,0.1426979296155045,0.9272696060198564,768.2307692307693,0.2773500981126146,1.0,-1.057142857142656,24000.0,2580920.0
25000.0,45.118573921,3.0125033370164153E-5,25000.0,0.9372122698158527,0.22473854083266553,0.9993,0.22208392603133983,0.9272696060198564,1249.0,0.3535533905932738,1.0,-0.16666666666663582,25000.0,2580920.0
26000.0,47.085753523,3.143849135443288E-5,26000.0,0.5,-0.5,0.9999,0.0,0.9272696060198564,9999.0,0.0,1.0,0.8266666666666718,26000.0,2580920.0
27000.0,48.751002041,3.255035422630032E-5,27000.0,0.6666666666666666,-0.30000000000000004,0.9997,0.0,0.9272696060198564,3332.3333333333335,0.0,1.0,0.5235294117647712,27000.0,2580920.0
28000.0,50.311965849,3.359258767295036E-5,28000.0,0.6666666666666666,-0.30000000000000004,0.9997,0.0,0.9272696060198564,3332.3333333333335,0.0,1.0,0.5058823529411893,28000.0,2580920.0
29000.0,51.974906927,3.470290989978054E-5,29000.0,0.625,-0.3500000000000001,0.9996,0.0,0.9272696060198564,2499.0,0.0,1.0,0.3555555555555794,29000.0,2580920.0
30000.0,53.714442873,3.586437343614155E-5,30000.0,0.625,-0.3500000000000001,0.9996,0.0,0.9272696060198564,2499.0,0.0,1.0,0.3333333333334567,30000.0,2580920.0
31000.0,55.445074374,3.701989160057574E-5,31000.0,0.625,-0.3500000000000001,0.9996,0.0,0.625,2499.0,0.0,1.0,0.31111111111116635,31000.0,2580920.0
32000.0,57.279036557,3.8244402199231414E-5,32000.0,0.9852941176470589,0.9161764705882354,0.9991,0.9653240124278735,0.625,72.52941176470588,0.9663454503498036,1.0,0.8079999999999956,32000.0,2580920.0
33000.0,58.822482068,3.927493892686198E-5,33000.0,0.9901930760054124,0.9440987317752776,0.9991,0.9769846871451803,0.625,48.01960784313726,0.9776923610938036,1.0,0.8637614678899066,33000.0,2580920.0
34000.0,60.700409823,4.0528804715820376E-5,34000.0,0.9901930760054124,0.9440987317752776,0.9991,0.9769846871451803,0.625,48.01960784313726,0.9776923610938036,1.0,0.8596330275229336,34000.0,2580920.0
35000.0,62.496222755,4.172784359940292E-5,35000.0,0.992608323348205,0.9512120177535027,0.9992,0.9794915441072791,0.625,48.26108374384236,0.9800975119879277,1.0,0.8715596330275202,35000.0,2580920.0
36000.0,64.276723954,4.2916659055525466E-5,36000.0,0.992608323348205,0.9512120177535027,0.9992,0.9794915441072791,0.625,48.26108374384236,0.9800975119879277,1.0,0.8678899082568777,36000.0,2580920.0
37000.0,66.060540242,4.410768794966413E-5,37000.0,0.9950233524692081,0.9626669184945801,0.9994,0.9845424965413824,0.625,48.75124378109453,0.9849615493669504,1.0,0.898165137614671,37000.0,2580920.0
38000.0,67.700782148,4.5202854260547756E-5,38000.0,0.9950233524692081,0.9626669184945801,0.9994,0.9845424965413824,0.625,48.75124378109453,0.9849615493669504,1.0,0.8954128440366893,38000.0,2580920.0
39000.0,69.500357249,4.640440509113615E-5,39000.0,0.9974989795918368,0.9699797448979623,0.9995,0.9870867768595055,0.625,49.0,0.9874208829065749,1.0,0.9105504587156067,39000.0,2580920.0
40000.0,71.370282474,4.765292770405095E-5,40000.0,0.9974989795918368,0.9699797448979623,0.9995,0.9870867768595055,0.625,49.0,0.9874208829065749,1.0,0.9082568807339543,40000.0,2580920.0
41000.0,73.190130573,4.886801452853696E-5,41000.0,0.9974989795918368,0.9699797448979623,0.9995,0.9870867768595055,0.9974989795918368,49.0,0.9874208829065749,1.0,0.905963302752304,41000.0,2580920.0
42000.0,74.904858877,5.001291435336768E-5,42000.0,1.0,0.9999798630688687,1.0,1.0,0.9974989795918368,146.05882352941177,1.0,1.0,1.0,42000.0,2580920.0
43000.0,76.685259016,5.120166233315824E-5,43000.0,1.0,1.0,1.0,?,0.9974989795918368,1.7976931348623157E308,?,1.0,1.0,43000.0,2580920.0
44000.0,78.79397827,5.260962434025285E-5,44000.0,0.5,-0.5,0.9999,0.0,0.9974989795918368,9999.0,0.0,1.0,0.9799086757990891,44000.0,2580920.0
45000.0,80.608546682,5.382118599243758E-5,45000.0,0.5,-0.5,0.9999,0.0,0.9974989795918368,9999.0,0.0,1.0,0.9794520547945229,45000.0,2580920.0
46000.0,82.651908107,5.5185509501935306E-5,46000.0,0.5,-0.5,0.9999,0.0,0.9974989795918368,9999.0,0.0,1.0,0.9789954337899566,46000.0,2580920.0
47000.0,84.836840149,5.664435770915125E-5,47000.0,0.5,-0.5,0.9998,0.0,0.9974989795918368,4999.0,0.0,1.0,0.9572727272727317,47000.0,2580920.0
48000.0,87.153453578,5.8191127715149E-5,48000.0,0.5,-0.5,0.9998,0.0,0.9974989795918368,4999.0,0.0,1.0,0.9563636363636416,48000.0,2580920.0
49000.0,89.312249427,5.963252515613123E-5,49000.0,0.5,-0.5,0.9998,0.0,0.9974989795918368,4999.0,0.0,1.0,0.9554545454545509,49000.0,2580920.0
50000.0,91.403110094,6.102856323738853E-5,50000.0,0.625,-0.3500000000000001,0.9996,0.0,0.9974989795918368,2499.0,0.0,1.0,0.9099099099099198,50000.0,2580920.0
51000.0,93.600836264,6.249595390283059E-5,51000.0,0.625,-0.3500000000000001,0.9996,0.0,0.625,2499.0,0.0,1.0,0.9081081081081176,51000.0,2580920.0
52000.0,95.804678133,6.396742793395659E-5,52000.0,0.9649122807017544,0.8,0.9991,0.9138366802996175,0.625,174.43859649122808,0.9176629354822471,1.0,0.829818181818179,52000.0,2580920.0
53000.0,97.495582683,6.509642097535241E-5,53000.0,0.9901933262075757,0.9440886986685209,0.9991,0.9769846871451803,0.625,48.01960784313726,0.9776923610938036,1.0,0.8869668246445478,53000.0,2580920.0
54000.0,99.356369214,6.633884181159778E-5,54000.0,0.992608323348205,0.9512021876607414,0.9992,0.9794915441072791,0.625,48.26108374384236,0.9800975119879277,1.0,0.8976303317535518,54000.0,2580920.0
55000.0,101.29783365,6.763513014340308E-5,55000.0,0.992608323348205,0.9512021876607414,0.9992,0.9794915441072791,0.625,48.26108374384236,0.9800975119879277,1.0,0.8957345971563951,55000.0,2580920.0
56000.0,103.191687816,6.889962977162426E-5,56000.0,0.992608323348205,0.9512021876607414,0.9992,0.9794915441072791,0.625,48.26108374384236,0.9800975119879277,1.0,0.8938388625592391,56000.0,2580920.0
57000.0,105.090350006,7.016733964943574E-5,57000.0,0.9928781653069336,0.926933631375576,0.9986,0.9649725559976253,0.625,46.39336492890995,0.9662552918869454,1.0,0.8148491879350392,57000.0,2580920.0
58000.0,106.899642817,7.137537885748359E-5,58000.0,0.9928781653069336,0.926933631375576,0.9986,0.9649725559976253,0.625,46.39336492890995,0.9662552918869454,1.0,0.8116009280742515,58000.0,2580920.0
59000.0,108.862204656,7.268575362673949E-5,59000.0,0.9928781653069336,0.926933631375576,0.9986,0.9649725559976253,0.625,46.39336492890995,0.9662552918869454,1.0,0.8083526682134639,59000.0,2580920.0
60000.0,110.854042888,7.401567582933465E-5,60000.0,0.9952055373575674,0.9377176285808778,0.9988,0.9698314634706795,0.625,46.84688995215311,0.9708675151931989,1.0,0.8329466357308611,60000.0,2580920.0
61000.0,112.664714474,7.522463562594005E-5,61000.0,0.9928459555425847,0.9308728050975209,0.9987,0.9673961567592793,0.9952055373575674,46.61904761904762,0.9685531674075709,1.0,0.8164351851851888,61000.0,2580920.0
62000.0,114.502973686,7.64520152900552E-5,62000.0,0.993620866715717,0.9457804731740529,0.9992,0.9734502760175672,0.9952055373575674,62.69426751592356,0.9741891941441668,1.0,0.8851851851851821,62000.0,2580920.0
63000.0,116.463325395,7.776091438678389E-5,63000.0,0.8570176818975137,0.05713033961832281,0.9988,0.24973740809284922,0.9952055373575674,713.2857142857143,0.3779644730092272,1.0,0.8266055045871581,63000.0,2580920.0
64000.0,118.047700078,7.881877894340284E-5,64000.0,0.8567673314068267,0.05710530456925389,0.9988,0.24973740809284922,0.9952055373575674,713.2857142857143,0.3779644730092272,1.0,0.8238532110091774,64000.0,2580920.0
65000.0,119.873355353,8.003774313713133E-5,65000.0,0.8567673314068267,0.05710530456925389,0.9988,0.24973740809284922,0.9952055373575674,713.2857142857143,0.3779644730092272,1.0,0.8211009174311957,65000.0,2580920.0
66000.0,121.539494158,8.115020044103093E-5,66000.0,0.8567673314068267,0.05710530456925389,0.9988,0.24973740809284922,0.9952055373575674,713.2857142857143,0.3779644730092272,1.0,0.8183486238532145,66000.0,2580920.0
67000.0,123.544175389,8.248869773232737E-5,67000.0,0.69959979989995,-0.23982991495747874,0.9995,0.0,0.9952055373575674,1999.0,0.0,1.0,0.9231651376146879,67000.0,2580920.0
68000.0,125.755866273,8.396541243970373E-5,68000.0,0.69959979989995,-0.23982991495747874,0.9995,0.0,0.9952055373575674,1999.0,0.0,1.0,0.9220183486238617,68000.0,2580920.0
69000.0,128.069793844,8.551038913632032E-5,69000.0,0.6421709482351932,-0.3138625609355121,0.9993,0.0,0.9952055373575674,1427.5714285714287,0.0,1.0,0.8897260273972545,69000.0,2580920.0
70000.0,129.719902426,8.66121432871537E-5,70000.0,0.6421709482351932,-0.3138625609355121,0.9993,0.0,0.9952055373575674,1427.5714285714287,0.0,1.0,0.888127853881273,70000.0,2580920.0
71000.0,131.701891434,8.793548930225256E-5,71000.0,0.6421709482351932,-0.3138625609355121,0.9993,0.0,0.6421709482351932,1427.5714285714287,0.0,1.0,0.8867881548974891,71000.0,2580920.0
72000.0,133.68007067,8.925629158649605E-5,72000.0,0.6421709482351932,-0.3138625609355121,0.9993,0.0,0.6421709482351932,1427.5714285714287,0.0,1.0,0.8851936218678755,72000.0,2580920.0
73000.0,135.399963314,9.040463956806833E-5,73000.0,0.4991997599279784,-0.4991997599279784,0.9997,0.0,0.6421709482351932,3332.3333333333335,0.0,1.0,0.9501138952164067,73000.0,2580920.0
74000.0,137.017092266,9.14843736866191E-5,74000.0,0.4996999099729919,-0.4996999099729919,0.9997,0.0,0.6421709482351932,3332.3333333333335,0.0,1.0,0.9494305239180013,74000.0,2580920.0
75000.0,138.818420767,9.268709523757653E-5,75000.0,0.4996999099729919,-0.4996999099729919,0.9997,0.0,0.6421709482351932,3332.3333333333335,0.0,1.0,0.948747152619596,75000.0,2580920.0
76000.0,140.647992934,9.390867468466862E-5,76000.0,0.4996999099729919,-0.4996999099729919,0.9997,0.0,0.6421709482351932,3332.3333333333335,0.0,1.0,0.9480637813211903,76000.0,2580920.0
77000.0,142.986857943,9.547030175576804E-5,77000.0,0.9877320875267216,0.9410852468794786,0.9991,0.9769846871451803,0.6421709482351932,48.01960784313726,0.9776923610938036,1.0,0.891718749999998,77000.0,2580920.0
78000.0,144.814041535,9.669028638513144E-5,78000.0,0.985347427134302,0.9340402644455266,0.999,0.9744901212994731,0.6421709482351932,47.78048780487805,0.9753048303966929,1.0,0.8783151326053035,78000.0,2580920.0
79000.0,146.818064342,9.802834405603991E-5,79000.0,0.9897043422660359,0.9320414888371753,0.9987,0.9718506264318294,0.6421709482351932,40.1522633744856,0.9728833730787924,1.0,0.8491923641703412,79000.0,2580920.0
80000.0,148.479518619,9.913767356688092E-5,80000.0,0.9932232670272768,0.9593081407007574,0.9986,0.9832132400533057,0.6421709482351932,21.573363431151243,0.9840717916881818,1.0,0.8728717366628868,80000.0,2580920.0
81000.0,150.372218596,1.0040140255943882E-4,81000.0,0.9943396306806077,0.9626092756867033,0.9987,0.984395188724588,0.9932232670272768,21.624434389140273,0.985184366143778,1.0,0.8804767309875169,81000.0,2580920.0
82000.0,152.019606973,1.0150134046788514E-4,82000.0,0.9943396306806077,0.9626092756867033,0.9987,0.984395188724588,0.9932232670272768,21.624434389140273,0.985184366143778,1.0,0.8790011350737823,82000.0,2580920.0
83000.0,154.114801998,1.0290027253864701E-4,83000.0,0.9943396306806077,0.9626092756867033,0.9987,0.984395188724588,0.9932232670272768,21.624434389140273,0.985184366143778,1.0,0.8775255391600485,83000.0,2580920.0
84000.0,156.012260226,1.041671785480674E-4,84000.0,0.9943396306806077,0.9626092756867033,0.9987,0.984395188724588,0.9932232670272768,21.624434389140273,0.985184366143778,1.0,0.8760499432463141,84000.0,2580920.0
85000.0,157.885804039,1.0541811724098606E-4,85000.0,0.9943396306806077,0.9626092756867033,0.9987,0.984395188724588,0.9932232670272768,21.624434389140273,0.985184366143778,1.0,0.8745743473325798,85000.0,2580920.0
86000.0,159.665967433,1.066067071494901E-4,86000.0,0.9932232670272768,0.9593081407007574,0.9986,0.9832132400533057,0.9932232670272768,21.573363431151243,0.9840717916881818,1.0,0.8634920634920681,86000.0,2580920.0
87000.0,161.58028849,1.0788487223122137E-4,87000.0,0.991733419834372,0.9565927257821099,0.9992,0.9827836437729295,0.9932232670272768,40.32231404958678,0.9833321660356334,1.0,0.9210884353741476,87000.0,2580920.0
88000.0,163.41226625,1.0910805785871993E-4,88000.0,0.9937759336099585,0.9626556016597511,0.9993,0.9849047229240321,0.9932232670272768,40.49377593360996,0.9853701623483802,1.0,0.9301587301587265,88000.0,2580920.0
89000.0,165.076846635,1.1021947462763748E-4,89000.0,0.9950248756218906,0.9850746268656717,0.9998,0.9948979617867547,0.9932232670272768,48.75124378109453,0.995012437733208,1.0,0.9798185941043105,89000.0,2580920.0
90000.0,166.839893421,1.1139663601918338E-4,90000.0,0.9824561403508771,0.8684210526315789,0.9994,0.9441437516407737,0.9932232670272768,174.43859649122808,0.9459053029269173,1.0,0.9424307036247291,90000.0,2580920.0
91000.0,168.632214215,1.1259334325163778E-4,91000.0,0.9950426839989571,0.9627524509952559,0.9993,0.9820990729365593,0.9824561403508771,48.504950495049506,0.9849862941136559,0.9998979383547663,0.9411819021237277,91000.0,2580920.0
92000.0,170.592055026,1.1390190122900117E-4,92000.0,0.9950426839989571,0.9627524509952559,0.9993,0.9820990729365593,0.9824561403508771,48.504950495049506,0.9849862941136559,0.9998979383547663,0.9405355493998127,92000.0,2580920.0
93000.0,172.734017605,1.1533205933379855E-4,93000.0,0.9950426839989571,0.9627524509952559,0.9993,0.9820990729365593,0.9824561403508771,48.504950495049506,0.9849862941136559,0.9998979383547663,0.9398891966758972,93000.0,2580920.0
94000.0,175.023505047,1.1686071770211458E-4,94000.0,0.9950426839989571,0.9627524509952559,0.9993,0.9820990729365593,0.9824561403508771,48.504950495049506,0.9849862941136559,0.9998979383547663,0.9392428439519821,94000.0,2580920.0
95000.0,176.79330092,1.1804238536354944E-4,95000.0,0.9950244059333596,0.9551782712076878,0.9988,0.9791797949626212,0.9824561403508771,32.11258278145695,0.9815685410127094,0.9998968859558672,0.9036348267117515,95000.0,2580920.0
96000.0,178.469695317,1.1916169018110875E-4,96000.0,0.9966695199936699,0.960012249096472,0.9989,0.9808835817077428,0.9824561403508771,32.222591362126245,0.9831977067648702,0.999896896587277,0.9107354184277267,96000.0,2580920.0
96554.0,179.64731536,1.199479704202596E-4,96554.0,0.9966695199936699,0.960012249096472,0.9989,0.9808835817077428,0.9824561403508771,32.222591362126245,0.9831977067648702,0.999896896587277,0.9102202874049035,96554.0,2580920.0
