learning evaluation instances,evaluation time (cpu seconds),model cost (RAM-Hours),classified instances,AUC,sAUC,Accuracy,Kappa,Periodical holdout AUC,Pos/Neg ratio,G-Mean,Recall,KappaM,model training instances,model serialized size (bytes)
1000.0,0.788365706,5.263806263630382E-7,1000.0,1.0,1.0,0.999,0.0,0.0,1.7976931348623157E308,?,0.999,-Infinity,1000.0,2580920.0
2000.0,2.449004471,1.6351656313813084E-6,2000.0,1.0,1.0,0.9995,0.0,0.0,1.7976931348623157E308,?,0.9995,-Infinity,2000.0,2580920.0
3000.0,4.225146365,2.821070441240393E-6,3000.0,1.0,1.0,0.9996666666666667,0.0,0.0,1.7976931348623157E308,?,0.9996666666666667,-Infinity,3000.0,2580920.0
4000.0,5.840847129,3.899850978872708E-6,4000.0,1.0,1.0,0.99975,0.0,0.0,1.7976931348623157E308,?,0.99975,-Infinity,4000.0,2580920.0
5000.0,7.206974763,4.811995069113964E-6,5000.0,1.0,1.0,0.9998,0.0,0.0,1.7976931348623157E308,?,0.9998,-Infinity,5000.0,2580920.0
6000.0,8.737601976,5.833973200551421E-6,6000.0,1.0,1.0,0.9998333333333334,0.0,0.0,1.7976931348623157E308,?,0.9998333333333334,-Infinity,6000.0,2580920.0
7000.0,10.54819144,7.042878165459468E-6,7000.0,1.0,1.0,0.9998571428571429,0.0,0.0,1.7976931348623157E308,?,0.9998571428571429,-Infinity,7000.0,2580920.0
8000.0,11.997341797,8.01045535305961E-6,8000.0,1.0,1.0,0.999875,0.0,0.0,1.7976931348623157E308,?,0.999875,-Infinity,8000.0,2580920.0
9000.0,14.076124562,9.398429190056254E-6,9000.0,1.0,1.0,0.9998888888888889,0.0,0.0,1.7976931348623157E308,?,0.9998888888888889,-Infinity,9000.0,2580920.0
10000.0,15.72270585,1.0497828216597749E-5,10000.0,1.0,1.0,0.9999,0.0,0.0,1.7976931348623157E308,?,0.9999,-Infinity,10000.0,2580920.0
11000.0,17.563346552,1.172679796788734E-5,11000.0,1.0,1.0,1.0,?,1.0,1.7976931348623157E308,?,1.0,?,11000.0,2580920.0
12000.0,19.145973981,1.2783495907734491E-5,12000.0,1.0,1.0,1.0,?,1.0,1.7976931348623157E308,?,1.0,?,12000.0,2580920.0
13000.0,20.871083171,1.3935326903255792E-5,13000.0,1.0,1.0,1.0,?,1.0,1.7976931348623157E308,?,1.0,?,13000.0,2580920.0
14000.0,22.493393924,1.5018520837010735E-5,14000.0,0.5,-0.5,0.9999,0.0,1.0,9999.0,0.0,1.0,-0.39999999999906743,14000.0,2580920.0
15000.0,24.066591724,1.606892274700573E-5,15000.0,0.8552844133750769,-0.0863223303931816,0.9993,0.0,1.0,1427.5714285714287,0.0,1.0,-0.5000000000002379,15000.0,2580920.0
16000.0,25.706432301,1.716382109619494E-5,16000.0,0.9267975165231324,0.07062554242606034,0.9986,0.0,1.0,713.2857142857143,0.0,1.0,-0.6000000000000254,16000.0,2580920.0
17000.0,27.688103092,1.8486954642305733E-5,17000.0,0.9267975165231324,0.07062554242606034,0.9986,0.0,1.0,713.2857142857143,0.0,1.0,-0.7000000000000269,17000.0,2580920.0
18000.0,29.821488486,1.9911385882047503E-5,18000.0,0.9267975165231324,0.07062554242606034,0.9986,0.0,1.0,713.2857142857143,0.0,1.0,-0.7999999999999714,18000.0,2580920.0
19000.0,31.295507232,2.0895567341090244E-5,19000.0,0.9267975165231324,0.07062554242606034,0.9986,0.0,1.0,713.2857142857143,0.0,1.0,-0.8999999999999698,19000.0,2580920.0
20000.0,32.833292329,2.1922324690389004E-5,20000.0,0.9267975165231324,0.07062554242606034,0.9986,0.0,1.0,713.2857142857143,0.0,1.0,-0.9999999999998413,20000.0,2580920.0
21000.0,34.271816576,2.2882806974703737E-5,21000.0,0.9267975165231324,0.07062554242606034,0.9986,0.0,0.9267975165231324,713.2857142857143,0.0,1.0,-1.099999999999817,21000.0,2580920.0
22000.0,35.727156624,2.3854516931399208E-5,22000.0,0.9267975165231324,0.07062554242606034,0.9986,0.0,0.9267975165231324,713.2857142857143,0.0,1.0,-1.1999999999998605,22000.0,2580920.0
23000.0,37.562728473,2.5080102281265987E-5,23000.0,0.9267975165231324,0.07062554242606034,0.9986,0.0,0.9267975165231324,713.2857142857143,0.0,1.0,-1.2999999999999088,23000.0,2580920.0
24000.0,39.128533341,2.6125568035176057E-5,24000.0,0.959874760265268,0.1142734272502941,0.9987,0.0,0.9267975165231324,768.2307692307693,0.0,1.0,-1.2285714285711948,24000.0,2580920.0
25000.0,40.833309055,2.726382265649493E-5,25000.0,0.937162229783827,0.13728899786495774,0.9992,0.0,0.9267975165231324,1249.0,0.0,1.0,-0.33333333333327164,25000.0,2580920.0
26000.0,42.56372028,2.841919374576087E-5,26000.0,0.5,-0.5,0.9999,0.0,0.9267975165231324,9999.0,0.0,1.0,0.8266666666666718,26000.0,2580920.0
27000.0,44.475030506,2.9695348538237293E-5,27000.0,0.6666666666666666,-0.3111111111111112,0.9997,0.0,0.9267975165231324,3332.3333333333335,0.0,1.0,0.5235294117647712,27000.0,2580920.0
28000.0,46.176365885,3.08313060965581E-5,28000.0,0.6666666666666666,-0.3111111111111112,0.9997,0.0,0.9267975165231324,3332.3333333333335,0.0,1.0,0.5058823529411893,28000.0,2580920.0
29000.0,48.270657206,3.222963477694676E-5,29000.0,0.625,-0.3583333333333335,0.9996,0.0,0.9267975165231324,2499.0,0.0,1.0,0.3555555555555794,29000.0,2580920.0
30000.0,49.635409641,3.3140860666275056E-5,30000.0,0.625,-0.3583333333333335,0.9996,0.0,0.9267975165231324,2499.0,0.0,1.0,0.3333333333334567,30000.0,2580920.0
31000.0,51.357680929,3.429079683478784E-5,31000.0,0.625,-0.3583333333333335,0.9996,0.0,0.625,2499.0,0.0,1.0,0.31111111111116635,31000.0,2580920.0
32000.0,53.18389907,3.5510136846179866E-5,32000.0,0.9852941176470589,0.8975490196078432,0.9988,0.9532395630704777,0.625,72.52941176470588,0.954863710632231,1.0,0.7440000000000021,32000.0,2580920.0
33000.0,54.935433674,3.667961171670405E-5,33000.0,0.9901895731751255,0.9316483385241895,0.9988,0.9690854231587284,0.625,48.01960784313726,0.9701425001453319,1.0,0.8183486238532145,33000.0,2580920.0
34000.0,56.87070233,3.797176321387488E-5,34000.0,0.9901895731751255,0.9316483385241895,0.9988,0.9690854231587284,0.625,48.01960784313726,0.9701425001453319,1.0,0.8128440366972506,34000.0,2580920.0
35000.0,58.988073819,3.938550219584812E-5,35000.0,0.992604803621899,0.9387002958078503,0.9989,0.9715912612653564,0.625,48.26108374384236,0.9725290781677293,1.0,0.8233944954128469,35000.0,2580920.0
36000.0,60.729078009,4.054794605795198E-5,36000.0,0.992604803621899,0.9387002958078503,0.9989,0.9715912612653564,0.625,48.26108374384236,0.9725290781677293,1.0,0.8183486238532137,36000.0,2580920.0
37000.0,62.492439552,4.17253176082929E-5,37000.0,0.9950203061638435,0.9501960551360914,0.9991,0.9766404624565509,0.625,48.75124378109453,0.9773555548504418,1.0,0.847247706422016,37000.0,2580920.0
38000.0,64.272624427,4.2913921859356694E-5,38000.0,0.9950203061638435,0.9501960551360914,0.9991,0.9766404624565509,0.625,48.75124378109453,0.9773555548504418,1.0,0.8431192660550436,38000.0,2580920.0
39000.0,65.867077866,4.397851585874043E-5,39000.0,0.997495918367347,0.9574465306122402,0.9992,0.9791840133222308,0.625,49.0,0.9797958971132712,1.0,0.8568807339449509,39000.0,2580920.0
40000.0,67.703448779,4.520463473233309E-5,40000.0,0.997495918367347,0.9574465306122402,0.9992,0.9791840133222308,0.625,49.0,0.9797958971132712,1.0,0.8532110091743065,40000.0,2580920.0
41000.0,69.380276487,4.632422886551566E-5,41000.0,0.997495918367347,0.9574465306122402,0.9992,0.9791840133222308,0.997495918367347,49.0,0.9797958971132712,1.0,0.8495412844036655,41000.0,2580920.0
42000.0,71.027383787,4.742397910282638E-5,42000.0,1.0,0.9999463015169827,1.0,1.0,0.997495918367347,146.05882352941177,1.0,1.0,1.0,42000.0,2580920.0
43000.0,72.792386086,4.860244616273147E-5,43000.0,1.0,1.0,1.0,?,0.997495918367347,1.7976931348623157E308,?,1.0,1.0,43000.0,2580920.0
44000.0,74.968180069,5.005519301725848E-5,44000.0,0.5,-0.5,0.9999,0.0,0.997495918367347,9999.0,0.0,1.0,0.9799086757990891,44000.0,2580920.0
45000.0,76.885049013,5.133505928708653E-5,45000.0,0.5,-0.5,0.9999,0.0,0.997495918367347,9999.0,0.0,1.0,0.9794520547945229,45000.0,2580920.0
46000.0,78.515173514,5.2423470349814966E-5,46000.0,0.5,-0.5,0.9999,0.0,0.997495918367347,9999.0,0.0,1.0,0.9789954337899566,46000.0,2580920.0
47000.0,80.433418535,5.370425540678415E-5,47000.0,0.5,-0.5,0.9998,0.0,0.997495918367347,4999.0,0.0,1.0,0.9572727272727317,47000.0,2580920.0
48000.0,82.113815455,5.482623265231405E-5,48000.0,0.5,-0.5,0.9998,0.0,0.997495918367347,4999.0,0.0,1.0,0.9563636363636416,48000.0,2580920.0
49000.0,83.632181704,5.5840024311583814E-5,49000.0,0.5,-0.5,0.9998,0.0,0.997495918367347,4999.0,0.0,1.0,0.9554545454545509,49000.0,2580920.0
50000.0,85.184181173,5.687627239593075E-5,50000.0,0.625,-0.3583333333333335,0.9996,0.0,0.997495918367347,2499.0,0.0,1.0,0.9099099099099198,50000.0,2580920.0
51000.0,86.945467071,5.8052258067475964E-5,51000.0,0.625,-0.3583333333333335,0.9996,0.0,0.625,2499.0,0.0,1.0,0.9081081081081176,51000.0,2580920.0
52000.0,88.599764299,5.915680891797336E-5,52000.0,0.9649122807017544,0.7555555555555555,0.9988,0.8817582547518423,0.625,174.43859649122808,0.8885233166386386,1.0,0.7730909090909123,52000.0,2580920.0
53000.0,90.444652646,6.0388614761724415E-5,53000.0,0.9901933262075757,0.9316802976805292,0.9988,0.9690854231587284,0.625,48.01960784313726,0.9701425001453319,1.0,0.8492890995260685,53000.0,2580920.0
54000.0,92.015160147,6.143722039714539E-5,54000.0,0.992608323348205,0.9387326605292728,0.9989,0.9715912612653564,0.625,48.26108374384236,0.9725290781677293,1.0,0.859241706161139,54000.0,2580920.0
55000.0,93.638854201,6.252133794140405E-5,55000.0,0.992608323348205,0.9387326605292728,0.9989,0.9715912612653564,0.625,48.26108374384236,0.9725290781677293,1.0,0.8566350710900488,55000.0,2580920.0
56000.0,95.388734064,6.368970796477745E-5,56000.0,0.992608323348205,0.9387326605292728,0.9989,0.9715912612653564,0.625,48.26108374384236,0.9725290781677293,1.0,0.8540284360189592,56000.0,2580920.0
57000.0,97.142197979,6.48604710089562E-5,57000.0,0.9928781653069336,0.9110043239364766,0.9981,0.9518862611471932,0.625,46.39336492890995,0.9539143602205971,1.0,0.7487238979118296,57000.0,2580920.0
58000.0,98.91036954,6.6041054140253E-5,58000.0,0.9928781653069336,0.9110043239364766,0.9981,0.9518862611471932,0.625,46.39336492890995,0.9539143602205971,1.0,0.7443155452436175,58000.0,2580920.0
59000.0,101.185064784,6.7559835967277E-5,59000.0,0.9928781653069336,0.9110043239364766,0.9981,0.9518862611471932,0.625,46.39336492890995,0.9539143602205971,1.0,0.7399071925754055,59000.0,2580920.0
60000.0,102.631914218,6.852587686114856E-5,60000.0,0.9952055373575674,0.9217953147415707,0.9983,0.956740184602355,0.625,46.84688995215311,0.9584676765970461,1.0,0.7633410672853775,60000.0,2580920.0
61000.0,104.532027517,6.979455562390586E-5,61000.0,0.9928459555425847,0.9150263145094556,0.9982,0.9543072986474953,0.9952055373575674,46.61904761904762,0.9561828874675149,1.0,0.7458333333333286,61000.0,2580920.0
62000.0,106.332082268,7.099642671001211E-5,62000.0,0.993620866715717,0.940499084026862,0.999,0.9665981037075437,0.9952055373575674,62.69426751592356,0.967628922926592,1.0,0.8564814814814816,62000.0,2580920.0
63000.0,107.995166119,7.210684426435412E-5,63000.0,0.8570176818975137,-0.009526193814197392,0.9986,0.0,0.9952055373575674,713.2857142857143,0.0,1.0,0.7977064220183537,63000.0,2580920.0
64000.0,109.545303572,7.314184910696577E-5,64000.0,0.8567172613086893,-0.009531916111127914,0.9986,0.0,0.9952055373575674,713.2857142857143,0.0,1.0,0.794495412844043,64000.0,2580920.0
65000.0,111.092969645,7.417520384412193E-5,65000.0,0.8567172613086893,-0.009531916111127914,0.9986,0.0,0.9952055373575674,713.2857142857143,0.0,1.0,0.7912844036697311,65000.0,2580920.0
66000.0,112.607396105,7.51863649620252E-5,66000.0,0.8567172613086893,-0.009531916111127914,0.9986,0.0,0.9952055373575674,713.2857142857143,0.0,1.0,0.7880733944954197,66000.0,2580920.0
67000.0,114.030127218,7.613630239424414E-5,67000.0,0.69951975987994,-0.2597838919459733,0.9995,0.0,0.9952055373575674,1999.0,0.0,1.0,0.9231651376146879,67000.0,2580920.0
68000.0,115.554762774,7.715427998108586E-5,68000.0,0.69951975987994,-0.2597838919459733,0.9995,0.0,0.9952055373575674,1999.0,0.0,1.0,0.9220183486238617,68000.0,2580920.0
69000.0,117.316253542,7.833040244143112E-5,69000.0,0.6420851739074495,-0.3280825149032899,0.9993,0.0,0.9952055373575674,1427.5714285714287,0.0,1.0,0.8897260273972545,69000.0,2580920.0
70000.0,119.361730452,7.969613843032881E-5,70000.0,0.6420851739074495,-0.3280825149032899,0.9993,0.0,0.9952055373575674,1427.5714285714287,0.0,1.0,0.888127853881273,70000.0,2580920.0
71000.0,121.085934616,8.08473651527962E-5,71000.0,0.6420851739074495,-0.3280825149032899,0.9993,0.0,0.6420851739074495,1427.5714285714287,0.0,1.0,0.8867881548974891,71000.0,2580920.0
72000.0,123.198328813,8.225778086733073E-5,72000.0,0.6420851739074495,-0.3280825149032899,0.9993,0.0,0.6420851739074495,1427.5714285714287,0.0,1.0,0.8851936218678755,72000.0,2580920.0
73000.0,124.740418321,8.328741221094591E-5,73000.0,0.49909972991897567,-0.49909972991897567,0.9997,0.0,0.6420851739074495,3332.3333333333335,0.0,1.0,0.9501138952164067,73000.0,2580920.0
74000.0,126.299447125,8.432835368280584E-5,74000.0,0.4996999099729919,-0.4996999099729919,0.9997,0.0,0.6420851739074495,3332.3333333333335,0.0,1.0,0.9494305239180013,74000.0,2580920.0
75000.0,127.769571152,8.530993469308334E-5,75000.0,0.4996999099729919,-0.4996999099729919,0.9997,0.0,0.6420851739074495,3332.3333333333335,0.0,1.0,0.948747152619596,75000.0,2580920.0
76000.0,129.418675959,8.641101863755283E-5,76000.0,0.4996999099729919,-0.4996999099729919,0.9997,0.0,0.6420851739074495,3332.3333333333335,0.0,1.0,0.9480637813211903,76000.0,2580920.0
77000.0,131.259000948,8.763977759173972E-5,77000.0,0.987731587122395,0.9288568663480045,0.9988,0.9690854231587284,0.6420851739074495,48.01960784313726,0.9701425001453319,1.0,0.8556250000000019,77000.0,2580920.0
78000.0,132.994766031,8.879872337623409E-5,78000.0,0.9853469291201334,0.9218781276327286,0.9987,0.9665919697374651,0.6420851739074495,47.78048780487805,0.9677734062546143,1.0,0.8418096723868985,78000.0,2580920.0
79000.0,134.851332879,9.003832678984972E-5,79000.0,0.9897034987226645,0.9114787413714335,0.9981,0.9583437108650121,0.6420851739074495,40.1522633744856,0.9601097330974608,1.0,0.7795888399412609,79000.0,2580920.0
80000.0,136.381735555,9.106015500110952E-5,80000.0,0.9932227946329389,0.948035221406892,0.998,0.9758606347542649,0.6420851739074495,21.573363431151243,0.9771659394072726,1.0,0.8183881952326897,80000.0,2580920.0
81000.0,138.095824581,9.220462798906556E-5,81000.0,0.9943391572670403,0.9513108506074016,0.9981,0.9770422379323126,0.9932227946329389,21.624434389140273,0.9782707062263664,1.0,0.8253121452894423,81000.0,2580920.0
82000.0,139.83603875,9.336654436532667E-5,82000.0,0.9943391572670403,0.9513108506074016,0.9981,0.9770422379323126,0.9932227946329389,21.624434389140273,0.9782707062263664,1.0,0.8231555051078301,82000.0,2580920.0
83000.0,141.437723333,9.443596649723706E-5,83000.0,0.9943391572670403,0.9513108506074016,0.9981,0.9770422379323126,0.9932227946329389,21.624434389140273,0.9782707062263664,1.0,0.8209988649262191,83000.0,2580920.0
84000.0,143.24687258,9.564390984963356E-5,84000.0,0.9943391572670403,0.9513108506074016,0.9981,0.9770422379323126,0.9932227946329389,21.624434389140273,0.9782707062263664,1.0,0.8188422247446072,84000.0,2580920.0
85000.0,144.974239636,9.67972483903338E-5,85000.0,0.9943391572670403,0.9513108506074016,0.9981,0.9770422379323126,0.9932227946329389,21.624434389140273,0.9782707062263664,1.0,0.8166855845629953,85000.0,2580920.0
86000.0,146.510578282,9.782303996476743E-5,86000.0,0.9932227946329389,0.948035221406892,0.998,0.9758606347542649,0.9932227946329389,21.573363431151243,0.9771659394072726,1.0,0.8049886621315196,86000.0,2580920.0
87000.0,148.037528543,9.88425630473841E-5,87000.0,0.991733419834372,0.9462688522294647,0.9989,0.9761811755066266,0.9932227946329389,40.32231404958678,0.9770084209183945,1.0,0.8914965986394572,87000.0,2580920.0
88000.0,149.537633076,9.98441616172876E-5,88000.0,0.9937759336099585,0.9522821576763486,0.999,0.9783017095215136,0.9932227946329389,40.49377593360996,0.9790333110095847,1.0,0.9002267573696141,88000.0,2580920.0
89000.0,151.236312304,1.0097834570117078E-4,89000.0,0.9950248756218906,0.9850746268656717,0.9998,0.9948979617867547,0.9932227946329389,48.75124378109453,0.995012437733208,1.0,0.9798185941043105,89000.0,2580920.0
90000.0,153.010626833,1.0216303040527695E-4,90000.0,0.9824561403508771,0.8245614035087718,0.9991,0.9138366802996175,0.9932227946329389,174.43859649122808,0.9176629354822471,1.0,0.9136460554370991,90000.0,2580920.0
91000.0,154.702532966,1.0329269218946928E-4,91000.0,0.9950426839989571,0.9504160780438086,0.9991,0.9767563664312342,0.9824561403508771,48.504950495049506,0.9774689481279983,1.0,0.9243767313019382,91000.0,2580920.0
92000.0,156.285557786,1.0434965546166396E-4,92000.0,0.9950426839989571,0.9504160780438086,0.9991,0.9767563664312342,0.9824561403508771,48.504950495049506,0.9774689481279983,1.0,0.9235457063711905,92000.0,2580920.0
93000.0,158.320588234,1.0570841649570378E-4,93000.0,0.9950426839989571,0.9504160780438086,0.9991,0.9767563664312342,0.9824561403508771,48.504950495049506,0.9774689481279983,1.0,0.922714681440442,93000.0,2580920.0
94000.0,160.368799517,1.0707597818676164E-4,94000.0,0.9950426839989571,0.9504160780438086,0.9991,0.9767563664312342,0.9824561403508771,48.504950495049506,0.9774689481279983,1.0,0.9218836565096941,94000.0,2580920.0
95000.0,161.987704987,1.0815689846124292E-4,95000.0,0.9950244059333596,0.9386620645480288,0.9983,0.9701642370995419,0.9824561403508771,32.11258278145695,0.97144665796508,1.0,0.8634826711749762,95000.0,2580920.0
96000.0,163.773120715,1.0934899527883718E-4,96000.0,0.9966695199936699,0.9434411671717393,0.9984,0.9718727311402259,0.9824561403508771,32.222591362126245,0.9730590186728645,1.0,0.870160608622143,96000.0,2580920.0
96554.0,164.80195791,1.1003593531568563E-4,96554.0,0.9966695199936699,0.9434411671717393,0.9984,0.9718727311402259,0.9824561403508771,32.222591362126245,0.9730590186728645,1.0,0.8694113271344002,96554.0,2580920.0
