learning evaluation instances,evaluation time (cpu seconds),model cost (RAM-Hours),classified instances,AUC,sAUC,Accuracy,Kappa,Periodical holdout AUC,Pos/Neg ratio,G-Mean,Recall,KappaM,model training instances,model serialized size (bytes)
1000.0,0.956879923,6.388951845439048E-7,1000.0,1.0,1.0,0.999,0.0,0.0,1.7976931348623157E308,?,0.999,-Infinity,1000.0,2580920.0
2000.0,2.466787656,1.6470392123701674E-6,2000.0,1.0,1.0,0.9995,0.0,0.0,1.7976931348623157E308,?,0.9995,-Infinity,2000.0,2580920.0
3000.0,4.117275791,2.749046785370892E-6,3000.0,1.0,1.0,0.9996666666666667,0.0,0.0,1.7976931348623157E308,?,0.9996666666666667,-Infinity,3000.0,2580920.0
4000.0,5.847881112,3.904547469789535E-6,4000.0,1.0,1.0,0.99975,0.0,0.0,1.7976931348623157E308,?,0.99975,-Infinity,4000.0,2580920.0
5000.0,7.816171089,5.218746835733733E-6,5000.0,1.0,1.0,0.9998,0.0,0.0,1.7976931348623157E308,?,0.9998,-Infinity,5000.0,2580920.0
6000.0,9.676676716,6.460980116353143E-6,6000.0,1.0,1.0,0.9998333333333334,0.0,0.0,1.7976931348623157E308,?,0.9998333333333334,-Infinity,6000.0,2580920.0
7000.0,10.842167013,7.239161495738136E-6,7000.0,1.0,1.0,0.9998571428571429,0.0,0.0,1.7976931348623157E308,?,0.9998571428571429,-Infinity,7000.0,2580920.0
8000.0,12.826861942,8.564314215999367E-6,8000.0,1.0,1.0,0.999875,0.0,0.0,1.7976931348623157E308,?,0.999875,-Infinity,8000.0,2580920.0
9000.0,14.463892872,9.657336603643746E-6,9000.0,1.0,1.0,0.9998888888888889,0.0,0.0,1.7976931348623157E308,?,0.9998888888888889,-Infinity,9000.0,2580920.0
10000.0,16.542081583,1.1044913799190574E-5,10000.0,1.0,1.0,0.9999,0.0,0.0,1.7976931348623157E308,?,0.9999,-Infinity,10000.0,2580920.0
11000.0,18.41172962,1.2293251337600045E-5,11000.0,1.0,1.0,1.0,?,1.0,1.7976931348623157E308,?,1.0,?,11000.0,2580920.0
12000.0,20.242476502,1.3515615125275178E-5,12000.0,1.0,1.0,1.0,?,1.0,1.7976931348623157E308,?,1.0,?,12000.0,2580920.0
13000.0,21.718711387,1.4501276268969406E-5,13000.0,1.0,1.0,1.0,?,1.0,1.7976931348623157E308,?,1.0,?,13000.0,2580920.0
14000.0,23.235469104,1.5513993934183817E-5,14000.0,1.0,1.0,1.0,?,1.0,1.7976931348623157E308,?,1.0,?,14000.0,2580920.0
15000.0,25.197759219,1.6824187277169867E-5,15000.0,1.0,1.0,1.0,?,1.0,1.7976931348623157E308,?,1.0,?,15000.0,2580920.0
16000.0,26.655626758,1.779758480384153E-5,16000.0,1.0,1.0,1.0,?,1.0,1.7976931348623157E308,?,1.0,?,16000.0,2580920.0
17000.0,28.37379356,1.8944780465131416E-5,17000.0,1.0,1.0,1.0,?,1.0,1.7976931348623157E308,?,1.0,?,17000.0,2580920.0
18000.0,29.981449963,2.0018189896753355E-5,18000.0,1.0,1.0,1.0,?,1.0,1.7976931348623157E308,?,1.0,?,18000.0,2580920.0
19000.0,31.509837081,2.1038672348457105E-5,19000.0,1.0,1.0,1.0,?,1.0,1.7976931348623157E308,?,1.0,?,19000.0,2580920.0
20000.0,33.333612926,2.225638167336891E-5,20000.0,1.0,1.0,1.0,?,1.0,1.7976931348623157E308,?,1.0,?,20000.0,2580920.0
21000.0,34.854733824,2.3272012572797133E-5,21000.0,1.0,1.0,1.0,?,1.0,1.7976931348623157E308,?,1.0,?,21000.0,2580920.0
22000.0,36.404827045,2.4306987882328265E-5,22000.0,1.0,1.0,1.0,?,1.0,1.7976931348623157E308,?,1.0,?,22000.0,2580920.0
23000.0,37.925330397,2.532220645503069E-5,23000.0,1.0,1.0,1.0,?,1.0,1.7976931348623157E308,?,1.0,?,23000.0,2580920.0
24000.0,39.108709704,2.6112332073259597E-5,24000.0,1.0,1.0,1.0,?,1.0,1.7976931348623157E308,?,1.0,?,24000.0,2580920.0
25000.0,40.907588566,2.7313418034919615E-5,25000.0,1.0,1.0,1.0,?,1.0,1.7976931348623157E308,?,1.0,?,25000.0,2580920.0
26000.0,42.70339478,2.851245243298862E-5,26000.0,1.0,1.0,1.0,?,1.0,1.7976931348623157E308,?,1.0,?,26000.0,2580920.0
27000.0,44.407679199,2.9650379023587915E-5,27000.0,1.0,1.0,1.0,?,1.0,1.7976931348623157E308,?,1.0,?,27000.0,2580920.0
28000.0,45.572577612,3.0428165210401384E-5,28000.0,1.0,1.0,1.0,?,1.0,1.7976931348623157E308,?,1.0,?,28000.0,2580920.0
29000.0,47.196909482,3.151270861537801E-5,29000.0,1.0,1.0,1.0,?,1.0,1.7976931348623157E308,?,1.0,?,29000.0,2580920.0
30000.0,48.929884087,3.266979123719761E-5,30000.0,1.0,1.0,1.0,?,1.0,1.7976931348623157E308,?,1.0,?,30000.0,2580920.0
31000.0,50.779972136,3.390506884839724E-5,31000.0,1.0,1.0,1.0,?,1.0,1.7976931348623157E308,?,1.0,?,31000.0,2580920.0
32000.0,52.396935983,3.4984692728675775E-5,32000.0,1.0,1.0,1.0,?,1.0,1.7976931348623157E308,?,1.0,?,32000.0,2580920.0
33000.0,54.014059549,3.6064423251070557E-5,33000.0,1.0,1.0,1.0,?,1.0,1.7976931348623157E308,?,1.0,?,33000.0,2580920.0
34000.0,55.355484233,3.696007353114852E-5,34000.0,1.0,1.0,1.0,?,1.0,1.7976931348623157E308,?,1.0,?,34000.0,2580920.0
35000.0,57.420073686,3.833857069456098E-5,35000.0,1.0,1.0,1.0,?,1.0,1.7976931348623157E308,?,1.0,?,35000.0,2580920.0
36000.0,59.39631486,3.9658078962231046E-5,36000.0,1.0,1.0,1.0,?,1.0,1.7976931348623157E308,?,1.0,?,36000.0,2580920.0
37000.0,61.333837818,4.095173562494844E-5,37000.0,1.0,1.0,1.0,?,1.0,1.7976931348623157E308,?,1.0,?,37000.0,2580920.0
38000.0,62.914516275,4.2007132263769537E-5,38000.0,1.0,1.0,1.0,?,1.0,1.7976931348623157E308,?,1.0,?,38000.0,2580920.0
39000.0,64.82615555,4.328350675760715E-5,39000.0,1.0,1.0,1.0,?,1.0,1.7976931348623157E308,?,1.0,?,39000.0,2580920.0
40000.0,66.578874329,4.4453772285022515E-5,40000.0,1.0,1.0,1.0,?,1.0,1.7976931348623157E308,?,1.0,?,40000.0,2580920.0
41000.0,68.252602882,4.557129715626525E-5,41000.0,1.0,1.0,1.0,?,1.0,1.7976931348623157E308,?,1.0,?,41000.0,2580920.0
42000.0,70.028559544,4.675707828933901E-5,42000.0,1.0,1.0,1.0,?,1.0,1.7976931348623157E308,?,1.0,?,42000.0,2580920.0
43000.0,71.663335668,4.7848595174923147E-5,43000.0,1.0,1.0,1.0,?,1.0,1.7976931348623157E308,?,1.0,?,43000.0,2580920.0
44000.0,73.084527255,4.87975046874165E-5,44000.0,1.0,1.0,1.0,?,1.0,1.7976931348623157E308,?,1.0,?,44000.0,2580920.0
45000.0,75.10386286,5.0145786496870406E-5,45000.0,1.0,1.0,1.0,?,1.0,1.7976931348623157E308,?,1.0,?,45000.0,2580920.0
46000.0,76.453605026,5.1046990241985726E-5,46000.0,1.0,1.0,1.0,?,1.0,1.7976931348623157E308,?,1.0,?,46000.0,2580920.0
47000.0,78.130642216,5.2166724243335485E-5,47000.0,1.0,1.0,1.0,?,1.0,1.7976931348623157E308,?,1.0,?,47000.0,2580920.0
48000.0,79.570612639,5.3128172118901736E-5,48000.0,1.0,1.0,1.0,?,1.0,1.7976931348623157E308,?,1.0,?,48000.0,2580920.0
49000.0,81.081251094,5.413680403946754E-5,49000.0,1.0,1.0,1.0,?,1.0,1.7976931348623157E308,?,1.0,?,49000.0,2580920.0
50000.0,82.697630562,5.521603773815685E-5,50000.0,1.0,1.0,1.0,?,1.0,1.7976931348623157E308,?,1.0,?,50000.0,2580920.0
51000.0,84.201888094,5.6220409206726894E-5,51000.0,1.0,1.0,1.0,?,1.0,1.7976931348623157E308,?,1.0,?,51000.0,2580920.0
52000.0,85.664835952,5.7197198790507325E-5,52000.0,1.0,1.0,1.0,?,1.0,1.7976931348623157E308,?,1.0,?,52000.0,2580920.0
53000.0,87.161912861,5.8196775858707524E-5,53000.0,1.0,1.0,1.0,?,1.0,1.7976931348623157E308,?,1.0,?,53000.0,2580920.0
54000.0,89.217584729,5.95693188768011E-5,54000.0,1.0,1.0,1.0,?,1.0,1.7976931348623157E308,?,1.0,?,54000.0,2580920.0
55000.0,91.021402665,6.077370258828203E-5,55000.0,1.0,1.0,1.0,?,1.0,1.7976931348623157E308,?,1.0,?,55000.0,2580920.0
56000.0,92.830723527,6.198176052558565E-5,56000.0,1.0,1.0,1.0,?,1.0,1.7976931348623157E308,?,1.0,?,56000.0,2580920.0
57000.0,93.849962841,6.266229219310235E-5,57000.0,1.0,1.0,1.0,?,1.0,1.7976931348623157E308,?,1.0,?,57000.0,2580920.0
58000.0,95.336912547,6.36551074711614E-5,58000.0,1.0,1.0,1.0,?,1.0,1.7976931348623157E308,?,1.0,?,58000.0,2580920.0
59000.0,97.064788971,6.480878610966759E-5,59000.0,1.0,1.0,1.0,?,1.0,1.7976931348623157E308,?,1.0,?,59000.0,2580920.0
60000.0,98.589235941,6.582663778030562E-5,60000.0,1.0,1.0,1.0,?,1.0,1.7976931348623157E308,?,1.0,?,60000.0,2580920.0
61000.0,100.340955729,6.699623629556621E-5,61000.0,1.0,1.0,1.0,?,1.0,1.7976931348623157E308,?,1.0,?,61000.0,2580920.0
62000.0,102.068510692,6.814970029911143E-5,62000.0,1.0,1.0,1.0,?,1.0,1.7976931348623157E308,?,1.0,?,62000.0,2580920.0
63000.0,104.072013789,6.948741096700689E-5,63000.0,1.0,1.0,1.0,?,1.0,1.7976931348623157E308,?,1.0,?,63000.0,2580920.0
64000.0,106.204847718,7.09114740013715E-5,64000.0,1.0,1.0,1.0,?,1.0,1.7976931348623157E308,?,1.0,?,64000.0,2580920.0
65000.0,107.553832187,7.18121718429215E-5,65000.0,1.0,1.0,1.0,?,1.0,1.7976931348623157E308,?,1.0,?,65000.0,2580920.0
66000.0,108.935472723,7.273467367831748E-5,66000.0,1.0,1.0,1.0,?,1.0,1.7976931348623157E308,?,1.0,?,66000.0,2580920.0
67000.0,110.735930497,7.393681385717797E-5,67000.0,1.0,1.0,1.0,?,1.0,1.7976931348623157E308,?,1.0,?,67000.0,2580920.0
68000.0,112.55807107,7.51534313341148E-5,68000.0,1.0,1.0,1.0,?,1.0,1.7976931348623157E308,?,1.0,?,68000.0,2580920.0
69000.0,114.356968092,7.635452942094985E-5,69000.0,1.0,1.0,1.0,?,1.0,1.7976931348623157E308,?,1.0,?,69000.0,2580920.0
70000.0,116.070818134,7.749884284267076E-5,70000.0,1.0,1.0,1.0,?,1.0,1.7976931348623157E308,?,1.0,?,70000.0,2580920.0
71000.0,117.876923655,7.870475394228641E-5,71000.0,1.0,1.0,1.0,?,1.0,1.7976931348623157E308,?,1.0,?,71000.0,2580920.0
72000.0,119.572723711,7.983701564376604E-5,72000.0,1.0,1.0,1.0,?,1.0,1.7976931348623157E308,?,1.0,?,72000.0,2580920.0
73000.0,121.332535784,8.101201726321368E-5,73000.0,1.0,1.0,1.0,?,1.0,1.7976931348623157E308,?,1.0,?,73000.0,2580920.0
74000.0,123.704589529,8.259580398371302E-5,74000.0,1.0,1.0,1.0,?,1.0,1.7976931348623157E308,?,1.0,?,74000.0,2580920.0
75000.0,125.571693398,8.384244281714938E-5,75000.0,1.0,1.0,1.0,?,1.0,1.7976931348623157E308,?,1.0,?,75000.0,2580920.0
76000.0,127.720072122,8.527688489117352E-5,76000.0,1.0,1.0,1.0,?,1.0,1.7976931348623157E308,?,1.0,?,76000.0,2580920.0
77000.0,129.505760161,8.646916352696923E-5,77000.0,1.0,1.0,1.0,?,1.0,1.7976931348623157E308,?,1.0,?,77000.0,2580920.0
78000.0,131.436989076,8.77586177462375E-5,78000.0,1.0,1.0,1.0,?,1.0,1.7976931348623157E308,?,1.0,?,78000.0,2580920.0
79000.0,132.759356091,8.864154349039401E-5,79000.0,1.0,1.0,1.0,?,1.0,1.7976931348623157E308,?,1.0,?,79000.0,2580920.0
80000.0,134.508486039,8.980941280613336E-5,80000.0,1.0,1.0,1.0,?,1.0,1.7976931348623157E308,?,1.0,?,80000.0,2580920.0
81000.0,136.453003418,9.110773954478E-5,81000.0,1.0,1.0,1.0,?,1.0,1.7976931348623157E308,?,1.0,?,81000.0,2580920.0
82000.0,138.18569562,9.226463361011255E-5,82000.0,1.0,1.0,1.0,?,1.0,1.7976931348623157E308,?,1.0,?,82000.0,2580920.0
83000.0,139.746634191,9.33068502063748E-5,83000.0,1.0,1.0,1.0,?,1.0,1.7976931348623157E308,?,1.0,?,83000.0,2580920.0
84000.0,141.029196993,9.416319924074882E-5,84000.0,1.0,1.0,1.0,?,1.0,1.7976931348623157E308,?,1.0,?,84000.0,2580920.0
85000.0,142.469628489,9.512495496823289E-5,85000.0,1.0,1.0,1.0,?,1.0,1.7976931348623157E308,?,1.0,?,85000.0,2580920.0
86000.0,143.585304002,9.586987572123029E-5,86000.0,1.0,1.0,1.0,?,1.0,1.7976931348623157E308,?,1.0,?,86000.0,2580920.0
87000.0,144.920816883,9.676157877409835E-5,87000.0,1.0,1.0,1.0,?,1.0,1.7976931348623157E308,?,1.0,?,87000.0,2580920.0
88000.0,146.293978776,9.767841953953774E-5,88000.0,1.0,1.0,1.0,?,1.0,1.7976931348623157E308,?,1.0,?,88000.0,2580920.0
89000.0,147.570763715,9.853091077654458E-5,89000.0,1.0,1.0,1.0,?,1.0,1.7976931348623157E308,?,1.0,?,89000.0,2580920.0
90000.0,148.647370421,9.924974583993954E-5,90000.0,1.0,1.0,1.0,?,1.0,1.7976931348623157E308,?,1.0,?,90000.0,2580920.0
91000.0,150.179615717,1.002728043424999E-4,91000.0,1.0,1.0,1.0,?,1.0,1.7976931348623157E308,?,1.0,?,91000.0,2580920.0
92000.0,151.452993457,1.01123020640947E-4,92000.0,1.0,1.0,1.0,?,1.0,1.7976931348623157E308,?,1.0,?,92000.0,2580920.0
93000.0,153.355765982,1.0239347493127591E-4,93000.0,1.0,1.0,1.0,?,1.0,1.7976931348623157E308,?,1.0,?,93000.0,2580920.0
94000.0,154.669566421,1.0327068089385599E-4,94000.0,1.0,1.0,1.0,?,1.0,1.7976931348623157E308,?,1.0,?,94000.0,2580920.0
95000.0,155.606392932,1.038961866989673E-4,95000.0,1.0,1.0,1.0,?,1.0,1.7976931348623157E308,?,1.0,?,95000.0,2580920.0
96000.0,157.530674585,1.0518100232970333E-4,96000.0,1.0,1.0,1.0,?,1.0,1.7976931348623157E308,?,1.0,?,96000.0,2580920.0
97000.0,159.178685187,1.0628135568897755E-4,97000.0,1.0,1.0,1.0,?,1.0,1.7976931348623157E308,?,1.0,?,97000.0,2580920.0
98000.0,161.220521253,1.0764466073785511E-4,98000.0,1.0,1.0,1.0,?,1.0,1.7976931348623157E308,?,1.0,?,98000.0,2580920.0
99000.0,162.891000994,1.0876001642329679E-4,99000.0,1.0,1.0,1.0,?,1.0,1.7976931348623157E308,?,1.0,?,99000.0,2580920.0
100000.0,164.961126102,1.1014220966522212E-4,100000.0,1.0,1.0,1.0,?,1.0,1.7976931348623157E308,?,1.0,?,100000.0,2580920.0
101000.0,166.55753588,1.1120810988447356E-4,101000.0,1.0,1.0,1.0,?,1.0,1.7976931348623157E308,?,1.0,?,101000.0,2580920.0
102000.0,168.147106217,1.1226944350574877E-4,102000.0,1.0,1.0,1.0,?,1.0,1.7976931348623157E308,?,1.0,?,102000.0,2580920.0
103000.0,170.016760818,1.1351778542684816E-4,103000.0,1.0,1.0,1.0,?,1.0,1.7976931348623157E308,?,1.0,?,103000.0,2580920.0
104000.0,171.52772032,1.1452663170595298E-4,104000.0,1.0,1.0,1.0,?,1.0,1.7976931348623157E308,?,1.0,?,104000.0,2580920.0
105000.0,173.157143344,1.1561457440241456E-4,105000.0,1.0,1.0,1.0,?,1.0,1.7976931348623157E308,?,1.0,?,105000.0,2580920.0
106000.0,174.660929735,1.1661863129680564E-4,106000.0,1.0,1.0,1.0,?,1.0,1.7976931348623157E308,?,1.0,?,106000.0,2580920.0
107000.0,176.08431549,1.1756900582422469E-4,107000.0,1.0,1.0,1.0,?,1.0,1.7976931348623157E308,?,1.0,?,107000.0,2580920.0
108000.0,177.712217865,1.1865593320486646E-4,108000.0,1.0,1.0,1.0,?,1.0,1.7976931348623157E308,?,1.0,?,108000.0,2580920.0
109000.0,179.241000708,1.1967667987655312E-4,109000.0,1.0,1.0,1.0,?,1.0,1.7976931348623157E308,?,1.0,?,109000.0,2580920.0
110000.0,180.621738594,1.2059857902531677E-4,110000.0,1.0,1.0,1.0,?,1.0,1.7976931348623157E308,?,1.0,?,110000.0,2580920.0
111000.0,182.202097144,1.2165376206676072E-4,111000.0,1.0,1.0,1.0,?,1.0,1.7976931348623157E308,?,1.0,?,111000.0,2580920.0
112000.0,183.800776178,1.2272117743613293E-4,112000.0,1.0,1.0,1.0,?,1.0,1.7976931348623157E308,?,1.0,?,112000.0,2580920.0
113000.0,185.341564934,1.2374994028604362E-4,113000.0,1.0,1.0,1.0,?,1.0,1.7976931348623157E308,?,1.0,?,113000.0,2580920.0
114000.0,187.102190934,1.2492548535303192E-4,114000.0,1.0,1.0,1.0,?,1.0,1.7976931348623157E308,?,1.0,?,114000.0,2580920.0
115000.0,188.980216368,1.2617941636087644E-4,115000.0,1.0,1.0,1.0,?,1.0,1.7976931348623157E308,?,1.0,?,115000.0,2580920.0
116000.0,190.582468286,1.2724921729433843E-4,116000.0,1.0,1.0,1.0,?,1.0,1.7976931348623157E308,?,1.0,?,116000.0,2580920.0
117000.0,192.720369492,1.2867666367785295E-4,117000.0,1.0,1.0,1.0,?,1.0,1.7976931348623157E308,?,1.0,?,117000.0,2580920.0
118000.0,194.363438977,1.2977371792322406E-4,118000.0,1.0,1.0,1.0,?,1.0,1.7976931348623157E308,?,1.0,?,118000.0,2580920.0
119000.0,196.122926628,1.3094850293069292E-4,119000.0,1.0,1.0,1.0,?,1.0,1.7976931348623157E308,?,1.0,?,119000.0,2580920.0
120000.0,197.501961875,1.3186926525148897E-4,120000.0,1.0,1.0,1.0,?,1.0,1.7976931348623157E308,?,1.0,?,120000.0,2580920.0
121000.0,199.020440757,1.3288313211421904E-4,121000.0,1.0,1.0,1.0,?,1.0,1.7976931348623157E308,?,1.0,?,121000.0,2580920.0
122000.0,200.511307444,1.3387856270506574E-4,122000.0,1.0,1.0,1.0,?,1.0,1.7976931348623157E308,?,1.0,?,122000.0,2580920.0
123000.0,201.697177751,1.346703515287465E-4,123000.0,1.0,1.0,1.0,?,1.0,1.7976931348623157E308,?,1.0,?,123000.0,2580920.0
124000.0,202.722280802,1.3535479833048504E-4,124000.0,1.0,1.0,1.0,?,1.0,1.7976931348623157E308,?,1.0,?,124000.0,2580920.0
125000.0,204.234815437,1.3636469630360552E-4,125000.0,1.0,1.0,1.0,?,1.0,1.7976931348623157E308,?,1.0,?,125000.0,2580920.0
126000.0,205.79426576,1.374059192177372E-4,126000.0,1.0,1.0,1.0,?,1.0,1.7976931348623157E308,?,1.0,?,126000.0,2580920.0
127000.0,207.025131321,1.3822775073582186E-4,127000.0,1.0,1.0,1.0,?,1.0,1.7976931348623157E308,?,1.0,?,127000.0,2580920.0
128000.0,208.346709208,1.3911014959037908E-4,128000.0,1.0,1.0,1.0,?,1.0,1.7976931348623157E308,?,1.0,?,128000.0,2580920.0
129000.0,209.592644919,1.399420432343731E-4,129000.0,1.0,1.0,1.0,?,1.0,1.7976931348623157E308,?,1.0,?,129000.0,2580920.0
130000.0,211.296587711,1.410797417254586E-4,130000.0,1.0,1.0,1.0,?,1.0,1.7976931348623157E308,?,1.0,?,130000.0,2580920.0
131000.0,213.053253128,1.4225264236722085E-4,131000.0,1.0,1.0,1.0,?,1.0,1.7976931348623157E308,?,1.0,?,131000.0,2580920.0
132000.0,214.517036117,1.432299895561527E-4,132000.0,1.0,1.0,1.0,?,1.0,1.7976931348623157E308,?,1.0,?,132000.0,2580920.0
133000.0,216.060926285,1.442608231749702E-4,133000.0,1.0,1.0,1.0,?,1.0,1.7976931348623157E308,?,1.0,?,133000.0,2580920.0
134000.0,217.370776932,1.4513539191732223E-4,134000.0,1.0,1.0,1.0,?,1.0,1.7976931348623157E308,?,1.0,?,134000.0,2580920.0
135000.0,219.054465836,1.4625956717398671E-4,135000.0,1.0,1.0,1.0,?,1.0,1.7976931348623157E308,?,1.0,?,135000.0,2580920.0
136000.0,220.436301342,1.4718219918809282E-4,136000.0,1.0,1.0,1.0,?,1.0,1.7976931348623157E308,?,1.0,?,136000.0,2580920.0
137000.0,222.110386018,1.4829996183762345E-4,137000.0,1.0,1.0,1.0,?,1.0,1.7976931348623157E308,?,1.0,?,137000.0,2580920.0
138000.0,223.48009945,1.4921450011444955E-4,138000.0,1.0,1.0,1.0,?,1.0,1.7976931348623157E308,?,1.0,?,138000.0,2580920.0
139000.0,225.106819769,1.5030063825302646E-4,139000.0,1.0,1.0,1.0,?,1.0,1.7976931348623157E308,?,1.0,?,139000.0,2580920.0
140000.0,226.605906556,1.513015572883271E-4,140000.0,1.0,1.0,1.0,?,1.0,1.7976931348623157E308,?,1.0,?,140000.0,2580920.0
141000.0,228.098451014,1.5229810810312968E-4,141000.0,1.0,1.0,1.0,?,1.0,1.7976931348623157E308,?,1.0,?,141000.0,2580920.0
142000.0,229.752944151,1.5340278975929422E-4,142000.0,1.0,1.0,1.0,?,1.0,1.7976931348623157E308,?,1.0,?,142000.0,2580920.0
143000.0,231.171030906,1.5434962621939518E-4,143000.0,1.0,1.0,1.0,?,1.0,1.7976931348623157E308,?,1.0,?,143000.0,2580920.0
144000.0,232.388403596,1.5516244873844E-4,144000.0,1.0,1.0,1.0,?,1.0,1.7976931348623157E308,?,1.0,?,144000.0,2580920.0
145000.0,233.841307926,1.5613253240069275E-4,145000.0,1.0,1.0,1.0,?,1.0,1.7976931348623157E308,?,1.0,?,145000.0,2580920.0
146000.0,234.927365567,1.5685767771965459E-4,146000.0,1.0,1.0,1.0,?,1.0,1.7976931348623157E308,?,1.0,?,146000.0,2580920.0
147000.0,236.376415073,1.5782518757046909E-4,147000.0,1.0,1.0,1.0,?,1.0,1.7976931348623157E308,?,1.0,?,147000.0,2580920.0
148000.0,238.283442465,1.5909848277528667E-4,148000.0,1.0,1.0,1.0,?,1.0,1.7976931348623157E308,?,1.0,?,148000.0,2580920.0
149000.0,239.849607859,1.601441892473054E-4,149000.0,1.0,1.0,1.0,?,1.0,1.7976931348623157E308,?,1.0,?,149000.0,2580920.0
150000.0,241.76881821,1.6142561884145598E-4,150000.0,1.0,1.0,1.0,?,1.0,1.7976931348623157E308,?,1.0,?,150000.0,2580920.0
151000.0,243.158629065,1.623535758832366E-4,151000.0,1.0,1.0,1.0,?,1.0,1.7976931348623157E308,?,1.0,?,151000.0,2580920.0
152000.0,244.490423939,1.6324279647544128E-4,152000.0,1.0,1.0,1.0,?,1.0,1.7976931348623157E308,?,1.0,?,152000.0,2580920.0
153000.0,245.872261717,1.6416543000652965E-4,153000.0,1.0,1.0,1.0,?,1.0,1.7976931348623157E308,?,1.0,?,153000.0,2580920.0
154000.0,247.646570979,1.6535011119393444E-4,154000.0,1.0,1.0,1.0,?,1.0,1.7976931348623157E308,?,1.0,?,154000.0,2580920.0
155000.0,249.297649359,1.664525128651696E-4,155000.0,1.0,1.0,1.0,?,1.0,1.7976931348623157E308,?,1.0,?,155000.0,2580920.0
156000.0,250.597523583,1.673204204910529E-4,156000.0,1.0,1.0,1.0,?,1.0,1.7976931348623157E308,?,1.0,?,156000.0,2580920.0
157000.0,252.460818903,1.685645164102137E-4,157000.0,1.0,1.0,1.0,?,1.0,1.7976931348623157E308,?,1.0,?,157000.0,2580920.0
158000.0,254.28431927,1.6978204180236297E-4,158000.0,1.0,1.0,1.0,?,1.0,1.7976931348623157E308,?,1.0,?,158000.0,2580920.0
159000.0,255.651508035,1.706948943947577E-4,159000.0,1.0,1.0,1.0,?,1.0,1.7976931348623157E308,?,1.0,?,159000.0,2580920.0
160000.0,257.199032835,1.717281548059308E-4,160000.0,1.0,1.0,1.0,?,1.0,1.7976931348623157E308,?,1.0,?,160000.0,2580920.0
161000.0,258.909312456,1.7287008430807218E-4,161000.0,1.0,1.0,1.0,?,1.0,1.7976931348623157E308,?,1.0,?,161000.0,2580920.0
162000.0,260.117252241,1.73676608609926E-4,162000.0,1.0,1.0,1.0,?,1.0,1.7976931348623157E308,?,1.0,?,162000.0,2580920.0
163000.0,261.67999776,1.7472003167979917E-4,163000.0,1.0,1.0,1.0,?,1.0,1.7976931348623157E308,?,1.0,?,163000.0,2580920.0
164000.0,262.967237338,1.7557950333133108E-4,164000.0,1.0,1.0,1.0,?,1.0,1.7976931348623157E308,?,1.0,?,164000.0,2580920.0
165000.0,264.358248877,1.7650826205282857E-4,165000.0,1.0,1.0,1.0,?,1.0,1.7976931348623157E308,?,1.0,?,165000.0,2580920.0
166000.0,266.089852148,1.7766442905434103E-4,166000.0,1.0,1.0,1.0,?,1.0,1.7976931348623157E308,?,1.0,?,166000.0,2580920.0
167000.0,267.714630374,1.7874927048490283E-4,167000.0,1.0,1.0,1.0,?,1.0,1.7976931348623157E308,?,1.0,?,167000.0,2580920.0
168000.0,269.074690147,1.7965736315021585E-4,168000.0,1.0,1.0,1.0,?,1.0,1.7976931348623157E308,?,1.0,?,168000.0,2580920.0
169000.0,270.744832396,1.807724934970247E-4,169000.0,0.8332999899969991,-0.0666716681671169,0.9997,0.0,1.0,3332.3333333333335,0.0,1.0,-15.899999999988117,169000.0,2580920.0
170000.0,272.203335918,1.817463156605462E-4,170000.0,0.8332999899969991,-0.0666716681671169,0.9997,0.0,1.0,3332.3333333333335,0.0,1.0,-15.999999999962252,170000.0,2580920.0
171000.0,273.746211862,1.8277647209635035E-4,171000.0,0.8332999899969991,-0.0666716681671169,0.9997,0.0,0.8332999899969991,3332.3333333333335,0.0,1.0,-16.099999999982913,171000.0,2580920.0
172000.0,275.770322977,1.8412794244625683E-4,172000.0,0.8332999899969991,-0.0666716681671169,0.9997,0.0,0.8332999899969991,3332.3333333333335,0.0,1.0,-16.199999999964355,172000.0,2580920.0
173000.0,276.813002219,1.8482412462201943E-4,173000.0,0.8332999899969991,-0.0666716681671169,0.9997,0.0,0.8332999899969991,3332.3333333333335,0.0,1.0,-16.299999999955183,173000.0,2580920.0
174000.0,278.437069448,1.8590849132994508E-4,174000.0,0.8332999899969991,-0.0666716681671169,0.9997,0.0,0.8332999899969991,3332.3333333333335,0.0,1.0,-16.399999999980682,174000.0,2580920.0
175000.0,279.651183918,1.8671913838160035E-4,175000.0,0.8332999899969991,-0.0666716681671169,0.9997,0.0,0.8332999899969991,3332.3333333333335,0.0,1.0,-16.500000000029143,175000.0,2580920.0
176000.0,281.273261822,1.8780217684537286E-4,176000.0,0.8332999899969991,-0.0666716681671169,0.9997,0.0,0.8332999899969991,3332.3333333333335,0.0,1.0,-16.59999999994529,176000.0,2580920.0
177000.0,283.138381101,1.8904749059614858E-4,177000.0,0.8332999899969991,-0.0666716681671169,0.9997,0.0,0.8332999899969991,3332.3333333333335,0.0,1.0,-16.70000000001572,177000.0,2580920.0
178000.0,284.77703848,1.9014159894077567E-4,178000.0,0.8332999899969991,-0.0666716681671169,0.9997,0.0,0.8332999899969991,3332.3333333333335,0.0,1.0,-16.800000000055334,178000.0,2580920.0
179000.0,286.795523074,1.9148931254222686E-4,179000.0,1.0,1.0,1.0,?,0.8332999899969991,1.7976931348623157E308,?,1.0,1.0,179000.0,2580920.0
180000.0,288.812588384,1.928360785078344E-4,180000.0,1.0,1.0,1.0,?,0.8332999899969991,1.7976931348623157E308,?,1.0,1.0,180000.0,2580920.0
181000.0,290.818368872,1.9417530975747503E-4,181000.0,1.0,1.0,1.0,?,1.0,1.7976931348623157E308,?,1.0,1.0,181000.0,2580920.0
182000.0,292.999705332,1.9563175724546779E-4,182000.0,1.0,1.0,1.0,?,1.0,1.7976931348623157E308,?,1.0,1.0,182000.0,2580920.0
183000.0,294.579605918,1.9668663451082922E-4,183000.0,1.0,1.0,1.0,?,1.0,1.7976931348623157E308,?,1.0,1.0,183000.0,2580920.0
184000.0,295.838543574,1.975272093695196E-4,184000.0,1.0,1.0,1.0,?,1.0,1.7976931348623157E308,?,1.0,1.0,184000.0,2580920.0
185000.0,297.656917416,1.9874131185346775E-4,185000.0,1.0,1.0,1.0,?,1.0,1.7976931348623157E308,?,1.0,1.0,185000.0,2580920.0
186000.0,299.14729699,1.9973641720585707E-4,186000.0,1.0,1.0,1.0,?,1.0,1.7976931348623157E308,?,1.0,1.0,186000.0,2580920.0
187000.0,300.673468535,2.0075542035081953E-4,187000.0,1.0,1.0,1.0,?,1.0,1.7976931348623157E308,?,1.0,1.0,187000.0,2580920.0
188000.0,302.030858698,2.0166173055531105E-4,188000.0,1.0,1.0,1.0,?,1.0,1.7976931348623157E308,?,1.0,1.0,188000.0,2580920.0
189000.0,303.521160632,2.02656784068571E-4,189000.0,1.0,1.0,1.0,?,1.0,1.7976931348623157E308,?,1.0,1.0,189000.0,2580920.0
190000.0,305.298348485,2.0384338725045386E-4,190000.0,1.0,1.0,1.0,?,1.0,1.7976931348623157E308,?,1.0,1.0,190000.0,2580920.0
191000.0,306.520814323,2.046596103923492E-4,191000.0,1.0,1.0,1.0,?,1.0,1.7976931348623157E308,?,1.0,1.0,191000.0,2580920.0
192000.0,308.733020267,2.0613666899799935E-4,192000.0,1.0,1.0,1.0,?,1.0,1.7976931348623157E308,?,1.0,1.0,192000.0,2580920.0
193000.0,310.113667956,2.0705850792350242E-4,193000.0,1.0,1.0,1.0,?,1.0,1.7976931348623157E308,?,1.0,1.0,193000.0,2580920.0
194000.0,311.314121453,2.0786003373679112E-4,194000.0,1.0,1.0,1.0,?,1.0,1.7976931348623157E308,?,1.0,1.0,194000.0,2580920.0
195000.0,312.652882064,2.0875390525302415E-4,195000.0,1.0,1.0,1.0,?,1.0,1.7976931348623157E308,?,1.0,1.0,195000.0,2580920.0
196000.0,314.25478362,2.0982347225473644E-4,196000.0,1.0,1.0,1.0,?,1.0,1.7976931348623157E308,?,1.0,1.0,196000.0,2580920.0
197000.0,315.947672685,2.1095379032871648E-4,197000.0,1.0,1.0,1.0,?,1.0,1.7976931348623157E308,?,1.0,1.0,197000.0,2580920.0
198000.0,317.614541162,2.1206673482428547E-4,198000.0,1.0,1.0,1.0,?,1.0,1.7976931348623157E308,?,1.0,1.0,198000.0,2580920.0
199000.0,319.410237807,2.132656960646836E-4,199000.0,1.0,1.0,1.0,?,1.0,1.7976931348623157E308,?,1.0,1.0,199000.0,2580920.0
200000.0,320.929632344,2.1428017429730048E-4,200000.0,1.0,1.0,1.0,?,1.0,1.7976931348623157E308,?,1.0,1.0,200000.0,2580920.0
201000.0,322.861459511,2.1557002796096378E-4,201000.0,1.0,1.0,1.0,?,1.0,1.7976931348623157E308,?,1.0,1.0,201000.0,2580920.0
202000.0,324.029552243,2.163499469493733E-4,202000.0,0.9615384615384616,0.5384615384615385,0.9995,0.7616687004271131,1.0,768.2307692307693,0.7844645405527362,1.0,-5.312499999999299,202000.0,2580920.0
203000.0,325.062556953,2.1703966957701607E-4,203000.0,0.9615384615384616,0.5384615384615385,0.9995,0.7616687004271131,1.0,768.2307692307693,0.7844645405527362,1.0,-5.343750000003169,203000.0,2580920.0
204000.0,326.154747398,2.177689096824283E-4,204000.0,0.9615384615384616,0.5384615384615385,0.9995,0.7616687004271131,1.0,768.2307692307693,0.7844645405527362,1.0,-5.374999999997876,204000.0,2580920.0
205000.0,328.268318928,2.1918011148554744E-4,205000.0,0.9615384615384616,0.5384615384615385,0.9995,0.7616687004271131,1.0,768.2307692307693,0.7844645405527362,1.0,-5.406250000001111,205000.0,2580920.0
206000.0,329.550936069,2.2003649680130285E-4,206000.0,0.9615384615384616,0.5384615384615385,0.9995,0.7616687004271131,1.0,768.2307692307693,0.7844645405527362,1.0,-5.4375000000026805,206000.0,2580920.0
207000.0,331.183348377,2.2112643540039226E-4,207000.0,0.9615384615384616,0.5384615384615385,0.9995,0.7616687004271131,1.0,768.2307692307693,0.7844645405527362,1.0,-5.468749999995691,207000.0,2580920.0
208000.0,332.560988949,2.2204626651642573E-4,208000.0,0.9615384615384616,0.5384615384615385,0.9995,0.7616687004271131,1.0,768.2307692307693,0.7844645405527362,1.0,-5.499999999998557,208000.0,2580920.0
209000.0,333.543751341,2.227024430592788E-4,209000.0,0.9615384615384616,0.5384615384615385,0.9995,0.7616687004271131,1.0,768.2307692307693,0.7844645405527362,1.0,-5.53124999999864,209000.0,2580920.0
210000.0,335.247594643,2.2384007512229909E-4,210000.0,0.9615384615384616,0.5384615384615385,0.9995,0.7616687004271131,1.0,768.2307692307693,0.7844645405527362,1.0,-5.562500000001366,210000.0,2580920.0
211000.0,336.682158322,2.2479791299140304E-4,211000.0,0.9615384615384616,0.5384615384615385,0.9995,0.7616687004271131,0.9615384615384616,768.2307692307693,0.7844645405527362,1.0,-5.593749999996889,211000.0,2580920.0
212000.0,338.413319096,2.2595378454393002E-4,212000.0,1.0,1.0,1.0,?,0.9615384615384616,1.7976931348623157E308,?,1.0,1.0,212000.0,2580920.0
213000.0,339.964249115,2.269893185716449E-4,213000.0,1.0,1.0,1.0,?,0.9615384615384616,1.7976931348623157E308,?,1.0,1.0,213000.0,2580920.0
214000.0,341.64566197,2.2811197414259862E-4,214000.0,1.0,1.0,1.0,?,0.9615384615384616,1.7976931348623157E308,?,1.0,1.0,214000.0,2580920.0
215000.0,343.098006763,2.2908168420991405E-4,215000.0,1.0,1.0,1.0,?,0.9615384615384616,1.7976931348623157E308,?,1.0,1.0,215000.0,2580920.0
216000.0,343.99057714,2.2967764082058674E-4,216000.0,1.0,1.0,1.0,?,0.9615384615384616,1.7976931348623157E308,?,1.0,1.0,216000.0,2580920.0
217000.0,345.103922791,2.3042100595769475E-4,217000.0,1.0,1.0,1.0,?,0.9615384615384616,1.7976931348623157E308,?,1.0,1.0,217000.0,2580920.0
218000.0,346.842665809,2.3158194006725024E-4,218000.0,1.0,1.0,1.0,?,0.9615384615384616,1.7976931348623157E308,?,1.0,1.0,218000.0,2580920.0
219000.0,348.595570994,2.3275233005531413E-4,219000.0,1.0,1.0,1.0,?,0.9615384615384616,1.7976931348623157E308,?,1.0,1.0,219000.0,2580920.0
220000.0,350.049847206,2.337233297037659E-4,220000.0,1.0,1.0,1.0,?,0.9615384615384616,1.7976931348623157E308,?,1.0,1.0,220000.0,2580920.0
221000.0,351.386174356,2.346155764325232E-4,221000.0,1.0,1.0,1.0,?,1.0,1.7976931348623157E308,?,1.0,1.0,221000.0,2580920.0
222000.0,353.00832039,2.3569866038573265E-4,222000.0,1.0,1.0,1.0,?,1.0,1.7976931348623157E308,?,1.0,1.0,222000.0,2580920.0
223000.0,354.968990258,2.3700777191272362E-4,223000.0,1.0,1.0,1.0,?,1.0,1.7976931348623157E308,?,1.0,1.0,223000.0,2580920.0
224000.0,356.534224605,2.3805285673783496E-4,224000.0,1.0,1.0,1.0,?,1.0,1.7976931348623157E308,?,1.0,1.0,224000.0,2580920.0
225000.0,357.705848997,2.3883513376565278E-4,225000.0,1.0,1.0,1.0,?,1.0,1.7976931348623157E308,?,1.0,1.0,225000.0,2580920.0
226000.0,359.208854275,2.3983866912194668E-4,226000.0,1.0,1.0,1.0,?,1.0,1.7976931348623157E308,?,1.0,1.0,226000.0,2580920.0
227000.0,360.715127291,2.4084438630066402E-4,227000.0,1.0,1.0,1.0,?,1.0,1.7976931348623157E308,?,1.0,1.0,227000.0,2580920.0
228000.0,361.655125266,2.414720096474113E-4,228000.0,1.0,1.0,1.0,?,1.0,1.7976931348623157E308,?,1.0,1.0,228000.0,2580920.0
229000.0,363.061110852,2.4241076632820492E-4,229000.0,1.0,1.0,1.0,?,1.0,1.7976931348623157E308,?,1.0,1.0,229000.0,2580920.0
230000.0,364.701992769,2.4350635996537695E-4,230000.0,1.0,1.0,1.0,?,1.0,1.7976931348623157E308,?,1.0,1.0,230000.0,2580920.0
231000.0,366.192596081,2.4450161470446295E-4,231000.0,1.0,1.0,1.0,?,1.0,1.7976931348623157E308,?,1.0,1.0,231000.0,2580920.0
232000.0,367.865569429,2.456186353360135E-4,232000.0,1.0,1.0,1.0,?,1.0,1.7976931348623157E308,?,1.0,1.0,232000.0,2580920.0
233000.0,369.240995982,2.4653698818288947E-4,233000.0,1.0,1.0,1.0,?,1.0,1.7976931348623157E308,?,1.0,1.0,233000.0,2580920.0
234000.0,370.752266992,2.47546042451478E-4,234000.0,1.0,1.0,1.0,?,1.0,1.7976931348623157E308,?,1.0,1.0,234000.0,2580920.0
235000.0,371.701373424,2.481797473860777E-4,235000.0,1.0,1.0,1.0,?,1.0,1.7976931348623157E308,?,1.0,1.0,235000.0,2580920.0
236000.0,373.063934277,2.490895099871159E-4,236000.0,1.0,1.0,1.0,?,1.0,1.7976931348623157E308,?,1.0,1.0,236000.0,2580920.0
237000.0,374.817160611,2.5026011440182274E-4,237000.0,1.0,1.0,1.0,?,1.0,1.7976931348623157E308,?,1.0,1.0,237000.0,2580920.0
238000.0,376.380327999,2.5130381914765767E-4,238000.0,1.0,1.0,1.0,?,1.0,1.7976931348623157E308,?,1.0,1.0,238000.0,2580920.0
239000.0,377.685947839,2.521755630400426E-4,239000.0,1.0,1.0,1.0,?,1.0,1.7976931348623157E308,?,1.0,1.0,239000.0,2580920.0
240000.0,378.897097253,2.529842303657628E-4,240000.0,1.0,1.0,1.0,?,1.0,1.7976931348623157E308,?,1.0,1.0,240000.0,2580920.0
241000.0,380.313938951,2.5393023551892265E-4,241000.0,1.0,1.0,1.0,?,1.0,1.7976931348623157E308,?,1.0,1.0,241000.0,2580920.0
242000.0,381.5245459,2.5473854064843836E-4,242000.0,1.0,1.0,1.0,?,1.0,1.7976931348623157E308,?,1.0,1.0,242000.0,2580920.0
243000.0,382.904111233,2.556596569001558E-4,243000.0,1.0,1.0,1.0,?,1.0,1.7976931348623157E308,?,1.0,1.0,243000.0,2580920.0
244000.0,384.641027918,2.5681937159301014E-4,244000.0,1.0,1.0,1.0,?,1.0,1.7976931348623157E308,?,1.0,1.0,244000.0,2580920.0
245000.0,386.203840412,2.5786283938114313E-4,245000.0,1.0,1.0,1.0,?,1.0,1.7976931348623157E308,?,1.0,1.0,245000.0,2580920.0
246000.0,387.533708633,2.5875077357440226E-4,246000.0,1.0,1.0,1.0,?,1.0,1.7976931348623157E308,?,1.0,1.0,246000.0,2580920.0
247000.0,388.944850881,2.5969297328544546E-4,247000.0,1.0,1.0,1.0,?,1.0,1.7976931348623157E308,?,1.0,1.0,247000.0,2580920.0
248000.0,390.403565746,2.6066693655969747E-4,248000.0,1.0,1.0,1.0,?,1.0,1.7976931348623157E308,?,1.0,1.0,248000.0,2580920.0
249000.0,391.78714623,2.615907336709224E-4,249000.0,1.0,1.0,1.0,?,1.0,1.7976931348623157E308,?,1.0,1.0,249000.0,2580920.0
250000.0,393.128947208,2.624866351971795E-4,250000.0,1.0,1.0,1.0,?,1.0,1.7976931348623157E308,?,1.0,1.0,250000.0,2580920.0
251000.0,394.425933034,2.633526142805896E-4,251000.0,1.0,1.0,1.0,?,1.0,1.7976931348623157E308,?,1.0,1.0,251000.0,2580920.0
252000.0,396.267519887,2.645822157635137E-4,252000.0,1.0,1.0,1.0,?,1.0,1.7976931348623157E308,?,1.0,1.0,252000.0,2580920.0
253000.0,397.340343542,2.652985249372869E-4,253000.0,1.0,1.0,1.0,?,1.0,1.7976931348623157E308,?,1.0,1.0,253000.0,2580920.0
254000.0,398.950197211,2.663734014523253E-4,254000.0,1.0,1.0,1.0,?,1.0,1.7976931348623157E308,?,1.0,1.0,254000.0,2580920.0
255000.0,400.419109999,2.6735417373546176E-4,255000.0,1.0,1.0,1.0,?,1.0,1.7976931348623157E308,?,1.0,1.0,255000.0,2580920.0
256000.0,402.114172344,2.6848594287774545E-4,256000.0,1.0,1.0,1.0,?,1.0,1.7976931348623157E308,?,1.0,1.0,256000.0,2580920.0
257000.0,403.547284825,2.6944281180247957E-4,257000.0,1.0,1.0,1.0,?,1.0,1.7976931348623157E308,?,1.0,1.0,257000.0,2580920.0
258000.0,405.172691215,2.705280726492555E-4,258000.0,1.0,1.0,1.0,?,1.0,1.7976931348623157E308,?,1.0,1.0,258000.0,2580920.0
259000.0,406.407485073,2.7135252703566087E-4,259000.0,1.0,1.0,1.0,?,1.0,1.7976931348623157E308,?,1.0,1.0,259000.0,2580920.0
260000.0,407.576930618,2.721333492781679E-4,260000.0,1.0,1.0,1.0,?,1.0,1.7976931348623157E308,?,1.0,1.0,260000.0,2580920.0
261000.0,409.351415217,2.7331814753560655E-4,261000.0,1.0,1.0,1.0,?,1.0,1.7976931348623157E308,?,1.0,1.0,261000.0,2580920.0
262000.0,411.38011319,2.7467268046569464E-4,262000.0,1.0,1.0,1.0,?,1.0,1.7976931348623157E308,?,1.0,1.0,262000.0,2580920.0
263000.0,413.58942055,2.761478037278235E-4,263000.0,1.0,1.0,1.0,?,1.0,1.7976931348623157E308,?,1.0,1.0,263000.0,2580920.0
264000.0,414.84253613,2.7698449126875227E-4,264000.0,1.0,1.0,1.0,?,1.0,1.7976931348623157E308,?,1.0,1.0,264000.0,2580920.0
265000.0,415.811187961,2.776312463896929E-4,265000.0,1.0,1.0,1.0,?,1.0,1.7976931348623157E308,?,1.0,1.0,265000.0,2580920.0
266000.0,417.118875213,2.785043706638159E-4,266000.0,1.0,1.0,1.0,?,1.0,1.7976931348623157E308,?,1.0,1.0,266000.0,2580920.0
267000.0,418.888440389,2.7968588429212824E-4,267000.0,1.0,1.0,1.0,?,1.0,1.7976931348623157E308,?,1.0,1.0,267000.0,2580920.0
268000.0,420.248944827,2.8059427385396967E-4,268000.0,1.0,1.0,1.0,?,1.0,1.7976931348623157E308,?,1.0,1.0,268000.0,2580920.0
269000.0,421.890214745,2.816901265539191E-4,269000.0,1.0,1.0,1.0,?,1.0,1.7976931348623157E308,?,1.0,1.0,269000.0,2580920.0
270000.0,423.742293972,2.829267336464938E-4,270000.0,1.0,1.0,1.0,?,1.0,1.7976931348623157E308,?,1.0,1.0,270000.0,2580920.0
271000.0,425.239532579,2.8392641867816055E-4,271000.0,1.0,1.0,1.0,?,1.0,1.7976931348623157E308,?,1.0,1.0,271000.0,2580920.0
272000.0,426.434959563,2.847245883598453E-4,272000.0,1.0,1.0,1.0,?,1.0,1.7976931348623157E308,?,1.0,1.0,272000.0,2580920.0
273000.0,427.98916119,2.857623067939279E-4,273000.0,1.0,1.0,1.0,?,1.0,1.7976931348623157E308,?,1.0,1.0,273000.0,2580920.0
274000.0,429.327994001,2.866562265170793E-4,274000.0,1.0,1.0,1.0,?,1.0,1.7976931348623157E308,?,1.0,1.0,274000.0,2580920.0
275000.0,430.816956462,2.87650385683171E-4,275000.0,1.0,1.0,1.0,?,1.0,1.7976931348623157E308,?,1.0,1.0,275000.0,2580920.0
276000.0,432.156206913,2.8854458425864066E-4,276000.0,1.0,1.0,1.0,?,1.0,1.7976931348623157E308,?,1.0,1.0,276000.0,2580920.0
277000.0,433.320598055,2.893220317477854E-4,277000.0,1.0,1.0,1.0,?,1.0,1.7976931348623157E308,?,1.0,1.0,277000.0,2580920.0
278000.0,434.602696617,2.901780708156805E-4,278000.0,1.0,1.0,1.0,?,1.0,1.7976931348623157E308,?,1.0,1.0,278000.0,2580920.0
279000.0,435.753376341,2.90946363385046E-4,279000.0,1.0,1.0,1.0,?,1.0,1.7976931348623157E308,?,1.0,1.0,279000.0,2580920.0
280000.0,437.992266508,2.9244123866880613E-4,280000.0,1.0,1.0,1.0,?,1.0,1.7976931348623157E308,?,1.0,1.0,280000.0,2580920.0
281000.0,439.642594943,2.935431396123766E-4,281000.0,1.0,1.0,1.0,?,1.0,1.7976931348623157E308,?,1.0,1.0,281000.0,2580920.0
282000.0,441.284344265,2.946393124035932E-4,282000.0,1.0,1.0,1.0,?,1.0,1.7976931348623157E308,?,1.0,1.0,282000.0,2580920.0
283000.0,443.01446022,2.957944863452583E-4,283000.0,1.0,1.0,1.0,?,1.0,1.7976931348623157E308,?,1.0,1.0,283000.0,2580920.0
284000.0,444.613738977,2.968623021411914E-4,284000.0,1.0,1.0,1.0,?,1.0,1.7976931348623157E308,?,1.0,1.0,284000.0,2580920.0
285000.0,445.826560511,2.976720859177748E-4,285000.0,1.0,1.0,1.0,?,1.0,1.7976931348623157E308,?,1.0,1.0,285000.0,2580920.0
286000.0,447.565025542,2.9883283441934396E-4,286000.0,1.0,1.0,1.0,?,1.0,1.7976931348623157E308,?,1.0,1.0,286000.0,2580920.0
287000.0,449.056816287,2.9982888199064163E-4,287000.0,1.0,1.0,1.0,?,1.0,1.7976931348623157E308,?,1.0,1.0,287000.0,2580920.0
288000.0,450.630326657,3.008794925992027E-4,288000.0,1.0,1.0,1.0,?,1.0,1.7976931348623157E308,?,1.0,1.0,288000.0,2580920.0
289000.0,452.147977452,3.018928065599605E-4,289000.0,1.0,1.0,1.0,?,1.0,1.7976931348623157E308,?,1.0,1.0,289000.0,2580920.0
290000.0,453.798812332,3.029950456496912E-4,290000.0,1.0,1.0,1.0,?,1.0,1.7976931348623157E308,?,1.0,1.0,290000.0,2580920.0
291000.0,454.681806245,3.0358460819086E-4,291000.0,1.0,1.0,1.0,?,1.0,1.7976931348623157E308,?,1.0,1.0,291000.0,2580920.0
292000.0,456.146005831,3.0456223353571385E-4,292000.0,1.0,1.0,1.0,?,1.0,1.7976931348623157E308,?,1.0,1.0,292000.0,2580920.0
293000.0,457.763971586,3.056425263757868E-4,293000.0,1.0,1.0,1.0,?,1.0,1.7976931348623157E308,?,1.0,1.0,293000.0,2580920.0
294000.0,459.609957369,3.068750649620261E-4,294000.0,1.0,1.0,1.0,?,1.0,1.7976931348623157E308,?,1.0,1.0,294000.0,2580920.0
295000.0,461.58581548,3.0819431746395153E-4,295000.0,1.0,1.0,1.0,?,1.0,1.7976931348623157E308,?,1.0,1.0,295000.0,2580920.0
296000.0,463.212799209,3.0928063147765813E-4,296000.0,1.0,1.0,1.0,?,1.0,1.7976931348623157E308,?,1.0,1.0,296000.0,2580920.0
297000.0,464.734773499,3.102968321748491E-4,297000.0,1.0,1.0,1.0,?,1.0,1.7976931348623157E308,?,1.0,1.0,297000.0,2580920.0
298000.0,466.135264501,3.112319201996554E-4,298000.0,1.0,1.0,1.0,?,1.0,1.7976931348623157E308,?,1.0,1.0,298000.0,2580920.0
299000.0,467.222113058,3.119575936020388E-4,299000.0,1.0,1.0,1.0,?,1.0,1.7976931348623157E308,?,1.0,1.0,299000.0,2580920.0
300000.0,468.829904121,3.130310929442373E-4,300000.0,1.0,1.0,1.0,?,1.0,1.7976931348623157E308,?,1.0,1.0,300000.0,2580920.0
301000.0,470.406026446,3.1408344751819215E-4,301000.0,1.0,1.0,1.0,?,1.0,1.7976931348623157E308,?,1.0,1.0,301000.0,2580920.0
302000.0,472.026518978,3.151654274515136E-4,302000.0,1.0,1.0,1.0,?,1.0,1.7976931348623157E308,?,1.0,1.0,302000.0,2580920.0
303000.0,473.371303873,3.1606332129692857E-4,303000.0,1.0,1.0,1.0,?,1.0,1.7976931348623157E308,?,1.0,1.0,303000.0,2580920.0
304000.0,474.907358399,3.1708892316845854E-4,304000.0,1.0,1.0,1.0,?,1.0,1.7976931348623157E308,?,1.0,1.0,304000.0,2580920.0
305000.0,476.879541713,3.1840572206042616E-4,305000.0,1.0,1.0,1.0,?,1.0,1.7976931348623157E308,?,1.0,1.0,305000.0,2580920.0
306000.0,478.759243936,3.196607726365591E-4,306000.0,1.0,1.0,1.0,?,1.0,1.7976931348623157E308,?,1.0,1.0,306000.0,2580920.0
307000.0,480.358687713,3.2072869861401115E-4,307000.0,1.0,1.0,1.0,?,1.0,1.7976931348623157E308,?,1.0,1.0,307000.0,2580920.0
308000.0,482.3309981,3.2204558235082275E-4,308000.0,1.0,1.0,1.0,?,1.0,1.7976931348623157E308,?,1.0,1.0,308000.0,2580920.0
309000.0,483.664880798,3.2293619695356914E-4,309000.0,1.0,1.0,1.0,?,1.0,1.7976931348623157E308,?,1.0,1.0,309000.0,2580920.0
310000.0,485.163028832,3.239364891967752E-4,310000.0,1.0,1.0,1.0,?,1.0,1.7976931348623157E308,?,1.0,1.0,310000.0,2580920.0
311000.0,486.735220102,3.249862190609318E-4,311000.0,1.0,1.0,1.0,?,1.0,1.7976931348623157E308,?,1.0,1.0,311000.0,2580920.0
312000.0,488.594966179,3.26227945200764E-4,312000.0,1.0,1.0,1.0,?,1.0,1.7976931348623157E308,?,1.0,1.0,312000.0,2580920.0
313000.0,490.372760994,3.2741495364258563E-4,313000.0,0.9993324432576769,0.9910547396528705,0.9994,0.9956543738075779,1.0,12.35113484646195,0.9959866058798797,1.0,0.7545098039215518,313000.0,2580920.0
314000.0,492.943562802,3.2913144163242505E-4,314000.0,0.9993829444444444,0.9926588388888968,0.9988,0.9933333333333334,1.0,9.0,0.9966630992132363,0.9993333333333333,0.6291338582677286,314000.0,2580920.0
315000.0,494.783726066,3.303600926051179E-4,315000.0,0.9993829444444444,0.9926588388888968,0.9988,0.9933333333333334,1.0,9.0,0.9966630992132363,0.9993333333333333,0.6279527559055152,315000.0,2580920.0
316000.0,497.104709001,3.3190978006844243E-4,316000.0,0.9993829444444444,0.9926588388888968,0.9988,0.9933333333333334,1.0,9.0,0.9966630992132363,0.9993333333333333,0.6267716535433151,316000.0,2580920.0
317000.0,499.077649368,3.332270844339857E-4,317000.0,0.9993829444444444,0.9926588388888968,0.9988,0.9933333333333334,1.0,9.0,0.9966630992132363,0.9993333333333333,0.6255905511811154,317000.0,2580920.0
318000.0,500.800038245,3.343770991150099E-4,318000.0,0.9993829444444444,0.9926588388888968,0.9988,0.9933333333333334,1.0,9.0,0.9966630992132363,0.9993333333333333,0.6244094488189057,318000.0,2580920.0
319000.0,502.646462561,3.3560993050352797E-4,319000.0,0.9988834368209855,0.9911682106092676,0.9987,0.9927809862283431,1.0,8.99000999000999,0.9961651041773854,0.9993332592510279,0.592232055063926,319000.0,2580920.0
320000.0,504.428800515,3.3679997233497354E-4,320000.0,0.9988834368209855,0.9911682106092676,0.9987,0.9927809862283431,1.0,8.99000999000999,0.9961651041773854,0.9993332592510279,0.5909537856440653,320000.0,2580920.0
321000.0,506.815443462,3.3839350005920816E-4,321000.0,0.997888766285305,0.9864941827826037,0.9983,0.9905764966740574,0.9988834368209855,8.950248756218905,0.9941805620863812,0.9993329627570873,0.46552399608225964,321000.0,2580920.0
322000.0,508.784742511,3.397083731682482E-4,322000.0,0.997888766285305,0.9864941827826037,0.9983,0.9905764966740574,0.9988834368209855,8.950248756218905,0.9941805620863812,0.9993329627570873,0.4638589618021415,322000.0,2580920.0
323000.0,510.626547984,3.4093812062065273E-4,323000.0,0.9940245680033867,0.9751727826098064,0.9989,0.9779930281913312,0.9988834368209855,38.0625,0.9898813126253951,0.999384236453202,0.6520078354554407,323000.0,2580920.0
324000.0,512.791944569,3.4238392527966043E-4,324000.0,0.9528169107590987,0.7414873357094496,0.9989,0.8836653453870129,0.9988834368209855,187.67924528301887,0.8901981971385244,1.0,0.6666043030869968,324000.0,2580920.0
325000.0,515.273182307,3.440406126073104E-4,325000.0,0.9974534793714342,0.985726360540792,0.9982,0.9900530152184445,0.9988834368209855,8.920634920634921,0.9941415025246793,0.9992215302491103,0.7109683794466346,325000.0,2580920.0
326000.0,517.801997115,3.457290664713743E-4,326000.0,0.9974534793714342,0.985726360540792,0.9982,0.9900530152184445,0.9988834368209855,8.920634920634921,0.9941415025246793,0.9992215302491103,0.710079051383396,326000.0,2580920.0
327000.0,520.163913486,3.4730608461069977E-4,327000.0,0.9974534793714342,0.985726360540792,0.9982,0.9900530152184445,0.9988834368209855,8.920634920634921,0.9941415025246793,0.9992215302491103,0.7091897233201526,327000.0,2580920.0
328000.0,522.284253889,3.487218058945401E-4,328000.0,0.9974534793714342,0.985726360540792,0.9982,0.9900530152184445,0.9988834368209855,8.920634920634921,0.9941415025246793,0.9992215302491103,0.7083003952569134,328000.0,2580920.0
329000.0,524.552713014,3.502364239531501E-4,329000.0,0.9979480896042834,0.9872012277291102,0.9983,0.9906014746617966,0.9988834368209855,8.930486593843098,0.9946350385659236,0.9992216168130769,0.7236660079051331,329000.0,2580920.0
330000.0,526.757197388,3.51708326975773E-4,330000.0,0.9979480896042834,0.9872012277291102,0.9983,0.9906014746617966,0.9988834368209855,8.930486593843098,0.9946350385659236,0.9992216168130769,0.7228260869565156,330000.0,2580920.0
331000.0,528.942479554,3.531674089558294E-4,331000.0,0.9986856491827156,0.988111366153547,0.9982,0.9914834045147228,0.9979480896042834,7.312551953449709,0.9950214786621381,0.9992042741843811,0.732104316546757,331000.0,2580920.0
332000.0,530.906311503,3.5447863175956E-4,332000.0,0.9986856491827156,0.988111366153547,0.9982,0.9914834045147228,0.9979480896042834,7.312551953449709,0.9950214786621381,0.9992042741843811,0.7312949640287744,332000.0,2580920.0
333000.0,532.918246339,3.5582197218027496E-4,333000.0,0.9986856491827156,0.988111366153547,0.9982,0.9914834045147228,0.9979480896042834,7.312551953449709,0.9950214786621381,0.9992042741843811,0.7304856115107872,333000.0,2580920.0
334000.0,534.98419001,3.5720137353588356E-4,334000.0,0.9995052846155164,0.9941387007736944,0.9988,0.9941312631037892,0.9979480896042834,7.658008658008658,0.9974382257076939,0.999208592425099,0.8197841726618746,334000.0,2580920.0
335000.0,537.149091873,3.5864684787601225E-4,335000.0,0.9975,0.9700000000000001,0.9995,0.9870867768595055,0.9979480896042834,49.0,0.9874208829065749,1.0,0.924685251798569,335000.0,2580920.0
336000.0,539.444388518,3.6017938496697E-4,336000.0,0.9975,0.9700000000000001,0.9995,0.9870867768595055,0.9979480896042834,49.0,0.9874208829065749,1.0,0.9244604316546847,336000.0,2580920.0
337000.0,541.258341227,3.6139053552297396E-4,337000.0,0.9975,0.9700000000000001,0.9995,0.9870867768595055,0.9979480896042834,49.0,0.9874208829065749,1.0,0.9242356115107997,337000.0,2580920.0
338000.0,543.6344756,3.629770468210472E-4,338000.0,0.9975,0.9700000000000001,0.9995,0.9870867768595055,0.9979480896042834,49.0,0.9874208829065749,1.0,0.9240107913669154,338000.0,2580920.0
339000.0,545.943537382,3.645187746992004E-4,339000.0,0.9975,0.9700000000000001,0.9995,0.9870867768595055,0.9979480896042834,49.0,0.9874208829065749,1.0,0.9237859712230302,339000.0,2580920.0
340000.0,548.092361943,3.6595351445228077E-4,340000.0,0.9975,0.9700000000000001,0.9995,0.9870867768595055,0.9979480896042834,49.0,0.9874208829065749,1.0,0.9235611510791455,340000.0,2580920.0
341000.0,549.987063574,3.6721857992089065E-4,341000.0,1.0,1.0,1.0,?,0.9975,1.7976931348623157E308,?,1.0,1.0,341000.0,2580920.0
342000.0,551.649204128,3.683283676491736E-4,342000.0,1.0,1.0,1.0,?,0.9975,1.7976931348623157E308,?,1.0,1.0,342000.0,2580920.0
343000.0,553.64488424,3.696608550206814E-4,343000.0,1.0,1.0,1.0,?,0.9975,1.7976931348623157E308,?,1.0,1.0,343000.0,2580920.0
344000.0,555.461080266,3.7087350340770286E-4,344000.0,1.0,1.0,1.0,?,0.9975,1.7976931348623157E308,?,1.0,1.0,344000.0,2580920.0
345000.0,557.259166717,3.7207406028775094E-4,345000.0,1.0,1.0,1.0,?,0.9975,1.7976931348623157E308,?,1.0,1.0,345000.0,2580920.0
346000.0,559.025284168,3.732532719188668E-4,346000.0,1.0,1.0,1.0,?,0.9975,1.7976931348623157E308,?,1.0,1.0,346000.0,2580920.0
347000.0,560.148282787,3.74003082206117E-4,347000.0,1.0,1.0,1.0,?,0.9975,1.7976931348623157E308,?,1.0,1.0,347000.0,2580920.0
348000.0,561.425916489,3.748561401501688E-4,348000.0,1.0,1.0,1.0,?,0.9975,1.7976931348623157E308,?,1.0,1.0,348000.0,2580920.0
349000.0,562.999801973,3.759070012170397E-4,349000.0,0.5,-0.5,0.9999,0.0,0.9975,9999.0,0.0,1.0,0.9843146067415747,349000.0,2580920.0
350000.0,564.868282343,3.7715455912071597E-4,350000.0,0.5,-0.5,0.9999,0.0,0.9975,9999.0,0.0,1.0,0.98426966292135,350000.0,2580920.0
351000.0,566.361678014,3.781516782783938E-4,351000.0,0.5,-0.5,0.9999,0.0,0.5,9999.0,0.0,1.0,0.9842247191011254,351000.0,2580920.0
352000.0,567.782926855,3.791006260185728E-4,352000.0,0.5,-0.5,0.9999,0.0,0.5,9999.0,0.0,1.0,0.9841797752809007,352000.0,2580920.0
353000.0,569.363949671,3.8015625258102547E-4,353000.0,0.5,-0.5,0.9999,0.0,0.5,9999.0,0.0,1.0,0.984134831460676,353000.0,2580920.0
354000.0,571.355719786,3.814861293028636E-4,354000.0,0.5,-0.5,0.9999,0.0,0.5,9999.0,0.0,1.0,0.9840898876404511,354000.0,2580920.0
355000.0,573.378070506,3.828364242619385E-4,355000.0,0.5,-0.5,0.9999,0.0,0.5,9999.0,0.0,1.0,0.9840449438202264,355000.0,2580920.0
356000.0,575.402793725,3.841883033050244E-4,356000.0,0.5,-0.5,0.9999,0.0,0.5,9999.0,0.0,1.0,0.9840000000000017,356000.0,2580920.0
357000.0,577.317431015,3.85466679531055E-4,357000.0,0.5,-0.5,0.9999,0.0,0.5,9999.0,0.0,1.0,0.983955056179777,357000.0,2580920.0
358000.0,578.846664121,3.8648772683697545E-4,358000.0,0.5,-0.5,0.9999,0.0,0.5,9999.0,0.0,1.0,0.9839101123595524,358000.0,2580920.0
359000.0,581.142501136,3.8802062472533585E-4,359000.0,1.0,1.0,1.0,?,0.5,1.7976931348623157E308,?,1.0,1.0,359000.0,2580920.0
360000.0,583.040977279,3.8928821038219805E-4,360000.0,1.0,1.0,1.0,?,0.5,1.7976931348623157E308,?,1.0,1.0,360000.0,2580920.0
361000.0,584.719974376,3.904092529857186E-4,361000.0,1.0,1.0,1.0,?,1.0,1.7976931348623157E308,?,1.0,1.0,361000.0,2580920.0
362000.0,586.851343643,3.918323380859911E-4,362000.0,1.0,1.0,1.0,?,1.0,1.7976931348623157E308,?,1.0,1.0,362000.0,2580920.0
363000.0,589.035993073,3.932909975971737E-4,363000.0,1.0,1.0,1.0,?,1.0,1.7976931348623157E308,?,1.0,1.0,363000.0,2580920.0
364000.0,590.350368979,3.941685877909267E-4,364000.0,1.0,1.0,1.0,?,1.0,1.7976931348623157E308,?,1.0,1.0,364000.0,2580920.0
365000.0,592.162571567,3.953785698159035E-4,365000.0,1.0,1.0,1.0,?,1.0,1.7976931348623157E308,?,1.0,1.0,365000.0,2580920.0
366000.0,594.032867663,3.966273400541371E-4,366000.0,1.0,1.0,1.0,?,1.0,1.7976931348623157E308,?,1.0,1.0,366000.0,2580920.0
367000.0,595.905124534,3.9787741947409287E-4,367000.0,1.0,1.0,1.0,?,1.0,1.7976931348623157E308,?,1.0,1.0,367000.0,2580920.0
368000.0,597.167909514,3.9872056313657766E-4,368000.0,1.0,1.0,1.0,?,1.0,1.7976931348623157E308,?,1.0,1.0,368000.0,2580920.0
369000.0,599.125735367,4.000277757549965E-4,369000.0,1.0,1.0,1.0,?,1.0,1.7976931348623157E308,?,1.0,1.0,369000.0,2580920.0
370000.0,601.256222158,4.01450271638531E-4,370000.0,1.0,1.0,1.0,?,1.0,1.7976931348623157E308,?,1.0,1.0,370000.0,2580920.0
371000.0,602.86116344,4.025218682222807E-4,371000.0,1.0,1.0,1.0,?,1.0,1.7976931348623157E308,?,1.0,1.0,371000.0,2580920.0
372000.0,604.791126221,4.038104770617932E-4,372000.0,1.0,1.0,1.0,?,1.0,1.7976931348623157E308,?,1.0,1.0,372000.0,2580920.0
373000.0,606.798226065,4.051505892267659E-4,373000.0,1.0,1.0,1.0,?,1.0,1.7976931348623157E308,?,1.0,1.0,373000.0,2580920.0
374000.0,608.37121084,4.0620084890298275E-4,374000.0,1.0,1.0,1.0,?,1.0,1.7976931348623157E308,?,1.0,1.0,374000.0,2580920.0
375000.0,610.353954225,4.075246986049299E-4,375000.0,1.0,1.0,1.0,?,1.0,1.7976931348623157E308,?,1.0,1.0,375000.0,2580920.0
376000.0,612.23551057,4.08780987152086E-4,376000.0,1.0,1.0,1.0,?,1.0,1.7976931348623157E308,?,1.0,1.0,376000.0,2580920.0
377000.0,614.448405078,4.1025850550217564E-4,377000.0,1.0,1.0,1.0,?,1.0,1.7976931348623157E308,?,1.0,1.0,377000.0,2580920.0
378000.0,616.666369392,4.117394088899927E-4,378000.0,1.0,1.0,1.0,?,1.0,1.7976931348623157E308,?,1.0,1.0,378000.0,2580920.0
379000.0,619.161013557,4.13405047499247E-4,379000.0,1.0,1.0,1.0,?,1.0,1.7976931348623157E308,?,1.0,1.0,379000.0,2580920.0
380000.0,621.096834981,4.1469756807178964E-4,380000.0,1.0,1.0,1.0,?,1.0,1.7976931348623157E308,?,1.0,1.0,380000.0,2580920.0
381000.0,623.511999378,4.16310139164605E-4,381000.0,1.0,1.0,1.0,?,1.0,1.7976931348623157E308,?,1.0,1.0,381000.0,2580920.0
382000.0,626.009390247,4.1797761170925366E-4,382000.0,1.0,1.0,1.0,?,1.0,1.7976931348623157E308,?,1.0,1.0,382000.0,2580920.0
383000.0,628.073778936,4.1935597482538415E-4,383000.0,1.0,1.0,1.0,?,1.0,1.7976931348623157E308,?,1.0,1.0,383000.0,2580920.0
384000.0,629.493963236,4.2030421178660093E-4,384000.0,1.0,1.0,1.0,?,1.0,1.7976931348623157E308,?,1.0,1.0,384000.0,2580920.0
385000.0,631.705423393,4.217807724408242E-4,385000.0,0.4998999899989999,-0.4998999899989999,0.9999,0.0,1.0,9999.0,0.0,1.0,0.9827044025157253,385000.0,2580920.0
386000.0,633.473941235,4.2296158677904475E-4,386000.0,0.4998999899989999,-0.4998999899989999,0.9999,0.0,1.0,9999.0,0.0,1.0,0.9826594788858958,386000.0,2580920.0
387000.0,634.763577164,4.2382265844023053E-4,387000.0,0.4998999899989999,-0.4998999899989999,0.9999,0.0,1.0,9999.0,0.0,1.0,0.9826145552560667,387000.0,2580920.0
388000.0,636.74072379,4.251427712653887E-4,388000.0,0.4998999899989999,-0.4998999899989999,0.9999,0.0,1.0,9999.0,0.0,1.0,0.9825696316262373,388000.0,2580920.0
389000.0,638.926332319,4.266020711534021E-4,389000.0,0.4998999899989999,-0.4998999899989999,0.9999,0.0,1.0,9999.0,0.0,1.0,0.9825247079964079,389000.0,2580920.0
390000.0,640.906054027,4.279239033243737E-4,390000.0,0.4998999899989999,-0.4998999899989999,0.9999,0.0,1.0,9999.0,0.0,1.0,0.9824797843665787,390000.0,2580920.0
391000.0,642.71468081,4.291314978349504E-4,391000.0,0.4998999899989999,-0.4998999899989999,0.9999,0.0,0.4998999899989999,9999.0,0.0,1.0,0.9824348607367495,391000.0,2580920.0
392000.0,644.315498313,4.302003410298142E-4,392000.0,0.4998999899989999,-0.4998999899989999,0.9999,0.0,0.4998999899989999,9999.0,0.0,1.0,0.9823899371069201,392000.0,2580920.0
393000.0,646.292316131,4.315202343145234E-4,393000.0,0.4998999899989999,-0.4998999899989999,0.9999,0.0,0.4998999899989999,9999.0,0.0,1.0,0.9823450134770907,393000.0,2580920.0
394000.0,648.355030131,4.328974792645058E-4,394000.0,0.4998999899989999,-0.4998999899989999,0.9999,0.0,0.4998999899989999,9999.0,0.0,1.0,0.9823000898472616,394000.0,2580920.0
395000.0,649.717114705,4.3380692386079517E-4,395000.0,1.0,1.0,1.0,?,0.4998999899989999,1.7976931348623157E308,?,1.0,1.0,395000.0,2580920.0
396000.0,651.127690336,4.3474874524968525E-4,396000.0,1.0,1.0,1.0,?,0.4998999899989999,1.7976931348623157E308,?,1.0,1.0,396000.0,2580920.0
397000.0,652.75002709,4.3583195654394E-4,397000.0,1.0,1.0,1.0,?,0.4998999899989999,1.7976931348623157E308,?,1.0,1.0,397000.0,2580920.0
398000.0,654.924710133,4.3728396163954903E-4,398000.0,1.0,1.0,1.0,?,0.4998999899989999,1.7976931348623157E308,?,1.0,1.0,398000.0,2580920.0
399000.0,656.66656201,4.3844697149026784E-4,399000.0,1.0,1.0,1.0,?,0.4998999899989999,1.7976931348623157E308,?,1.0,1.0,399000.0,2580920.0
400000.0,658.755174156,4.398415082658705E-4,400000.0,1.0,1.0,1.0,?,0.4998999899989999,1.7976931348623157E308,?,1.0,1.0,400000.0,2580920.0
401000.0,660.648731854,4.411058099466031E-4,401000.0,1.0,1.0,1.0,?,1.0,1.7976931348623157E308,?,1.0,1.0,401000.0,2580920.0
402000.0,662.30993926,4.4221497462517073E-4,402000.0,1.0,1.0,1.0,?,1.0,1.7976931348623157E308,?,1.0,1.0,402000.0,2580920.0
403000.0,664.370755706,4.435909526051981E-4,403000.0,1.0,1.0,1.0,?,1.0,1.7976931348623157E308,?,1.0,1.0,403000.0,2580920.0
404000.0,666.372462415,4.4492746385024523E-4,404000.0,1.0,1.0,1.0,?,1.0,1.7976931348623157E308,?,1.0,1.0,404000.0,2580920.0
405000.0,668.631066261,4.4643550167852117E-4,405000.0,1.0,1.0,1.0,?,1.0,1.7976931348623157E308,?,1.0,1.0,405000.0,2580920.0
406000.0,671.042682331,4.4804570360360815E-4,406000.0,1.0,1.0,1.0,?,1.0,1.7976931348623157E308,?,1.0,1.0,406000.0,2580920.0
407000.0,673.141014177,4.494467300853651E-4,407000.0,1.0,1.0,1.0,?,1.0,1.7976931348623157E308,?,1.0,1.0,407000.0,2580920.0
408000.0,675.150379492,4.507883548732676E-4,408000.0,1.0,1.0,1.0,?,1.0,1.7976931348623157E308,?,1.0,1.0,408000.0,2580920.0
409000.0,676.728353685,4.5184194591328176E-4,409000.0,1.0,1.0,1.0,?,1.0,1.7976931348623157E308,?,1.0,1.0,409000.0,2580920.0
410000.0,678.260075314,4.528646547707962E-4,410000.0,1.0,1.0,1.0,?,1.0,1.7976931348623157E308,?,1.0,1.0,410000.0,2580920.0
411000.0,679.66440792,4.538023077802338E-4,411000.0,0.5,-0.5,0.9999,0.0,1.0,9999.0,0.0,1.0,0.9815446789402805,411000.0,2580920.0
412000.0,681.046654541,4.5472521429000805E-4,412000.0,0.5,-0.5,0.9998,0.0,1.0,4999.0,0.0,1.0,0.9630161579892318,412000.0,2580920.0
413000.0,683.011358117,4.5603701906675285E-4,413000.0,0.5,-0.5,0.9998,0.0,1.0,4999.0,0.0,1.0,0.9629263913824102,413000.0,2580920.0
414000.0,684.854598949,4.572677248880511E-4,414000.0,0.5,-0.5,0.9998,0.0,1.0,4999.0,0.0,1.0,0.9628366247755875,414000.0,2580920.0
415000.0,686.508578514,4.5837206363945836E-4,415000.0,0.5,-0.5,0.9998,0.0,1.0,4999.0,0.0,1.0,0.9627468581687655,415000.0,2580920.0
416000.0,687.728989714,4.5918691492863464E-4,416000.0,0.5,-0.5,0.9998,0.0,1.0,4999.0,0.0,1.0,0.9626570915619428,416000.0,2580920.0
417000.0,688.647531634,4.598002123710659E-4,417000.0,0.5,-0.5,0.9998,0.0,1.0,4999.0,0.0,1.0,0.9625673249551212,417000.0,2580920.0
418000.0,690.270978979,4.6088416519121623E-4,418000.0,0.5,-0.5,0.9998,0.0,1.0,4999.0,0.0,1.0,0.9624775583482985,418000.0,2580920.0
419000.0,692.114790457,4.621152520247739E-4,419000.0,0.5,-0.5,0.9998,0.0,1.0,4999.0,0.0,1.0,0.962387791741476,419000.0,2580920.0
420000.0,693.983606806,4.6336303425687436E-4,420000.0,0.5,-0.5,0.9998,0.0,1.0,4999.0,0.0,1.0,0.9622980251346542,420000.0,2580920.0
421000.0,695.960855241,4.646832150584612E-4,421000.0,0.5,-0.5,0.9999,0.0,0.5,9999.0,0.0,1.0,0.9811041292639161,421000.0,2580920.0
422000.0,697.662027681,4.658190638247173E-4,422000.0,1.0,1.0,1.0,?,0.5,1.7976931348623157E308,?,1.0,1.0,422000.0,2580920.0
423000.0,698.913843946,4.6665488383140606E-4,423000.0,1.0,1.0,1.0,?,0.5,1.7976931348623157E308,?,1.0,1.0,423000.0,2580920.0
424000.0,700.32054812,4.675941203032391E-4,424000.0,1.0,1.0,1.0,?,0.5,1.7976931348623157E308,?,1.0,1.0,424000.0,2580920.0
425000.0,702.74969636,4.692160282101514E-4,425000.0,1.0,1.0,1.0,?,0.5,1.7976931348623157E308,?,1.0,1.0,425000.0,2580920.0
426000.0,704.861346006,4.706259467985188E-4,426000.0,1.0,1.0,1.0,?,0.5,1.7976931348623157E308,?,1.0,1.0,426000.0,2580920.0
427000.0,707.321119251,4.722683025879196E-4,427000.0,1.0,1.0,1.0,?,0.5,1.7976931348623157E308,?,1.0,1.0,427000.0,2580920.0
428000.0,709.488654509,4.737155352086267E-4,428000.0,1.0,1.0,1.0,?,0.5,1.7976931348623157E308,?,1.0,1.0,428000.0,2580920.0
429000.0,711.221807043,4.7487273663112187E-4,429000.0,1.0,1.0,1.0,?,0.5,1.7976931348623157E308,?,1.0,1.0,429000.0,2580920.0
430000.0,713.356800459,4.762982415243992E-4,430000.0,1.0,1.0,1.0,?,0.5,1.7976931348623157E308,?,1.0,1.0,430000.0,2580920.0
431000.0,715.08280442,4.7745066994585604E-4,431000.0,1.0,1.0,1.0,?,1.0,1.7976931348623157E308,?,1.0,1.0,431000.0,2580920.0
432000.0,717.298618374,4.789301375687291E-4,432000.0,1.0,1.0,1.0,?,1.0,1.7976931348623157E308,?,1.0,1.0,432000.0,2580920.0
433000.0,718.980815185,4.800533165760109E-4,433000.0,1.0,1.0,1.0,?,1.0,1.7976931348623157E308,?,1.0,1.0,433000.0,2580920.0
434000.0,720.431139766,4.810216777763603E-4,434000.0,1.0,1.0,1.0,?,1.0,1.7976931348623157E308,?,1.0,1.0,434000.0,2580920.0
435000.0,722.943998532,4.82699478016962E-4,435000.0,1.0,1.0,1.0,?,1.0,1.7976931348623157E308,?,1.0,1.0,435000.0,2580920.0
436000.0,725.050226045,4.841057763238496E-4,436000.0,1.0,1.0,1.0,?,1.0,1.7976931348623157E308,?,1.0,1.0,436000.0,2580920.0
437000.0,727.322241544,4.85622768923056E-4,437000.0,1.0,1.0,1.0,?,1.0,1.7976931348623157E308,?,1.0,1.0,437000.0,2580920.0
438000.0,729.630480058,4.8716394711681497E-4,438000.0,1.0,1.0,1.0,?,1.0,1.7976931348623157E308,?,1.0,1.0,438000.0,2580920.0
439000.0,731.417153165,4.883568834685753E-4,439000.0,1.0,1.0,1.0,?,1.0,1.7976931348623157E308,?,1.0,1.0,439000.0,2580920.0
440000.0,733.528416922,4.897665444043178E-4,440000.0,1.0,1.0,1.0,?,1.0,1.7976931348623157E308,?,1.0,1.0,440000.0,2580920.0
441000.0,735.89530883,4.913468846392933E-4,441000.0,1.0,1.0,1.0,?,1.0,1.7976931348623157E308,?,1.0,1.0,441000.0,2580920.0
442000.0,737.996807106,4.927500253015556E-4,442000.0,1.0,1.0,1.0,?,1.0,1.7976931348623157E308,?,1.0,1.0,442000.0,2580920.0
443000.0,740.073476355,4.941365879738257E-4,443000.0,1.0,1.0,1.0,?,1.0,1.7976931348623157E308,?,1.0,1.0,443000.0,2580920.0
444000.0,741.789060542,4.952820592596247E-4,444000.0,1.0,1.0,1.0,?,1.0,1.7976931348623157E308,?,1.0,1.0,444000.0,2580920.0
445000.0,743.576436887,4.964754651534467E-4,445000.0,1.0,1.0,1.0,?,1.0,1.7976931348623157E308,?,1.0,1.0,445000.0,2580920.0
446000.0,745.86686748,4.980047532503396E-4,446000.0,1.0,1.0,1.0,?,1.0,1.7976931348623157E308,?,1.0,1.0,446000.0,2580920.0
447000.0,747.745431186,4.992590436547819E-4,447000.0,1.0,1.0,1.0,?,1.0,1.7976931348623157E308,?,1.0,1.0,447000.0,2580920.0
448000.0,749.388711957,5.003562389728254E-4,448000.0,1.0,1.0,1.0,?,1.0,1.7976931348623157E308,?,1.0,1.0,448000.0,2580920.0
449000.0,751.350133134,5.016658521382045E-4,449000.0,1.0,1.0,1.0,?,1.0,1.7976931348623157E308,?,1.0,1.0,449000.0,2580920.0
450000.0,753.410870214,5.030417771266767E-4,450000.0,1.0,1.0,1.0,?,1.0,1.7976931348623157E308,?,1.0,1.0,450000.0,2580920.0
451000.0,755.431726575,5.043910743233928E-4,451000.0,1.0,1.0,1.0,?,1.0,1.7976931348623157E308,?,1.0,1.0,451000.0,2580920.0
452000.0,756.899275529,5.05370935993866E-4,452000.0,0.7499499899979996,-0.20000250050010004,0.9998,0.0,1.0,4999.0,0.0,1.0,0.9594618834080758,452000.0,2580920.0
453000.0,758.598510786,5.065054913304445E-4,453000.0,0.7499499899979996,-0.20000250050010004,0.9998,0.0,1.0,4999.0,0.0,1.0,0.9593721973094211,453000.0,2580920.0
454000.0,760.375931035,5.076922496798481E-4,454000.0,0.7499499899979996,-0.20000250050010004,0.9998,0.0,1.0,4999.0,0.0,1.0,0.9592825112107669,454000.0,2580920.0
455000.0,762.183453053,5.088991065544669E-4,455000.0,0.7499499899979996,-0.20000250050010004,0.9998,0.0,1.0,4999.0,0.0,1.0,0.9591928251121122,455000.0,2580920.0
456000.0,763.962194307,5.100867469202165E-4,456000.0,0.7499499899979996,-0.20000250050010004,0.9998,0.0,1.0,4999.0,0.0,1.0,0.9591031390134578,456000.0,2580920.0
457000.0,766.167826439,5.11559416284615E-4,457000.0,0.7499499899979996,-0.20000250050010004,0.9998,0.0,1.0,4999.0,0.0,1.0,0.9590134529148032,457000.0,2580920.0
458000.0,768.151155727,5.128836571857046E-4,458000.0,0.7499499899979996,-0.20000250050010004,0.9998,0.0,1.0,4999.0,0.0,1.0,0.958923766816148,458000.0,2580920.0
459000.0,769.888743085,5.140438196774309E-4,459000.0,0.7499499899979996,-0.20000250050010004,0.9998,0.0,1.0,4999.0,0.0,1.0,0.9588340807174933,459000.0,2580920.0
460000.0,771.711392117,5.152607766452473E-4,460000.0,0.7499499899979996,-0.20000250050010004,0.9998,0.0,1.0,4999.0,0.0,1.0,0.9587443946188389,460000.0,2580920.0
461000.0,773.981670233,5.167766092184089E-4,461000.0,0.7499499899979996,-0.20000250050010004,0.9998,0.0,0.7499499899979996,4999.0,0.0,1.0,0.9586547085201844,461000.0,2580920.0
462000.0,775.531356556,5.178113128479031E-4,462000.0,1.0,1.0,1.0,?,0.7499499899979996,1.7976931348623157E308,?,1.0,1.0,462000.0,2580920.0
463000.0,777.408036747,5.190643456560321E-4,463000.0,1.0,1.0,1.0,?,0.7499499899979996,1.7976931348623157E308,?,1.0,1.0,463000.0,2580920.0
464000.0,779.052694356,5.201624602693257E-4,464000.0,1.0,1.0,1.0,?,0.7499499899979996,1.7976931348623157E308,?,1.0,1.0,464000.0,2580920.0
465000.0,780.901840123,5.213971087321674E-4,465000.0,1.0,1.0,1.0,?,0.7499499899979996,1.7976931348623157E308,?,1.0,1.0,465000.0,2580920.0
466000.0,782.567034892,5.225089357165881E-4,466000.0,1.0,1.0,1.0,?,0.7499499899979996,1.7976931348623157E308,?,1.0,1.0,466000.0,2580920.0
467000.0,784.098456118,5.235314439992702E-4,467000.0,1.0,1.0,1.0,?,0.7499499899979996,1.7976931348623157E308,?,1.0,1.0,467000.0,2580920.0
468000.0,785.933950978,5.247569779446711E-4,468000.0,1.0,1.0,1.0,?,0.7499499899979996,1.7976931348623157E308,?,1.0,1.0,468000.0,2580920.0
469000.0,787.514172339,5.25812069386961E-4,469000.0,1.0,1.0,1.0,?,0.7499499899979996,1.7976931348623157E308,?,1.0,1.0,469000.0,2580920.0
470000.0,789.161613353,5.269120424403874E-4,470000.0,1.0,1.0,1.0,?,0.7499499899979996,1.7976931348623157E308,?,1.0,1.0,470000.0,2580920.0
471000.0,790.871352066,5.280536107859111E-4,471000.0,1.0,1.0,1.0,?,1.0,1.7976931348623157E308,?,1.0,1.0,471000.0,2580920.0
472000.0,792.571169994,5.291885551636714E-4,472000.0,1.0,1.0,1.0,?,1.0,1.7976931348623157E308,?,1.0,1.0,472000.0,2580920.0
473000.0,793.809124807,5.300151200750021E-4,473000.0,1.0,1.0,1.0,?,1.0,1.7976931348623157E308,?,1.0,1.0,473000.0,2580920.0
474000.0,795.517885034,5.311560350992695E-4,474000.0,1.0,1.0,1.0,?,1.0,1.7976931348623157E308,?,1.0,1.0,474000.0,2580920.0
475000.0,797.634394339,5.32569198413186E-4,475000.0,1.0,1.0,1.0,?,1.0,1.7976931348623157E308,?,1.0,1.0,475000.0,2580920.0
476000.0,799.338578801,5.337070582639109E-4,476000.0,1.0,1.0,1.0,?,1.0,1.7976931348623157E308,?,1.0,1.0,476000.0,2580920.0
477000.0,800.851949488,5.347175144571214E-4,477000.0,1.0,1.0,1.0,?,1.0,1.7976931348623157E308,?,1.0,1.0,477000.0,2580920.0
478000.0,802.783478408,5.360071689854831E-4,478000.0,1.0,1.0,1.0,?,1.0,1.7976931348623157E308,?,1.0,1.0,478000.0,2580920.0
479000.0,804.382180731,5.370745999045911E-4,479000.0,1.0,1.0,1.0,?,1.0,1.7976931348623157E308,?,1.0,1.0,479000.0,2580920.0
480000.0,805.820871859,5.380351936129881E-4,480000.0,1.0,1.0,1.0,?,1.0,1.7976931348623157E308,?,1.0,1.0,480000.0,2580920.0
481000.0,807.666800901,5.392676943140646E-4,481000.0,1.0,1.0,1.0,?,1.0,1.7976931348623157E308,?,1.0,1.0,481000.0,2580920.0
482000.0,809.289349134,5.403510468098551E-4,482000.0,1.0,1.0,1.0,?,1.0,1.7976931348623157E308,?,1.0,1.0,482000.0,2580920.0
483000.0,811.157429641,5.415983377306645E-4,483000.0,1.0,1.0,1.0,?,1.0,1.7976931348623157E308,?,1.0,1.0,483000.0,2580920.0
484000.0,812.429489128,5.42447673850237E-4,484000.0,1.0,1.0,1.0,?,1.0,1.7976931348623157E308,?,1.0,1.0,484000.0,2580920.0
485000.0,813.986294292,5.43487130629134E-4,485000.0,1.0,1.0,1.0,?,1.0,1.7976931348623157E308,?,1.0,1.0,485000.0,2580920.0
486000.0,816.097724294,5.448969025643105E-4,486000.0,0.9980392156862745,0.9764705882352941,0.9995,0.989842559674963,1.0,38.21568627450981,0.9901475429766743,1.0,0.9022132796780786,486000.0,2580920.0
487000.0,817.689604117,5.459597781967082E-4,487000.0,0.9979490434858255,0.9717539759936912,0.9988,0.9872719801765336,1.0,18.960079840319363,0.988908969191149,0.9998947257606063,0.7860124496521438,487000.0,2580920.0
488000.0,819.29056072,5.470287142666737E-4,488000.0,0.9979490434858255,0.9717539759936912,0.9988,0.9872719801765336,1.0,18.960079840319363,0.988908969191149,0.9998947257606063,0.7855730501647789,488000.0,2580920.0
489000.0,821.140348566,5.482637914365782E-4,489000.0,0.9979490434858255,0.9717539759936912,0.9988,0.9872719801765336,1.0,18.960079840319363,0.988908969191149,0.9998947257606063,0.7851336506774118,489000.0,2580920.0
490000.0,822.669809954,5.492849911631598E-4,490000.0,0.9979490434858255,0.9717539759936912,0.9988,0.9872719801765336,1.0,18.960079840319363,0.988908969191149,0.9998947257606063,0.784694251190042,490000.0,2580920.0
491000.0,824.563094188,5.505491102558493E-4,491000.0,0.9979490434858255,0.9717539759936912,0.9988,0.9872719801765336,0.9979490434858255,18.960079840319363,0.988908969191149,0.9998947257606063,0.784254851702678,491000.0,2580920.0
492000.0,825.760738755,5.513487605863239E-4,492000.0,0.9979490434858255,0.9717539759936912,0.9988,0.9872719801765336,0.9979490434858255,18.960079840319363,0.988908969191149,0.9998947257606063,0.7838154522153101,492000.0,2580920.0
493000.0,827.795733284,5.527074976377556E-4,493000.0,0.9979490434858255,0.9717539759936912,0.9988,0.9872719801765336,0.9979490434858255,18.960079840319363,0.988908969191149,0.9998947257606063,0.7833760527279406,493000.0,2580920.0
494000.0,829.781709659,5.540335059613783E-4,494000.0,0.9979490434858255,0.9717539759936912,0.9988,0.9872719801765336,0.9979490434858255,18.960079840319363,0.988908969191149,0.9998947257606063,0.7829366532405764,494000.0,2580920.0
495000.0,831.823274581,5.553966299712438E-4,495000.0,0.9979490434858255,0.9717539759936912,0.9988,0.9872719801765336,0.9979490434858255,18.960079840319363,0.988908969191149,0.9998947257606063,0.782497253753207,495000.0,2580920.0
496000.0,833.574744091,5.565660613794253E-4,496000.0,0.997913509737927,0.9669740244152493,0.9993,0.985267586923341,0.9979490434858255,39.65040650406504,0.9876789633240841,0.999897477957761,0.8728670816550654,496000.0,2580920.0
497000.0,835.179997981,5.576378666871132E-4,497000.0,1.0,1.0,1.0,?,0.9979490434858255,1.7976931348623157E308,?,1.0,1.0,497000.0,2580920.0
498000.0,836.855566048,5.587566197758242E-4,498000.0,1.0,1.0,1.0,?,0.9979490434858255,1.7976931348623157E308,?,1.0,1.0,498000.0,2580920.0
499000.0,838.412281183,5.597960164436317E-4,499000.0,1.0,1.0,1.0,?,0.9979490434858255,1.7976931348623157E308,?,1.0,1.0,499000.0,2580920.0
500000.0,840.125461177,5.609398824837843E-4,500000.0,1.0,1.0,1.0,?,0.9979490434858255,1.7976931348623157E308,?,1.0,1.0,500000.0,2580920.0
501000.0,841.396122305,5.617882849388396E-4,501000.0,1.0,1.0,1.0,?,1.0,1.7976931348623157E308,?,1.0,1.0,501000.0,2580920.0
502000.0,842.863469037,5.627680115885449E-4,502000.0,1.0,1.0,1.0,?,1.0,1.7976931348623157E308,?,1.0,1.0,502000.0,2580920.0
503000.0,844.69073452,5.639880508953701E-4,503000.0,1.0,1.0,1.0,?,1.0,1.7976931348623157E308,?,1.0,1.0,503000.0,2580920.0
504000.0,846.614557521,5.652725602906558E-4,504000.0,1.0,1.0,1.0,?,1.0,1.7976931348623157E308,?,1.0,1.0,504000.0,2580920.0
505000.0,847.937495323,5.661558671412154E-4,505000.0,1.0,1.0,1.0,?,1.0,1.7976931348623157E308,?,1.0,1.0,505000.0,2580920.0
506000.0,849.449634874,5.671655013223397E-4,506000.0,1.0,1.0,1.0,?,1.0,1.7976931348623157E308,?,1.0,1.0,506000.0,2580920.0
507000.0,851.29798961,5.683996216249759E-4,507000.0,1.0,1.0,1.0,?,1.0,1.7976931348623157E308,?,1.0,1.0,507000.0,2580920.0
508000.0,852.998555757,5.695350655779752E-4,508000.0,1.0,1.0,1.0,?,1.0,1.7976931348623157E308,?,1.0,1.0,508000.0,2580920.0
509000.0,854.415969654,5.704814527803106E-4,509000.0,1.0,1.0,1.0,?,1.0,1.7976931348623157E308,?,1.0,1.0,509000.0,2580920.0
510000.0,856.00729091,5.715439554654263E-4,510000.0,1.0,1.0,1.0,?,1.0,1.7976931348623157E308,?,1.0,1.0,510000.0,2580920.0
511000.0,857.895964191,5.728049958900435E-4,511000.0,1.0,1.0,1.0,?,1.0,1.7976931348623157E308,?,1.0,1.0,511000.0,2580920.0
512000.0,859.671750297,5.739906631452895E-4,512000.0,1.0,1.0,1.0,?,1.0,1.7976931348623157E308,?,1.0,1.0,512000.0,2580920.0
513000.0,861.518283641,5.752235673302604E-4,513000.0,1.0,1.0,1.0,?,1.0,1.7976931348623157E308,?,1.0,1.0,513000.0,2580920.0
514000.0,863.168798463,5.763255927217933E-4,514000.0,1.0,1.0,1.0,?,1.0,1.7976931348623157E308,?,1.0,1.0,514000.0,2580920.0
515000.0,865.213453526,5.776907799750784E-4,515000.0,1.0,1.0,1.0,?,1.0,1.7976931348623157E308,?,1.0,1.0,515000.0,2580920.0
516000.0,867.325072012,5.791006777583547E-4,516000.0,0.995049504950495,0.9628712871287128,0.9994,0.9846186028769354,1.0,48.504950495049506,0.9850365626224086,1.0,0.8944425502897971,516000.0,2580920.0
517000.0,869.740865656,5.80713668990488E-4,517000.0,0.995049504950495,0.9628712871287128,0.9994,0.9846186028769354,1.0,48.504950495049506,0.9850365626224086,1.0,0.8942379815888096,517000.0,2580920.0
518000.0,872.25356564,5.82391363214595E-4,518000.0,0.995049504950495,0.9628712871287128,0.9994,0.9846186028769354,1.0,48.504950495049506,0.9850365626224086,1.0,0.8940334128878209,518000.0,2580920.0
519000.0,874.49409131,5.838873305005656E-4,519000.0,0.995049504950495,0.9628712871287128,0.9994,0.9846186028769354,1.0,48.504950495049506,0.9850365626224086,1.0,0.8938288441868317,519000.0,2580920.0
520000.0,876.242737036,5.850548765081274E-4,520000.0,0.995049504950495,0.9628712871287128,0.9994,0.9846186028769354,1.0,48.504950495049506,0.9850365626224086,1.0,0.893624275485843,520000.0,2580920.0
521000.0,877.837391199,5.861196045280856E-4,521000.0,0.995049504950495,0.9628712871287128,0.9994,0.9846186028769354,0.995049504950495,48.504950495049506,0.9850365626224086,1.0,0.8934197067848538,521000.0,2580920.0
522000.0,879.714172453,5.873727048145496E-4,522000.0,0.9926458078127127,0.9514608303509199,0.9992,0.9795920033305844,0.995049504950495,48.01960784313726,0.9801960588196069,1.0,0.8577172061328737,522000.0,2580920.0
523000.0,881.484334226,5.885546167822369E-4,523000.0,0.9926458078127127,0.9514608303509199,0.9992,0.9795920033305844,0.995049504950495,48.01960784313726,0.9801960588196069,1.0,0.8574446337308305,523000.0,2580920.0
524000.0,883.182458886,5.896884305889137E-4,524000.0,0.9926458078127127,0.9514608303509199,0.9992,0.9795920033305844,0.995049504950495,48.01960784313726,0.9801960588196069,1.0,0.8571720613287851,524000.0,2580920.0
525000.0,884.778809873,5.907542915542463E-4,525000.0,0.9926458078127127,0.9514608303509199,0.9992,0.9795920033305844,0.995049504950495,48.01960784313726,0.9801960588196069,1.0,0.856899488926741,525000.0,2580920.0
526000.0,886.37473595,5.918198688131845E-4,526000.0,0.7499499799919968,-0.20000250100040007,0.9996,0.0,0.995049504950495,2499.0,0.0,1.0,0.9283622744296983,526000.0,2580920.0
527000.0,888.419112628,5.931848701927443E-4,527000.0,0.7499499799919968,-0.20000250100040007,0.9996,0.0,0.995049504950495,2499.0,0.0,1.0,0.9282260810350771,527000.0,2580920.0
528000.0,890.359112573,5.944801807046318E-4,528000.0,0.7499499799919968,-0.20000250100040007,0.9996,0.0,0.995049504950495,2499.0,0.0,1.0,0.9280898876404577,528000.0,2580920.0
529000.0,892.122617809,5.956576481967556E-4,529000.0,0.7499499799919968,-0.20000250100040007,0.9996,0.0,0.995049504950495,2499.0,0.0,1.0,0.9279536942458364,529000.0,2580920.0
530000.0,893.652004358,5.966787979543959E-4,530000.0,0.7499499799919968,-0.20000250100040007,0.9996,0.0,0.995049504950495,2499.0,0.0,1.0,0.9278175008512165,530000.0,2580920.0
531000.0,895.397790003,5.978444343263447E-4,531000.0,0.7499499799919968,-0.20000250100040007,0.9996,0.0,0.7499499799919968,2499.0,0.0,1.0,0.9276813074565957,531000.0,2580920.0
532000.0,897.391309815,5.991754792961111E-4,532000.0,0.75,-0.20000000000000007,0.9998,0.0,0.7499499799919968,4999.0,0.0,1.0,0.9637725570309877,532000.0,2580920.0
533000.0,899.23433377,6.004060403117053E-4,533000.0,0.75,-0.19999999999999984,0.9996,0.0,0.7499499799919968,2499.0,0.0,1.0,0.9274583191561829,533000.0,2580920.0
534000.0,901.104900774,6.016549914313771E-4,534000.0,0.75,-0.19999999999999984,0.9996,0.0,0.7499499799919968,2499.0,0.0,1.0,0.927322218441655,534000.0,2580920.0
535000.0,903.088386061,6.029793364907916E-4,535000.0,0.75,-0.19999999999999984,0.9996,0.0,0.7499499799919968,2499.0,0.0,1.0,0.9271861177271256,535000.0,2580920.0
536000.0,904.819723468,6.041353259786733E-4,536000.0,0.6666666666666666,-0.30000000000000004,0.9997,0.0,0.7499499799919968,3332.3333333333335,0.0,1.0,0.9453061224489854,536000.0,2580920.0
537000.0,906.600792026,6.053245202523719E-4,537000.0,0.6666666666666666,-0.30000000000000004,0.9997,0.0,0.7499499799919968,3332.3333333333335,0.0,1.0,0.9452040816326589,537000.0,2580920.0
538000.0,908.476510765,6.065769111126051E-4,538000.0,0.6666666666666666,-0.30000000000000004,0.9997,0.0,0.7499499799919968,3332.3333333333335,0.0,1.0,0.9451020408163325,538000.0,2580920.0
539000.0,910.383260419,6.078500208756901E-4,539000.0,0.6666666666666666,-0.30000000000000004,0.9997,0.0,0.7499499799919968,3332.3333333333335,0.0,1.0,0.9450000000000064,539000.0,2580920.0
540000.0,912.257716922,6.091015689588071E-4,540000.0,0.6666666666666666,-0.30000000000000004,0.9997,0.0,0.7499499799919968,3332.3333333333335,0.0,1.0,0.9448979591836798,540000.0,2580920.0
541000.0,913.991300053,6.102590578848261E-4,541000.0,0.6666666666666666,-0.30000000000000004,0.9997,0.0,0.6666666666666666,3332.3333333333335,0.0,1.0,0.9447959183673525,541000.0,2580920.0
542000.0,916.14924113,6.116998846066391E-4,542000.0,0.6666666666666666,-0.30000000000000004,0.9997,0.0,0.6666666666666666,3332.3333333333335,0.0,1.0,0.944693877551027,542000.0,2580920.0
543000.0,918.252041859,6.131038948983395E-4,543000.0,0.5,-0.5,0.9999,0.0,0.6666666666666666,9999.0,0.0,1.0,0.9815306122448999,543000.0,2580920.0
544000.0,920.101838739,6.143389781001179E-4,544000.0,0.5,-0.5,0.9999,0.0,0.6666666666666666,9999.0,0.0,1.0,0.9814965986394577,544000.0,2580920.0
545000.0,921.890752339,6.15533410397351E-4,545000.0,0.9958478963960745,0.975298592416878,0.9992,0.9885656787413096,0.6666666666666666,26.3224043715847,0.9903395897986101,0.9998962009549512,0.8680786686838098,545000.0,2580920.0
546000.0,923.541318292,6.166354699283291E-4,546000.0,0.9972066737280605,0.9793402335946935,0.9993,0.9899816807877256,0.6666666666666666,26.397260273972602,0.9916952967884192,0.9998962117280747,0.8843570347957584,546000.0,2580920.0
547000.0,925.593450633,6.180056496543298E-4,547000.0,0.9974571998296623,0.9774974229628751,0.9988,0.9893284405418948,0.6666666666666666,15.583747927031508,0.9907842356485068,0.9998935830584229,0.8147332768839998,547000.0,2580920.0
548000.0,927.411439853,6.192194953316111E-4,548000.0,0.9974571998296623,0.9774974229628751,0.9988,0.9893284405418948,0.6666666666666666,15.583747927031508,0.9907842356485068,0.9998935830584229,0.8143945808636788,548000.0,2580920.0
549000.0,929.705757089,6.207513784850383E-4,549000.0,0.9974571998296623,0.9774974229628751,0.9988,0.9893284405418948,0.6666666666666666,15.583747927031508,0.9907842356485068,0.9998935830584229,0.8140558848433578,549000.0,2580920.0
550000.0,932.23351078,6.224391238562963E-4,550000.0,0.9974571998296623,0.9774974229628751,0.9988,0.9893284405418948,0.6666666666666666,15.583747927031508,0.9907842356485068,0.9998935830584229,0.8137171888230356,550000.0,2580920.0
551000.0,934.528615083,6.239715325232223E-4,551000.0,0.9974571998296623,0.9774974229628751,0.9988,0.9893284405418948,0.9974571998296623,15.583747927031508,0.9907842356485068,0.9998935830584229,0.8133784928027128,551000.0,2580920.0
552000.0,936.339709188,6.251807744297853E-4,552000.0,0.9974526725172037,0.9755992431340095,0.9983,0.988391524119135,0.9974571998296623,11.453300124533001,0.9899334094728645,0.9998912688920301,0.7492920117552723,552000.0,2580920.0
553000.0,938.209238422,6.264290326451128E-4,553000.0,0.996833808880781,0.9737640432569777,0.9982,0.9877157389228721,0.9974571998296623,11.437810945273633,0.9893175818472902,0.9998912570682905,0.7341346153846106,553000.0,2580920.0
554000.0,940.684455356,6.280816999671276E-4,554000.0,0.996833808880781,0.9737640432569777,0.9982,0.9877157389228721,0.9974571998296623,11.437810945273633,0.9893175818472902,0.9998912570682905,0.7336538461538407,554000.0,2580920.0
555000.0,942.838975647,6.295202426785333E-4,555000.0,0.9965831435079726,0.969248291571754,0.9989,0.9867377459183606,0.9974571998296623,21.779043280182233,0.98739204594315,1.0,0.8369391025641032,555000.0,2580920.0
556000.0,944.846401785,6.308605727053926E-4,556000.0,0.9965831435079726,0.969248291571754,0.9989,0.9867377459183606,0.9974571998296623,21.779043280182233,0.98739204594315,1.0,0.8366452991453,556000.0,2580920.0
557000.0,946.510209754,6.319714737430767E-4,557000.0,0.9950248756218906,0.9626865671641791,0.9994,0.9845424965413824,0.9974571998296623,48.75124378109453,0.9849615493669504,1.0,0.9107371794871734,557000.0,2580920.0
558000.0,948.006832845,6.329707478034199E-4,558000.0,0.9925742574257426,0.9554455445544554,0.9993,0.9820107832504964,0.9974571998296623,48.504950495049506,0.982520500882025,1.0,0.8957009345794348,558000.0,2580920.0
559000.0,949.616264928,6.340453428314517E-4,559000.0,0.9925742574257426,0.9554455445544554,0.9993,0.9820107832504964,0.9974571998296623,48.504950495049506,0.982520500882025,1.0,0.895514018691583,559000.0,2580920.0
560000.0,951.191227872,6.350969233031183E-4,560000.0,0.9925742574257426,0.9554455445544554,0.9993,0.9820107832504964,0.9974571998296623,48.504950495049506,0.982520500882025,1.0,0.8953271028037326,560000.0,2580920.0
561000.0,952.589534733,6.360305530078849E-4,561000.0,0.9925742574257426,0.9554455445544554,0.9993,0.9820107832504964,0.9925742574257426,48.504950495049506,0.982520500882025,1.0,0.8951401869158833,561000.0,2580920.0
562000.0,953.701230932,6.367728168292326E-4,562000.0,0.5,-0.5,0.9998,0.0,0.9925742574257426,4999.0,0.0,1.0,0.9699866488651571,562000.0,2580920.0
563000.0,955.197586887,6.377719125266486E-4,563000.0,0.5,-0.5,0.9999,0.0,0.9925742574257426,9999.0,0.0,1.0,0.9849666221628856,563000.0,2580920.0
564000.0,956.878124661,6.388939838184012E-4,564000.0,0.5,-0.5,0.9999,0.0,0.9925742574257426,9999.0,0.0,1.0,0.9849399198931926,564000.0,2580920.0
565000.0,958.573626138,6.400260461629075E-4,565000.0,0.5,-0.5,0.9999,0.0,0.9925742574257426,9999.0,0.0,1.0,0.9849132176234996,565000.0,2580920.0
566000.0,960.300442003,6.411790166811765E-4,566000.0,0.5,-0.5,0.9999,0.0,0.9925742574257426,9999.0,0.0,1.0,0.9848865153538066,566000.0,2580920.0
567000.0,962.146451724,6.424115712504797E-4,567000.0,0.5,-0.5,0.9999,0.0,0.9925742574257426,9999.0,0.0,1.0,0.9848598130841137,567000.0,2580920.0
568000.0,964.015414627,6.436594513346121E-4,568000.0,1.0,1.0,1.0,?,0.9925742574257426,1.7976931348623157E308,?,1.0,1.0,568000.0,2580920.0
569000.0,965.235960749,6.444743927092987E-4,569000.0,1.0,1.0,1.0,?,0.9925742574257426,1.7976931348623157E308,?,1.0,1.0,569000.0,2580920.0
570000.0,966.69404075,6.454479320938414E-4,570000.0,0.9966666666666667,0.9600000000000001,0.999,0.9825358016067063,0.9925742574257426,32.333333333333336,0.983192080250175,1.0,0.8590852904820773,570000.0,2580920.0
571000.0,968.193273053,6.464489482881161E-4,571000.0,0.9966625429553264,0.9599397938144274,0.9989,0.9808208668968165,0.9966666666666667,32.333333333333336,0.9831413989397855,0.9998969072164948,0.8447218788627954,571000.0,2580920.0
572000.0,970.073573228,6.477043981083383E-4,572000.0,0.9966625429553264,0.9599397938144274,0.9989,0.9808208668968165,0.9966666666666667,32.333333333333336,0.9831413989397855,0.9998969072164948,0.8444499381953042,572000.0,2580920.0
573000.0,971.397948416,6.485886646811909E-4,573000.0,0.9966625429553264,0.9599397938144274,0.9989,0.9808208668968165,0.9966666666666667,32.333333333333336,0.9831413989397855,0.9998969072164948,0.8441779975278133,573000.0,2580920.0
574000.0,973.460538466,6.499658268715122E-4,574000.0,0.9966625429553264,0.9599397938144274,0.9989,0.9808208668968165,0.9966666666666667,32.333333333333336,0.9831413989397855,0.9998969072164948,0.8439060568603238,574000.0,2580920.0
575000.0,975.286361326,6.511849029593738E-4,575000.0,0.9966625429553264,0.9599397938144274,0.9989,0.9808208668968165,0.9966666666666667,32.333333333333336,0.9831413989397855,0.9998969072164948,0.8436341161928311,575000.0,2580920.0
576000.0,976.706636816,6.521332008068632E-4,576000.0,0.9966625429553264,0.9599397938144274,0.9989,0.9808208668968165,0.9966666666666667,32.333333333333336,0.9831413989397855,0.9998969072164948,0.8433621755253418,576000.0,2580920.0
577000.0,978.569099849,6.53376741019771E-4,577000.0,0.9966625429553264,0.9599397938144274,0.9989,0.9808208668968165,0.9966666666666667,32.333333333333336,0.9831413989397855,0.9998969072164948,0.8430902348578496,577000.0,2580920.0
578000.0,980.541999478,6.546940181851281E-4,578000.0,0.9966625429553264,0.9599397938144274,0.9989,0.9808208668968165,0.9966666666666667,32.333333333333336,0.9831413989397855,0.9998969072164948,0.8428182941903603,578000.0,2580920.0
579000.0,982.53125813,6.560222180386589E-4,579000.0,0.9966625429553264,0.9599397938144274,0.9989,0.9808208668968165,0.9966666666666667,32.333333333333336,0.9831413989397855,0.9998969072164948,0.8425463535228701,579000.0,2580920.0
580000.0,984.063082756,6.570449956658128E-4,580000.0,1.0,1.0,0.9999,0.0,0.9966666666666667,1.7976931348623157E308,?,0.9999,0.9856613102595814,580000.0,2580920.0
581000.0,985.76992379,6.58184629272071E-4,581000.0,1.0,1.0,1.0,?,1.0,1.7976931348623157E308,?,1.0,1.0,581000.0,2580920.0
582000.0,987.713034959,6.594820171041988E-4,582000.0,1.0,1.0,1.0,?,1.0,1.7976931348623157E308,?,1.0,1.0,582000.0,2580920.0
583000.0,989.477156242,6.606598959221872E-4,583000.0,1.0,1.0,1.0,?,1.0,1.7976931348623157E308,?,1.0,1.0,583000.0,2580920.0
584000.0,991.266533583,6.61854637852724E-4,584000.0,1.0,1.0,1.0,?,1.0,1.7976931348623157E308,?,1.0,1.0,584000.0,2580920.0
585000.0,993.190016569,6.631389202248054E-4,585000.0,1.0,1.0,1.0,?,1.0,1.7976931348623157E308,?,1.0,1.0,585000.0,2580920.0
586000.0,995.49597146,6.64678573675801E-4,586000.0,1.0,1.0,1.0,?,1.0,1.7976931348623157E308,?,1.0,1.0,586000.0,2580920.0
587000.0,997.693770216,6.661460128058881E-4,587000.0,1.0,1.0,1.0,?,1.0,1.7976931348623157E308,?,1.0,1.0,587000.0,2580920.0
588000.0,999.670150233,6.674656137770647E-4,588000.0,1.0,1.0,1.0,?,1.0,1.7976931348623157E308,?,1.0,1.0,588000.0,2580920.0
589000.0,1001.864585989,6.689308074796389E-4,589000.0,1.0,1.0,1.0,?,1.0,1.7976931348623157E308,?,1.0,1.0,589000.0,2580920.0
590000.0,1003.675670076,6.70140042697325E-4,590000.0,1.0,1.0,1.0,?,1.0,1.7976931348623157E308,?,1.0,1.0,590000.0,2580920.0
591000.0,1005.262441927,6.711995078090971E-4,591000.0,1.0,1.0,1.0,?,1.0,1.7976931348623157E308,?,1.0,1.0,591000.0,2580920.0
592000.0,1006.915443015,6.723031932452571E-4,592000.0,1.0,1.0,1.0,?,1.0,1.7976931348623157E308,?,1.0,1.0,592000.0,2580920.0
593000.0,1008.879718322,6.736147120728507E-4,593000.0,1.0,1.0,1.0,?,1.0,1.7976931348623157E308,?,1.0,1.0,593000.0,2580920.0
594000.0,1010.565164354,6.74740060539017E-4,594000.0,1.0,1.0,1.0,?,1.0,1.7976931348623157E308,?,1.0,1.0,594000.0,2580920.0
595000.0,1011.899964599,6.756312877749119E-4,595000.0,1.0,1.0,1.0,?,1.0,1.7976931348623157E308,?,1.0,1.0,595000.0,2580920.0
596000.0,1013.687196999,6.768245975586943E-4,596000.0,1.0,1.0,1.0,?,1.0,1.7976931348623157E308,?,1.0,1.0,596000.0,2580920.0
597000.0,1015.647210442,6.781332708000013E-4,597000.0,1.0,1.0,1.0,?,1.0,1.7976931348623157E308,?,1.0,1.0,597000.0,2580920.0
598000.0,1017.342622768,6.792652736196463E-4,598000.0,1.0,1.0,1.0,?,1.0,1.7976931348623157E308,?,1.0,1.0,598000.0,2580920.0
599000.0,1018.78479939,6.802281945430667E-4,599000.0,1.0,1.0,1.0,?,1.0,1.7976931348623157E308,?,1.0,1.0,599000.0,2580920.0
600000.0,1020.076904544,6.81090914870845E-4,600000.0,1.0,1.0,1.0,?,1.0,1.7976931348623157E308,?,1.0,1.0,600000.0,2580920.0
601000.0,1022.273237929,6.825573755934507E-4,601000.0,1.0,1.0,1.0,?,1.0,1.7976931348623157E308,?,1.0,1.0,601000.0,2580920.0
602000.0,1023.963176999,6.836857239975123E-4,602000.0,1.0,1.0,1.0,?,1.0,1.7976931348623157E308,?,1.0,1.0,602000.0,2580920.0
603000.0,1025.702902722,6.848473142452909E-4,603000.0,1.0,1.0,1.0,?,1.0,1.7976931348623157E308,?,1.0,1.0,603000.0,2580920.0
604000.0,1027.276312675,6.858978578068419E-4,604000.0,1.0,1.0,1.0,?,1.0,1.7976931348623157E308,?,1.0,1.0,604000.0,2580920.0
605000.0,1029.247927954,6.872142774298778E-4,605000.0,1.0,1.0,1.0,?,1.0,1.7976931348623157E308,?,1.0,1.0,605000.0,2580920.0
606000.0,1031.541050447,6.887453628703098E-4,606000.0,1.0,1.0,1.0,?,1.0,1.7976931348623157E308,?,1.0,1.0,606000.0,2580920.0
607000.0,1033.574886381,6.901033263442544E-4,607000.0,1.0,1.0,1.0,?,1.0,1.7976931348623157E308,?,1.0,1.0,607000.0,2580920.0
608000.0,1035.567634734,6.914338562217628E-4,608000.0,1.0,1.0,1.0,?,1.0,1.7976931348623157E308,?,1.0,1.0,608000.0,2580920.0
609000.0,1038.06971957,6.931044628617568E-4,609000.0,1.0,1.0,1.0,?,1.0,1.7976931348623157E308,?,1.0,1.0,609000.0,2580920.0
610000.0,1039.659218883,6.941657490613122E-4,610000.0,1.0,1.0,1.0,?,1.0,1.7976931348623157E308,?,1.0,1.0,610000.0,2580920.0
611000.0,1041.236843554,6.952191067304327E-4,611000.0,1.0,1.0,1.0,?,1.0,1.7976931348623157E308,?,1.0,1.0,611000.0,2580920.0
612000.0,1042.850233959,6.962963446740528E-4,612000.0,1.0,1.0,1.0,?,1.0,1.7976931348623157E308,?,1.0,1.0,612000.0,2580920.0
613000.0,1044.651033624,6.974987131286961E-4,613000.0,1.0,1.0,1.0,?,1.0,1.7976931348623157E308,?,1.0,1.0,613000.0,2580920.0
614000.0,1046.359976097,6.986397498360388E-4,614000.0,1.0,1.0,1.0,?,1.0,1.7976931348623157E308,?,1.0,1.0,614000.0,2580920.0
615000.0,1047.834347063,6.996241664673916E-4,615000.0,1.0,1.0,1.0,?,1.0,1.7976931348623157E308,?,1.0,1.0,615000.0,2580920.0
616000.0,1049.795244667,7.009334300504872E-4,616000.0,1.0,1.0,1.0,?,1.0,1.7976931348623157E308,?,1.0,1.0,616000.0,2580920.0
617000.0,1051.560071253,7.021117797893086E-4,617000.0,1.0,1.0,1.0,?,1.0,1.7976931348623157E308,?,1.0,1.0,617000.0,2580920.0
618000.0,1053.307094298,7.032782423557279E-4,618000.0,1.0,1.0,1.0,?,1.0,1.7976931348623157E308,?,1.0,1.0,618000.0,2580920.0
619000.0,1054.864009006,7.043177722756036E-4,619000.0,1.0,1.0,1.0,?,1.0,1.7976931348623157E308,?,1.0,1.0,619000.0,2580920.0
620000.0,1056.877263275,7.056619936630624E-4,620000.0,1.0,1.0,1.0,?,1.0,1.7976931348623157E308,?,1.0,1.0,620000.0,2580920.0
621000.0,1058.300261696,7.066121095730505E-4,621000.0,1.0,1.0,1.0,?,1.0,1.7976931348623157E308,?,1.0,1.0,621000.0,2580920.0
622000.0,1060.217540895,7.078922497643369E-4,622000.0,1.0,1.0,1.0,?,1.0,1.7976931348623157E308,?,1.0,1.0,622000.0,2580920.0
623000.0,1062.004215256,7.090851869533753E-4,623000.0,1.0,1.0,1.0,?,1.0,1.7976931348623157E308,?,1.0,1.0,623000.0,2580920.0
623091.0,1062.290164841,7.092761114450357E-4,623091.0,1.0,1.0,1.0,?,1.0,1.7976931348623157E308,?,1.0,1.0,623091.0,2580920.0
