learning evaluation instances,evaluation time (cpu seconds),model cost (RAM-Hours),classified instances,AUC,sAUC,Accuracy,Kappa,Periodical holdout AUC,Pos/Neg ratio,G-Mean,Recall,KappaM,model training instances,model serialized size (bytes)
1000.0,0.154951603,6.859531808582444E-10,1000.0,1.0,1.0,0.999,0.0,0.0,1.7976931348623157E308,?,0.999,-Infinity,1000.0,17112.0
2000.0,0.27755136,1.2286884069442748E-9,2000.0,1.0,1.0,0.9995,0.0,0.0,1.7976931348623157E308,?,0.9995,-Infinity,2000.0,17112.0
3000.0,0.361342868,1.5996239140878122E-9,3000.0,1.0,1.0,0.9996666666666667,0.0,0.0,1.7976931348623157E308,?,0.9996666666666667,-Infinity,3000.0,17112.0
4000.0,0.397189201,1.7583115666670104E-9,4000.0,1.0,1.0,0.99975,0.0,0.0,1.7976931348623157E308,?,0.99975,-Infinity,4000.0,17112.0
5000.0,0.420999649,1.863717720763137E-9,5000.0,1.0,1.0,0.9998,0.0,0.0,1.7976931348623157E308,?,0.9998,-Infinity,5000.0,17112.0
6000.0,0.443750423,1.9644328181880217E-9,6000.0,1.0,1.0,0.9998333333333334,0.0,0.0,1.7976931348623157E308,?,0.9998333333333334,-Infinity,6000.0,17112.0
7000.0,0.467974785,2.0716713226400315E-9,7000.0,1.0,1.0,0.9998571428571429,0.0,0.0,1.7976931348623157E308,?,0.9998571428571429,-Infinity,7000.0,17112.0
8000.0,0.485100658,2.147485620987912E-9,8000.0,1.0,1.0,0.999875,0.0,0.0,1.7976931348623157E308,?,0.999875,-Infinity,8000.0,17112.0
9000.0,0.502674521,2.2252831202807528E-9,9000.0,1.0,1.0,0.9998888888888889,0.0,0.0,1.7976931348623157E308,?,0.9998888888888889,-Infinity,9000.0,17112.0
10000.0,0.519806772,2.3011256533116103E-9,10000.0,1.0,1.0,0.9999,0.0,0.0,1.7976931348623157E308,?,0.9999,-Infinity,10000.0,17112.0
11000.0,0.543536415,2.406174092832953E-9,11000.0,1.0,1.0,1.0,?,1.0,1.7976931348623157E308,?,1.0,?,11000.0,17112.0
12000.0,0.563216225,2.4932943807604415E-9,12000.0,1.0,1.0,1.0,?,1.0,1.7976931348623157E308,?,1.0,?,12000.0,17112.0
13000.0,0.585417865,2.5915785242182517E-9,13000.0,1.0,1.0,1.0,?,1.0,1.7976931348623157E308,?,1.0,?,13000.0,17112.0
14000.0,0.605959791,2.682515301946551E-9,14000.0,1.0,1.0,1.0,?,1.0,1.7976931348623157E308,?,1.0,?,14000.0,17112.0
15000.0,0.625939435,2.770962921002259E-9,15000.0,1.0,1.0,1.0,?,1.0,1.7976931348623157E308,?,1.0,?,15000.0,17112.0
16000.0,0.64359851,2.849137644159297E-9,16000.0,1.0,1.0,1.0,?,1.0,1.7976931348623157E308,?,1.0,?,16000.0,17112.0
17000.0,0.661224888,2.9271676214039328E-9,17000.0,1.0,1.0,1.0,?,1.0,1.7976931348623157E308,?,1.0,?,17000.0,17112.0
18000.0,0.679423318,3.0077300080036126E-9,18000.0,1.0,1.0,1.0,?,1.0,1.7976931348623157E308,?,1.0,?,18000.0,17112.0
19000.0,0.697865886,3.0893731658533216E-9,19000.0,1.0,1.0,1.0,?,1.0,1.7976931348623157E308,?,1.0,?,19000.0,17112.0
20000.0,0.715350469,3.166775432707121E-9,20000.0,1.0,1.0,1.0,?,1.0,1.7976931348623157E308,?,1.0,?,20000.0,17112.0
21000.0,0.735162723,3.254482035208493E-9,21000.0,1.0,1.0,1.0,?,1.0,1.7976931348623157E308,?,1.0,?,21000.0,17112.0
22000.0,0.751825375,3.32824570670103E-9,22000.0,1.0,1.0,1.0,?,1.0,1.7976931348623157E308,?,1.0,?,22000.0,17112.0
23000.0,0.767280078,3.396661924906075E-9,23000.0,1.0,1.0,1.0,?,1.0,1.7976931348623157E308,?,1.0,?,23000.0,17112.0
24000.0,0.78426093,3.471834231726825E-9,24000.0,1.0,1.0,1.0,?,1.0,1.7976931348623157E308,?,1.0,?,24000.0,17112.0
25000.0,0.80145718,3.5479600810756286E-9,25000.0,1.0,1.0,1.0,?,1.0,1.7976931348623157E308,?,1.0,?,25000.0,17112.0
26000.0,0.81834748,3.622731524457534E-9,26000.0,1.0,1.0,1.0,?,1.0,1.7976931348623157E308,?,1.0,?,26000.0,17112.0
27000.0,0.835675176,3.6994392703473568E-9,27000.0,1.0,1.0,1.0,?,1.0,1.7976931348623157E308,?,1.0,?,27000.0,17112.0
28000.0,0.853291032,3.777422667890787E-9,28000.0,1.0,1.0,1.0,?,1.0,1.7976931348623157E308,?,1.0,?,28000.0,17112.0
29000.0,0.87131981,3.857234024318556E-9,29000.0,1.0,1.0,1.0,?,1.0,1.7976931348623157E308,?,1.0,?,29000.0,17112.0
30000.0,0.888461108,3.933116607392828E-9,30000.0,1.0,1.0,1.0,?,1.0,1.7976931348623157E308,?,1.0,?,30000.0,17112.0
31000.0,0.907221925,4.016168617488196E-9,31000.0,1.0,1.0,1.0,?,1.0,1.7976931348623157E308,?,1.0,?,31000.0,17112.0
32000.0,0.923043082,4.086207086009284E-9,32000.0,1.0,1.0,1.0,?,1.0,1.7976931348623157E308,?,1.0,?,32000.0,17112.0
33000.0,0.939403024,4.15863069464763E-9,33000.0,1.0,1.0,1.0,?,1.0,1.7976931348623157E308,?,1.0,?,33000.0,17112.0
34000.0,0.955538454,4.230060414113105E-9,34000.0,1.0,1.0,1.0,?,1.0,1.7976931348623157E308,?,1.0,?,34000.0,17112.0
35000.0,0.970965252,4.2983531000465156E-9,35000.0,1.0,1.0,1.0,?,1.0,1.7976931348623157E308,?,1.0,?,35000.0,17112.0
36000.0,0.986138389,4.365522857488444E-9,36000.0,1.0,1.0,1.0,?,1.0,1.7976931348623157E308,?,1.0,?,36000.0,17112.0
37000.0,1.001959992,4.435563300400973E-9,37000.0,1.0,1.0,1.0,?,1.0,1.7976931348623157E308,?,1.0,?,37000.0,17112.0
38000.0,1.017862548,4.5059621130675084E-9,38000.0,1.0,1.0,1.0,?,1.0,1.7976931348623157E308,?,1.0,?,38000.0,17112.0
39000.0,1.033847296,4.576724780400595E-9,39000.0,1.0,1.0,1.0,?,1.0,1.7976931348623157E308,?,1.0,?,39000.0,17112.0
40000.0,1.050430019,4.650134615271043E-9,40000.0,1.0,1.0,1.0,?,1.0,1.7976931348623157E308,?,1.0,?,40000.0,17112.0
41000.0,1.068970289,4.732210288799059E-9,41000.0,1.0,1.0,1.0,?,1.0,1.7976931348623157E308,?,1.0,?,41000.0,17112.0
42000.0,1.083443912,4.796283377061289E-9,42000.0,1.0,1.0,1.0,?,1.0,1.7976931348623157E308,?,1.0,?,42000.0,17112.0
43000.0,1.098427302,4.862613146044315E-9,43000.0,1.0,1.0,1.0,?,1.0,1.7976931348623157E308,?,1.0,?,43000.0,17112.0
44000.0,1.114008864,4.931590954661371E-9,44000.0,1.0,1.0,1.0,?,1.0,1.7976931348623157E308,?,1.0,?,44000.0,17112.0
45000.0,1.129361391,4.99955485129729E-9,45000.0,1.0,1.0,1.0,?,1.0,1.7976931348623157E308,?,1.0,?,45000.0,17112.0
46000.0,1.145384797,5.070488653214029E-9,46000.0,1.0,1.0,1.0,?,1.0,1.7976931348623157E308,?,1.0,?,46000.0,17112.0
47000.0,1.160662356,5.138120675012471E-9,47000.0,1.0,1.0,1.0,?,1.0,1.7976931348623157E308,?,1.0,?,47000.0,17112.0
48000.0,1.175989885,5.205973908336214E-9,48000.0,1.0,1.0,1.0,?,1.0,1.7976931348623157E308,?,1.0,?,48000.0,17112.0
49000.0,1.190306744,5.269353020141524E-9,49000.0,1.0,1.0,1.0,?,1.0,1.7976931348623157E308,?,1.0,?,49000.0,17112.0
50000.0,1.203933711,5.329678058270366E-9,50000.0,1.0,1.0,1.0,?,1.0,1.7976931348623157E308,?,1.0,?,50000.0,17112.0
51000.0,1.220519314,5.403100642574331E-9,51000.0,1.0,1.0,1.0,?,1.0,1.7976931348623157E308,?,1.0,?,51000.0,17112.0
52000.0,1.230588921,5.447677651252599E-9,52000.0,1.0,1.0,1.0,?,1.0,1.7976931348623157E308,?,1.0,?,52000.0,17112.0
53000.0,1.239308858,5.4862798238421495E-9,53000.0,1.0,1.0,1.0,?,1.0,1.7976931348623157E308,?,1.0,?,53000.0,17112.0
54000.0,1.253528548,5.549228779499731E-9,54000.0,1.0,1.0,1.0,?,1.0,1.7976931348623157E308,?,1.0,?,54000.0,17112.0
55000.0,1.268326397,5.614737179509055E-9,55000.0,1.0,1.0,1.0,?,1.0,1.7976931348623157E308,?,1.0,?,55000.0,17112.0
56000.0,1.278916988,5.6616205252955375E-9,56000.0,1.0,1.0,1.0,?,1.0,1.7976931348623157E308,?,1.0,?,56000.0,17112.0
57000.0,1.287026535,5.6975205705501155E-9,57000.0,1.0,1.0,1.0,?,1.0,1.7976931348623157E308,?,1.0,?,57000.0,17112.0
58000.0,1.295277145,5.73404508571451E-9,58000.0,1.0,1.0,1.0,?,1.0,1.7976931348623157E308,?,1.0,?,58000.0,17112.0
59000.0,1.310138703,5.799835518244655E-9,59000.0,1.0,1.0,1.0,?,1.0,1.7976931348623157E308,?,1.0,?,59000.0,17112.0
60000.0,1.323410401,5.8585878207845E-9,60000.0,1.0,1.0,1.0,?,1.0,1.7976931348623157E308,?,1.0,?,60000.0,17112.0
61000.0,1.340295085,5.933334402771047E-9,61000.0,1.0,1.0,1.0,?,1.0,1.7976931348623157E308,?,1.0,?,61000.0,17112.0
62000.0,1.354783843,5.997474491962543E-9,62000.0,1.0,1.0,1.0,?,1.0,1.7976931348623157E308,?,1.0,?,62000.0,17112.0
63000.0,1.368921846,6.0600618285313255E-9,63000.0,1.0,1.0,1.0,?,1.0,1.7976931348623157E308,?,1.0,?,63000.0,17112.0
64000.0,1.3827629,6.121334605539839E-9,64000.0,1.0,1.0,1.0,?,1.0,1.7976931348623157E308,?,1.0,?,64000.0,17112.0
65000.0,1.393143963,6.167290394622834E-9,65000.0,1.0,1.0,1.0,?,1.0,1.7976931348623157E308,?,1.0,?,65000.0,17112.0
66000.0,1.401003987,6.202085829842837E-9,66000.0,1.0,1.0,1.0,?,1.0,1.7976931348623157E308,?,1.0,?,66000.0,17112.0
67000.0,1.409369017,6.239116869376352E-9,67000.0,1.0,1.0,1.0,?,1.0,1.7976931348623157E308,?,1.0,?,67000.0,17112.0
68000.0,1.417356254,6.274475462126236E-9,68000.0,1.0,1.0,1.0,?,1.0,1.7976931348623157E308,?,1.0,?,68000.0,17112.0
69000.0,1.426240093,6.313803210289528E-9,69000.0,1.0,1.0,1.0,?,1.0,1.7976931348623157E308,?,1.0,?,69000.0,17112.0
70000.0,1.435512661,6.354851817668726E-9,70000.0,1.0,1.0,1.0,?,1.0,1.7976931348623157E308,?,1.0,?,70000.0,17112.0
71000.0,1.44802653,6.4102492971345786E-9,71000.0,1.0,1.0,1.0,?,1.0,1.7976931348623157E308,?,1.0,?,71000.0,17112.0
72000.0,1.456427776,6.447440660794577E-9,72000.0,1.0,1.0,1.0,?,1.0,1.7976931348623157E308,?,1.0,?,72000.0,17112.0
73000.0,1.464689692,6.484015226339301E-9,73000.0,1.0,1.0,1.0,?,1.0,1.7976931348623157E308,?,1.0,?,73000.0,17112.0
74000.0,1.475216534,6.5306163625294975E-9,74000.0,1.0,1.0,1.0,?,1.0,1.7976931348623157E308,?,1.0,?,74000.0,17112.0
75000.0,1.489579913,6.594201413101207E-9,75000.0,1.0,1.0,1.0,?,1.0,1.7976931348623157E308,?,1.0,?,75000.0,17112.0
76000.0,1.503501394,6.655830231321356E-9,76000.0,1.0,1.0,1.0,?,1.0,1.7976931348623157E308,?,1.0,?,76000.0,17112.0
77000.0,1.515275442,6.707952607087792E-9,77000.0,1.0,1.0,1.0,?,1.0,1.7976931348623157E308,?,1.0,?,77000.0,17112.0
78000.0,1.525293956,6.752303432847064E-9,78000.0,1.0,1.0,1.0,?,1.0,1.7976931348623157E308,?,1.0,?,78000.0,17112.0
79000.0,1.539883898,6.81689145213614E-9,79000.0,1.0,1.0,1.0,?,1.0,1.7976931348623157E308,?,1.0,?,79000.0,17112.0
80000.0,1.554179242,6.880175319475433E-9,80000.0,1.0,1.0,1.0,?,1.0,1.7976931348623157E308,?,1.0,?,80000.0,17112.0
81000.0,1.571713072,6.9577955972154945E-9,81000.0,1.0,1.0,1.0,?,1.0,1.7976931348623157E308,?,1.0,?,81000.0,17112.0
82000.0,1.586307969,7.022405551727862E-9,82000.0,1.0,1.0,1.0,?,1.0,1.7976931348623157E308,?,1.0,?,82000.0,17112.0
83000.0,1.600780531,7.0864739430633695E-9,83000.0,1.0,1.0,1.0,?,1.0,1.7976931348623157E308,?,1.0,?,83000.0,17112.0
84000.0,1.615562382,7.151911521740259E-9,84000.0,1.0,1.0,1.0,?,1.0,1.7976931348623157E308,?,1.0,?,84000.0,17112.0
85000.0,1.631213409,7.221196844037623E-9,85000.0,1.0,1.0,1.0,?,1.0,1.7976931348623157E308,?,1.0,?,85000.0,17112.0
86000.0,1.646381443,7.288344011077037E-9,86000.0,1.0,1.0,1.0,?,1.0,1.7976931348623157E308,?,1.0,?,86000.0,17112.0
87000.0,1.661405392,7.354853330155214E-9,87000.0,1.0,1.0,1.0,?,1.0,1.7976931348623157E308,?,1.0,?,87000.0,17112.0
88000.0,1.677092203,7.424297064164033E-9,88000.0,1.0,1.0,1.0,?,1.0,1.7976931348623157E308,?,1.0,?,88000.0,17112.0
89000.0,1.692124283,7.490842378257463E-9,89000.0,1.0,1.0,1.0,?,1.0,1.7976931348623157E308,?,1.0,?,89000.0,17112.0
90000.0,1.706631407,7.555063771648953E-9,90000.0,1.0,1.0,1.0,?,1.0,1.7976931348623157E308,?,1.0,?,90000.0,17112.0
91000.0,1.719180032,7.610615111986796E-9,91000.0,1.0,1.0,1.0,?,1.0,1.7976931348623157E308,?,1.0,?,91000.0,17112.0
92000.0,1.729084836,7.65446255646646E-9,92000.0,1.0,1.0,1.0,?,1.0,1.7976931348623157E308,?,1.0,?,92000.0,17112.0
93000.0,1.737800464,7.693045653601487E-9,93000.0,1.0,1.0,1.0,?,1.0,1.7976931348623157E308,?,1.0,?,93000.0,17112.0
94000.0,1.746414647,7.731179665221521E-9,94000.0,1.0,1.0,1.0,?,1.0,1.7976931348623157E308,?,1.0,?,94000.0,17112.0
95000.0,1.754488218,7.766920448802411E-9,95000.0,1.0,1.0,1.0,?,1.0,1.7976931348623157E308,?,1.0,?,95000.0,17112.0
96000.0,1.762363726,7.801784429935117E-9,96000.0,1.0,1.0,1.0,?,1.0,1.7976931348623157E308,?,1.0,?,96000.0,17112.0
97000.0,1.770573437,7.838127889862905E-9,97000.0,1.0,1.0,1.0,?,1.0,1.7976931348623157E308,?,1.0,?,97000.0,17112.0
98000.0,1.778522091,7.873315680045634E-9,98000.0,1.0,1.0,1.0,?,1.0,1.7976931348623157E308,?,1.0,?,98000.0,17112.0
99000.0,1.78644548,7.908391624937455E-9,99000.0,1.0,1.0,1.0,?,1.0,1.7976931348623157E308,?,1.0,?,99000.0,17112.0
100000.0,1.7941051,7.942299894367655E-9,100000.0,1.0,1.0,1.0,?,1.0,1.7976931348623157E308,?,1.0,?,100000.0,17112.0
101000.0,1.803528203,7.984014903126905E-9,101000.0,1.0,1.0,1.0,?,1.0,1.7976931348623157E308,?,1.0,?,101000.0,17112.0
102000.0,1.811302086,8.018429001905024E-9,102000.0,1.0,1.0,1.0,?,1.0,1.7976931348623157E308,?,1.0,?,102000.0,17112.0
103000.0,1.819355325,8.054079778026789E-9,103000.0,1.0,1.0,1.0,?,1.0,1.7976931348623157E308,?,1.0,?,103000.0,17112.0
104000.0,1.827399933,8.08969234568998E-9,104000.0,1.0,1.0,1.0,?,1.0,1.7976931348623157E308,?,1.0,?,104000.0,17112.0
105000.0,1.838367494,8.138244494932392E-9,105000.0,1.0,1.0,1.0,?,1.0,1.7976931348623157E308,?,1.0,?,105000.0,17112.0
106000.0,1.847820616,8.180092394401629E-9,106000.0,1.0,1.0,1.0,?,1.0,1.7976931348623157E308,?,1.0,?,106000.0,17112.0
107000.0,1.85702343,8.22083220873028E-9,107000.0,1.0,1.0,1.0,?,1.0,1.7976931348623157E308,?,1.0,?,107000.0,17112.0
108000.0,1.869937136,8.277999721268812E-9,108000.0,1.0,1.0,1.0,?,1.0,1.7976931348623157E308,?,1.0,?,108000.0,17112.0
109000.0,1.925455676,8.523774004156389E-9,109000.0,1.0,1.0,1.0,?,1.0,1.7976931348623157E308,?,1.0,?,109000.0,17112.0
110000.0,1.964937995,8.698557754574962E-9,110000.0,1.0,1.0,1.0,?,1.0,1.7976931348623157E308,?,1.0,?,110000.0,17112.0
111000.0,1.984679242,8.785950017136829E-9,111000.0,1.0,1.0,1.0,?,1.0,1.7976931348623157E308,?,1.0,?,111000.0,17112.0
112000.0,1.999779819,8.852798559684302E-9,112000.0,1.0,1.0,1.0,?,1.0,1.7976931348623157E308,?,1.0,?,112000.0,17112.0
113000.0,2.015760529,8.923543351249144E-9,113000.0,1.0,1.0,1.0,?,1.0,1.7976931348623157E308,?,1.0,?,113000.0,17112.0
114000.0,2.030422741,8.988451301635549E-9,114000.0,1.0,1.0,1.0,?,1.0,1.7976931348623157E308,?,1.0,?,114000.0,17112.0
115000.0,2.044621161,9.05130609741434E-9,115000.0,1.0,1.0,1.0,?,1.0,1.7976931348623157E308,?,1.0,?,115000.0,17112.0
116000.0,2.059030156,9.115093084846929E-9,116000.0,1.0,1.0,1.0,?,1.0,1.7976931348623157E308,?,1.0,?,116000.0,17112.0
117000.0,2.072972384,9.176813747684157E-9,117000.0,1.0,1.0,1.0,?,1.0,1.7976931348623157E308,?,1.0,?,117000.0,17112.0
118000.0,2.087063092,9.239191714649394E-9,118000.0,1.0,1.0,1.0,?,1.0,1.7976931348623157E308,?,1.0,?,118000.0,17112.0
119000.0,2.101046627,9.301095238892978E-9,119000.0,1.0,1.0,1.0,?,1.0,1.7976931348623157E308,?,1.0,?,119000.0,17112.0
120000.0,2.11520654,9.363779568547999E-9,120000.0,1.0,1.0,1.0,?,1.0,1.7976931348623157E308,?,1.0,?,120000.0,17112.0
121000.0,2.131934602,9.437832802695528E-9,121000.0,1.0,1.0,1.0,?,1.0,1.7976931348623157E308,?,1.0,?,121000.0,17112.0
122000.0,2.145777267,9.499112711418415E-9,122000.0,1.0,1.0,1.0,?,1.0,1.7976931348623157E308,?,1.0,?,122000.0,17112.0
123000.0,2.159627488,9.560426069696739E-9,123000.0,1.0,1.0,1.0,?,1.0,1.7976931348623157E308,?,1.0,?,123000.0,17112.0
124000.0,2.173234548,9.620662981793279E-9,124000.0,1.0,1.0,1.0,?,1.0,1.7976931348623157E308,?,1.0,?,124000.0,17112.0
125000.0,2.186962053,9.681433090250934E-9,125000.0,1.0,1.0,1.0,?,1.0,1.7976931348623157E308,?,1.0,?,125000.0,17112.0
126000.0,2.201113208,9.744078649232779E-9,126000.0,1.0,1.0,1.0,?,1.0,1.7976931348623157E308,?,1.0,?,126000.0,17112.0
127000.0,2.215084831,9.80592944040273E-9,127000.0,1.0,1.0,1.0,?,1.0,1.7976931348623157E308,?,1.0,?,127000.0,17112.0
128000.0,2.22876916,9.866508413602901E-9,128000.0,1.0,1.0,1.0,?,1.0,1.7976931348623157E308,?,1.0,?,128000.0,17112.0
129000.0,2.242157915,9.925778914211932E-9,129000.0,1.0,1.0,1.0,?,1.0,1.7976931348623157E308,?,1.0,?,129000.0,17112.0
130000.0,2.255907276,9.986645776703947E-9,130000.0,1.0,1.0,1.0,?,1.0,1.7976931348623157E308,?,1.0,?,130000.0,17112.0
131000.0,2.272282569,1.0059137342479073E-8,131000.0,1.0,1.0,1.0,?,1.0,1.7976931348623157E308,?,1.0,?,131000.0,17112.0
132000.0,2.285731415,1.0118673859133067E-8,132000.0,1.0,1.0,1.0,?,1.0,1.7976931348623157E308,?,1.0,?,132000.0,17112.0
133000.0,2.299433461,1.0179331263483805E-8,133000.0,1.0,1.0,1.0,?,1.0,1.7976931348623157E308,?,1.0,?,133000.0,17112.0
134000.0,2.313120091,1.0239920422950132E-8,134000.0,1.0,1.0,1.0,?,1.0,1.7976931348623157E308,?,1.0,?,134000.0,17112.0
135000.0,2.326671175,1.0299909535640222E-8,135000.0,1.0,1.0,1.0,?,1.0,1.7976931348623157E308,?,1.0,?,135000.0,17112.0
136000.0,2.340153,1.0359592046588652E-8,136000.0,1.0,1.0,1.0,?,1.0,1.7976931348623157E308,?,1.0,?,136000.0,17112.0
137000.0,2.353408209,1.0418271354194723E-8,137000.0,1.0,1.0,1.0,?,1.0,1.7976931348623157E308,?,1.0,?,137000.0,17112.0
138000.0,2.366817176,1.0477631331036481E-8,138000.0,1.0,1.0,1.0,?,1.0,1.7976931348623157E308,?,1.0,?,138000.0,17112.0
139000.0,2.379891582,1.0535510244257741E-8,139000.0,1.0,1.0,1.0,?,1.0,1.7976931348623157E308,?,1.0,?,139000.0,17112.0
140000.0,2.393430603,1.0595445955414318E-8,140000.0,1.0,1.0,1.0,?,1.0,1.7976931348623157E308,?,1.0,?,140000.0,17112.0
141000.0,2.409972626,1.0668675615998598E-8,141000.0,1.0,1.0,1.0,?,1.0,1.7976931348623157E308,?,1.0,?,141000.0,17112.0
142000.0,2.423243771,1.0727425470470133E-8,142000.0,1.0,1.0,1.0,?,1.0,1.7976931348623157E308,?,1.0,?,142000.0,17112.0
143000.0,2.436954038,1.0788119268255922E-8,143000.0,1.0,1.0,1.0,?,1.0,1.7976931348623157E308,?,1.0,?,143000.0,17112.0
144000.0,2.450564314,1.084837041721989E-8,144000.0,1.0,1.0,1.0,?,1.0,1.7976931348623157E308,?,1.0,?,144000.0,17112.0
145000.0,2.464077162,1.090819026347249E-8,145000.0,1.0,1.0,1.0,?,1.0,1.7976931348623157E308,?,1.0,?,145000.0,17112.0
146000.0,2.478679684,1.0972833972995473E-8,146000.0,1.0,1.0,1.0,?,1.0,1.7976931348623157E308,?,1.0,?,146000.0,17112.0
147000.0,2.492786635,1.1035283845880372E-8,147000.0,1.0,1.0,1.0,?,1.0,1.7976931348623157E308,?,1.0,?,147000.0,17112.0
148000.0,2.506066517,1.1094072378060463E-8,148000.0,1.0,1.0,1.0,?,1.0,1.7976931348623157E308,?,1.0,?,148000.0,17112.0
149000.0,2.519300498,1.1152657711716983E-8,149000.0,1.0,1.0,1.0,?,1.0,1.7976931348623157E308,?,1.0,?,149000.0,17112.0
150000.0,2.53347972,1.1215427520126097E-8,150000.0,1.0,1.0,1.0,?,1.0,1.7976931348623157E308,?,1.0,?,150000.0,17112.0
151000.0,2.551592733,1.1295611775349819E-8,151000.0,1.0,1.0,1.0,?,1.0,1.7976931348623157E308,?,1.0,?,151000.0,17112.0
152000.0,2.566973521,1.1363700780229016E-8,152000.0,1.0,1.0,1.0,?,1.0,1.7976931348623157E308,?,1.0,?,152000.0,17112.0
153000.0,2.582191551,1.1431069273892784E-8,153000.0,1.0,1.0,1.0,?,1.0,1.7976931348623157E308,?,1.0,?,153000.0,17112.0
154000.0,2.597672836,1.149960316759844E-8,154000.0,1.0,1.0,1.0,?,1.0,1.7976931348623157E308,?,1.0,?,154000.0,17112.0
155000.0,2.612991959,1.1567419188513103E-8,155000.0,1.0,1.0,1.0,?,1.0,1.7976931348623157E308,?,1.0,?,155000.0,17112.0
156000.0,2.628207924,1.1634778540655964E-8,156000.0,1.0,1.0,1.0,?,1.0,1.7976931348623157E308,?,1.0,?,156000.0,17112.0
157000.0,2.643256049,1.17013948841455E-8,157000.0,1.0,1.0,1.0,?,1.0,1.7976931348623157E308,?,1.0,?,157000.0,17112.0
158000.0,2.657656732,1.1765145075296355E-8,158000.0,1.0,1.0,1.0,?,1.0,1.7976931348623157E308,?,1.0,?,158000.0,17112.0
159000.0,2.671126485,1.182477414486929E-8,159000.0,1.0,1.0,1.0,?,1.0,1.7976931348623157E308,?,1.0,?,159000.0,17112.0
160000.0,2.684742972,1.1885052789226167E-8,160000.0,1.0,1.0,1.0,?,1.0,1.7976931348623157E308,?,1.0,?,160000.0,17112.0
161000.0,2.701269654,1.1958214536942534E-8,161000.0,1.0,1.0,1.0,?,1.0,1.7976931348623157E308,?,1.0,?,161000.0,17112.0
162000.0,2.714345283,1.2016098864246152E-8,162000.0,1.0,1.0,1.0,?,1.0,1.7976931348623157E308,?,1.0,?,162000.0,17112.0
163000.0,2.728907165,1.2080562665096166E-8,163000.0,1.0,1.0,1.0,?,1.0,1.7976931348623157E308,?,1.0,?,163000.0,17112.0
164000.0,2.742085473,1.213890154069289E-8,164000.0,1.0,1.0,1.0,?,1.0,1.7976931348623157E308,?,1.0,?,164000.0,17112.0
165000.0,2.755485434,1.2198221648993586E-8,165000.0,1.0,1.0,1.0,?,1.0,1.7976931348623157E308,?,1.0,?,165000.0,17112.0
166000.0,2.768912685,1.2257662567030633E-8,166000.0,1.0,1.0,1.0,?,1.0,1.7976931348623157E308,?,1.0,?,166000.0,17112.0
167000.0,2.78307654,1.2320364347472781E-8,167000.0,1.0,1.0,1.0,?,1.0,1.7976931348623157E308,?,1.0,?,167000.0,17112.0
168000.0,2.797555193,1.23844597029748E-8,168000.0,1.0,1.0,1.0,?,1.0,1.7976931348623157E308,?,1.0,?,168000.0,17112.0
169000.0,2.811123784,1.2444526317169263E-8,169000.0,0.8333333333333334,0.5,0.9999,0.7999519884772598,1.0,3332.3333333333335,0.816496580927726,1.0,-4.6333333333293725,169000.0,17112.0
170000.0,2.825469294,1.2508032263703638E-8,170000.0,0.8333333333333334,0.5,0.9999,0.7999519884772598,1.0,3332.3333333333335,0.816496580927726,1.0,-4.666666666654084,170000.0,17112.0
171000.0,2.843262202,1.25867994503801E-8,171000.0,0.8333333333333334,0.5,0.9999,0.7999519884772598,0.8333333333333334,3332.3333333333335,0.816496580927726,1.0,-4.699999999994304,171000.0,17112.0
172000.0,2.858316087,1.2653441292736672E-8,172000.0,0.8333333333333334,0.5,0.9999,0.7999519884772598,0.8333333333333334,3332.3333333333335,0.816496580927726,1.0,-4.733333333321451,172000.0,17112.0
173000.0,2.873069602,1.2718753431153786E-8,173000.0,0.8333333333333334,0.5,0.9999,0.7999519884772598,0.8333333333333334,3332.3333333333335,0.816496580927726,1.0,-4.766666666651728,173000.0,17112.0
174000.0,2.883260004,1.2763865185603492E-8,174000.0,0.8333333333333334,0.5,0.9999,0.7999519884772598,0.8333333333333334,3332.3333333333335,0.816496580927726,1.0,-4.7999999999935605,174000.0,17112.0
175000.0,2.898198144,1.2829994637966149E-8,175000.0,0.8333333333333334,0.5,0.9999,0.7999519884772598,0.8333333333333334,3332.3333333333335,0.816496580927726,1.0,-4.833333333343048,175000.0,17112.0
176000.0,2.91411495,1.2900456533767276E-8,176000.0,0.8333333333333334,0.5,0.9999,0.7999519884772598,0.8333333333333334,3332.3333333333335,0.816496580927726,1.0,-4.866666666648429,176000.0,17112.0
177000.0,2.929482337,1.2968486213938637E-8,177000.0,0.8333333333333334,0.5,0.9999,0.7999519884772598,0.8333333333333334,3332.3333333333335,0.816496580927726,1.0,-4.900000000005241,177000.0,17112.0
178000.0,2.941690524,1.302253047384321E-8,178000.0,0.8333333333333334,0.5,0.9999,0.7999519884772598,0.8333333333333334,3332.3333333333335,0.816496580927726,1.0,-4.9333333333517775,178000.0,17112.0
179000.0,2.950875226,1.3063190108401073E-8,179000.0,1.0,1.0,1.0,?,0.8333333333333334,1.7976931348623157E308,?,1.0,1.0,179000.0,17112.0
180000.0,2.95884968,1.3098492112259064E-8,180000.0,1.0,1.0,1.0,?,0.8333333333333334,1.7976931348623157E308,?,1.0,1.0,180000.0,17112.0
181000.0,2.968220542,1.3139975856033457E-8,181000.0,1.0,1.0,1.0,?,1.0,1.7976931348623157E308,?,1.0,1.0,181000.0,17112.0
182000.0,2.975936084,1.3174131685818228E-8,182000.0,1.0,1.0,1.0,?,1.0,1.7976931348623157E308,?,1.0,1.0,182000.0,17112.0
183000.0,2.983416933,1.3207248556297266E-8,183000.0,1.0,1.0,1.0,?,1.0,1.7976931348623157E308,?,1.0,1.0,183000.0,17112.0
184000.0,2.991077999,1.3241163227005544E-8,184000.0,1.0,1.0,1.0,?,1.0,1.7976931348623157E308,?,1.0,1.0,184000.0,17112.0
185000.0,3.004112903,1.329886726935083E-8,185000.0,1.0,1.0,1.0,?,1.0,1.7976931348623157E308,?,1.0,1.0,185000.0,17112.0
186000.0,3.020571812,1.337172899367908E-8,186000.0,1.0,1.0,1.0,?,1.0,1.7976931348623157E308,?,1.0,1.0,186000.0,17112.0
187000.0,3.033916022,1.343080229862282E-8,187000.0,1.0,1.0,1.0,?,1.0,1.7976931348623157E308,?,1.0,1.0,187000.0,17112.0
188000.0,3.047375814,1.3490387271977955E-8,188000.0,1.0,1.0,1.0,?,1.0,1.7976931348623157E308,?,1.0,1.0,188000.0,17112.0
189000.0,3.057095226,1.3533414007090026E-8,189000.0,1.0,1.0,1.0,?,1.0,1.7976931348623157E308,?,1.0,1.0,189000.0,17112.0
190000.0,3.06479322,1.3567492153868072E-8,190000.0,1.0,1.0,1.0,?,1.0,1.7976931348623157E308,?,1.0,1.0,190000.0,17112.0
191000.0,3.074129167,1.3608821332895501E-8,191000.0,1.0,1.0,1.0,?,1.0,1.7976931348623157E308,?,1.0,1.0,191000.0,17112.0
192000.0,3.081925218,1.3643333566896611E-8,192000.0,1.0,1.0,1.0,?,1.0,1.7976931348623157E308,?,1.0,1.0,192000.0,17112.0
193000.0,3.089628013,1.3677432967157407E-8,193000.0,1.0,1.0,1.0,?,1.0,1.7976931348623157E308,?,1.0,1.0,193000.0,17112.0
194000.0,3.097109332,1.3710551918273165E-8,194000.0,1.0,1.0,1.0,?,1.0,1.7976931348623157E308,?,1.0,1.0,194000.0,17112.0
195000.0,3.104902447,1.3745051154935106E-8,195000.0,1.0,1.0,1.0,?,1.0,1.7976931348623157E308,?,1.0,1.0,195000.0,17112.0
196000.0,3.121431281,1.3818222429311519E-8,196000.0,1.0,1.0,1.0,?,1.0,1.7976931348623157E308,?,1.0,1.0,196000.0,17112.0
197000.0,3.136379738,1.3884397553863619E-8,197000.0,1.0,1.0,1.0,?,1.0,1.7976931348623157E308,?,1.0,1.0,197000.0,17112.0
198000.0,3.150160338,1.394540270786732E-8,198000.0,1.0,1.0,1.0,?,1.0,1.7976931348623157E308,?,1.0,1.0,198000.0,17112.0
199000.0,3.163034373,1.4002394601386036E-8,199000.0,1.0,1.0,1.0,?,1.0,1.7976931348623157E308,?,1.0,1.0,199000.0,17112.0
200000.0,3.171564554,1.4040156745674705E-8,200000.0,1.0,1.0,1.0,?,1.0,1.7976931348623157E308,?,1.0,1.0,200000.0,17112.0
201000.0,3.180799345,1.408103811855738E-8,201000.0,1.0,1.0,1.0,?,1.0,1.7976931348623157E308,?,1.0,1.0,201000.0,17112.0
202000.0,3.190205177,1.4122676670557505E-8,202000.0,0.9615384615384616,0.8846153846153846,0.9999,0.9599500176219972,1.0,768.2307692307693,0.9607689228305228,1.0,-0.26249999999985985,202000.0,17112.0
203000.0,3.203824376,1.4182967320630943E-8,203000.0,0.9615384615384616,0.8846153846153846,0.9999,0.9599500176219972,1.0,768.2307692307693,0.9607689228305228,1.0,-0.26875000000063387,203000.0,17112.0
204000.0,3.212832248,1.4222844148824608E-8,204000.0,0.9615384615384616,0.8846153846153846,0.9999,0.9599500176219972,1.0,768.2307692307693,0.9607689228305228,1.0,-0.27499999999957536,204000.0,17112.0
205000.0,3.228138844,1.4290604714130358E-8,205000.0,0.9615384615384616,0.8846153846153846,0.9999,0.9599500176219972,1.0,768.2307692307693,0.9607689228305228,1.0,-0.28125000000022227,205000.0,17112.0
206000.0,3.245033598,1.4365395874865348E-8,206000.0,0.9615384615384616,0.8846153846153846,0.9999,0.9599500176219972,1.0,768.2307692307693,0.9607689228305228,1.0,-0.28750000000053605,206000.0,17112.0
207000.0,3.260349641,1.4433198260969166E-8,207000.0,0.9614883964538515,0.8845268079272284,0.9998,0.9229767929077064,1.0,768.2307692307693,0.9607208206489607,0.99989986983078,-1.5874999999982764,207000.0,17112.0
208000.0,3.270511824,1.4478185093104834E-8,208000.0,0.9614883964538515,0.8845268079272284,0.9998,0.9229767929077064,1.0,768.2307692307693,0.9607208206489607,0.99989986983078,-1.5999999999994228,208000.0,17112.0
209000.0,3.279645543,1.4518619031701232E-8,209000.0,0.9614883964538515,0.8845268079272284,0.9998,0.9229767929077064,1.0,768.2307692307693,0.9607208206489607,0.99989986983078,-1.6124999999994563,209000.0,17112.0
210000.0,3.294430578,1.4584070705585178E-8,210000.0,0.9614883964538515,0.8845268079272284,0.9998,0.9229767929077064,1.0,768.2307692307693,0.9607208206489607,0.99989986983078,-1.6250000000005465,210000.0,17112.0
211000.0,3.311648344,1.4660291803826884E-8,211000.0,0.9614883964538515,0.8845268079272284,0.9998,0.9229767929077064,0.9614883964538515,768.2307692307693,0.9607208206489607,0.99989986983078,-1.6374999999987556,211000.0,17112.0
212000.0,3.32700233,1.472826215929041E-8,212000.0,1.0,1.0,0.9999,0.0,0.9614883964538515,1.7976931348623157E308,?,0.9999,-0.3250000000004781,212000.0,17112.0
213000.0,3.342787481,1.479814123333121E-8,213000.0,1.0,1.0,0.9999,0.0,0.9614883964538515,1.7976931348623157E308,?,0.9999,-0.33124999999925175,213000.0,17112.0
214000.0,3.357735963,1.4864316468555477E-8,214000.0,1.0,1.0,0.9999,0.0,0.9614883964538515,1.7976931348623157E308,?,0.9999,-0.3375000000006311,214000.0,17112.0
215000.0,3.371341294,1.492454572656502E-8,215000.0,1.0,1.0,0.9999,0.0,0.9614883964538515,1.7976931348623157E308,?,0.9999,-0.3437499999994872,215000.0,17112.0
216000.0,3.379538177,1.4960832398391015E-8,216000.0,1.0,1.0,0.9999,0.0,0.9614883964538515,1.7976931348623157E308,?,0.9999,-0.3499999999991007,216000.0,17112.0
217000.0,3.387526478,1.499619570134828E-8,217000.0,1.0,1.0,1.0,?,0.9614883964538515,1.7976931348623157E308,?,1.0,1.0,217000.0,17112.0
218000.0,3.395460671,1.5031319474323336E-8,218000.0,1.0,1.0,1.0,?,0.9614883964538515,1.7976931348623157E308,?,1.0,1.0,218000.0,17112.0
219000.0,3.403148344,1.5065351931204394E-8,219000.0,1.0,1.0,1.0,?,0.9614883964538515,1.7976931348623157E308,?,1.0,1.0,219000.0,17112.0
220000.0,3.411033983,1.5100260761125628E-8,220000.0,1.0,1.0,1.0,?,0.9614883964538515,1.7976931348623157E308,?,1.0,1.0,220000.0,17112.0
221000.0,3.420770461,1.5143363045485062E-8,221000.0,1.0,1.0,1.0,?,1.0,1.7976931348623157E308,?,1.0,1.0,221000.0,17112.0
222000.0,3.435924873,1.5210449909474694E-8,222000.0,1.0,1.0,1.0,?,1.0,1.7976931348623157E308,?,1.0,1.0,222000.0,17112.0
223000.0,3.454569344,1.5292986869017276E-8,223000.0,1.0,1.0,1.0,?,1.0,1.7976931348623157E308,?,1.0,1.0,223000.0,17112.0
224000.0,3.471516485,1.5368009941062573E-8,224000.0,1.0,1.0,1.0,?,1.0,1.7976931348623157E308,?,1.0,1.0,224000.0,17112.0
225000.0,3.488490001,1.5443149772242948E-8,225000.0,1.0,1.0,1.0,?,1.0,1.7976931348623157E308,?,1.0,1.0,225000.0,17112.0
226000.0,3.506001212,1.5520669918234144E-8,226000.0,1.0,1.0,1.0,?,1.0,1.7976931348623157E308,?,1.0,1.0,226000.0,17112.0
227000.0,3.522956035,1.5595726997622592E-8,227000.0,1.0,1.0,1.0,?,1.0,1.7976931348623157E308,?,1.0,1.0,227000.0,17112.0
228000.0,3.539265597,1.5667927579712117E-8,228000.0,1.0,1.0,1.0,?,1.0,1.7976931348623157E308,?,1.0,1.0,228000.0,17112.0
229000.0,3.554481822,1.5735288082845504E-8,229000.0,1.0,1.0,1.0,?,1.0,1.7976931348623157E308,?,1.0,1.0,229000.0,17112.0
230000.0,3.56873978,1.5798406446600948E-8,230000.0,1.0,1.0,1.0,?,1.0,1.7976931348623157E308,?,1.0,1.0,230000.0,17112.0
231000.0,3.586264501,1.5875986399830625E-8,231000.0,1.0,1.0,1.0,?,1.0,1.7976931348623157E308,?,1.0,1.0,231000.0,17112.0
232000.0,3.599571066,1.5934893054626878E-8,232000.0,1.0,1.0,1.0,?,1.0,1.7976931348623157E308,?,1.0,1.0,232000.0,17112.0
233000.0,3.612874472,1.599378572488824E-8,233000.0,1.0,1.0,1.0,?,1.0,1.7976931348623157E308,?,1.0,1.0,233000.0,17112.0
234000.0,3.62708851,1.6056709659782543E-8,234000.0,1.0,1.0,1.0,?,1.0,1.7976931348623157E308,?,1.0,1.0,234000.0,17112.0
235000.0,3.641331725,1.6119762757948284E-8,235000.0,1.0,1.0,1.0,?,1.0,1.7976931348623157E308,?,1.0,1.0,235000.0,17112.0
236000.0,3.655131478,1.618085270011176E-8,236000.0,1.0,1.0,1.0,?,1.0,1.7976931348623157E308,?,1.0,1.0,236000.0,17112.0
237000.0,3.668323635,1.6239252883661532E-8,237000.0,1.0,1.0,1.0,?,1.0,1.7976931348623157E308,?,1.0,1.0,237000.0,17112.0
238000.0,3.681837828,1.629907868407666E-8,238000.0,1.0,1.0,1.0,?,1.0,1.7976931348623157E308,?,1.0,1.0,238000.0,17112.0
239000.0,3.696174314,1.6362544682386014E-8,239000.0,1.0,1.0,1.0,?,1.0,1.7976931348623157E308,?,1.0,1.0,239000.0,17112.0
240000.0,3.711181522,1.6428979890954985E-8,240000.0,1.0,1.0,1.0,?,1.0,1.7976931348623157E308,?,1.0,1.0,240000.0,17112.0
241000.0,3.729875663,1.6511736733956876E-8,241000.0,1.0,1.0,1.0,?,1.0,1.7976931348623157E308,?,1.0,1.0,241000.0,17112.0
242000.0,3.74345768,1.657186278353134E-8,242000.0,1.0,1.0,1.0,?,1.0,1.7976931348623157E308,?,1.0,1.0,242000.0,17112.0
243000.0,3.751383679,1.6606950282597285E-8,243000.0,1.0,1.0,1.0,?,1.0,1.7976931348623157E308,?,1.0,1.0,243000.0,17112.0
244000.0,3.76138847,1.6651240358191223E-8,244000.0,1.0,1.0,1.0,?,1.0,1.7976931348623157E308,?,1.0,1.0,244000.0,17112.0
245000.0,3.774220344,1.6708045609742395E-8,245000.0,1.0,1.0,1.0,?,1.0,1.7976931348623157E308,?,1.0,1.0,245000.0,17112.0
246000.0,3.78682791,1.676385787520557E-8,246000.0,1.0,1.0,1.0,?,1.0,1.7976931348623157E308,?,1.0,1.0,246000.0,17112.0
247000.0,3.800094922,1.6822589433354628E-8,247000.0,1.0,1.0,1.0,?,1.0,1.7976931348623157E308,?,1.0,1.0,247000.0,17112.0
248000.0,3.814308282,1.688551036681979E-8,248000.0,1.0,1.0,1.0,?,1.0,1.7976931348623157E308,?,1.0,1.0,248000.0,17112.0
249000.0,3.828777428,1.694956363591054E-8,249000.0,1.0,1.0,1.0,?,1.0,1.7976931348623157E308,?,1.0,1.0,249000.0,17112.0
250000.0,3.842924742,1.701219219122081E-8,250000.0,1.0,1.0,1.0,?,1.0,1.7976931348623157E308,?,1.0,1.0,250000.0,17112.0
251000.0,3.859948507,1.7087554469027856E-8,251000.0,1.0,1.0,1.0,?,1.0,1.7976931348623157E308,?,1.0,1.0,251000.0,17112.0
252000.0,3.873503037,1.71475588367693E-8,252000.0,1.0,1.0,1.0,?,1.0,1.7976931348623157E308,?,1.0,1.0,252000.0,17112.0
253000.0,3.886898179,1.720685761190329E-8,253000.0,1.0,1.0,1.0,?,1.0,1.7976931348623157E308,?,1.0,1.0,253000.0,17112.0
254000.0,3.900560718,1.726734012324362E-8,254000.0,1.0,1.0,1.0,?,1.0,1.7976931348623157E308,?,1.0,1.0,254000.0,17112.0
255000.0,3.914462179,1.7328880315193275E-8,255000.0,1.0,1.0,1.0,?,1.0,1.7976931348623157E308,?,1.0,1.0,255000.0,17112.0
256000.0,3.92818437,1.7389626899175335E-8,256000.0,1.0,1.0,1.0,?,1.0,1.7976931348623157E308,?,1.0,1.0,256000.0,17112.0
257000.0,3.943778517,1.745866042016073E-8,257000.0,1.0,1.0,1.0,?,1.0,1.7976931348623157E308,?,1.0,1.0,257000.0,17112.0
258000.0,3.957154698,1.7517875257097172E-8,258000.0,1.0,1.0,1.0,?,1.0,1.7976931348623157E308,?,1.0,1.0,258000.0,17112.0
259000.0,3.970243909,1.7575819710375107E-8,259000.0,1.0,1.0,1.0,?,1.0,1.7976931348623157E308,?,1.0,1.0,259000.0,17112.0
260000.0,3.983190973,1.763313489499811E-8,260000.0,1.0,1.0,1.0,?,1.0,1.7976931348623157E308,?,1.0,1.0,260000.0,17112.0
261000.0,3.998761428,1.7702063534185278E-8,261000.0,1.0,1.0,1.0,?,1.0,1.7976931348623157E308,?,1.0,1.0,261000.0,17112.0
262000.0,4.011981038,1.7760585249053924E-8,262000.0,1.0,1.0,1.0,?,1.0,1.7976931348623157E308,?,1.0,1.0,262000.0,17112.0
263000.0,4.02472727,1.7817011373179642E-8,263000.0,1.0,1.0,1.0,?,1.0,1.7976931348623157E308,?,1.0,1.0,263000.0,17112.0
264000.0,4.037139383,1.787195839036876E-8,264000.0,1.0,1.0,1.0,?,1.0,1.7976931348623157E308,?,1.0,1.0,264000.0,17112.0
265000.0,4.051522005,1.7935628627520044E-8,265000.0,1.0,1.0,1.0,?,1.0,1.7976931348623157E308,?,1.0,1.0,265000.0,17112.0
266000.0,4.066506746,1.8001964377226917E-8,266000.0,1.0,1.0,1.0,?,1.0,1.7976931348623157E308,?,1.0,1.0,266000.0,17112.0
267000.0,4.080916916,1.8065756566251305E-8,267000.0,1.0,1.0,1.0,?,1.0,1.7976931348623157E308,?,1.0,1.0,267000.0,17112.0
268000.0,4.09573253,1.8131343609901755E-8,268000.0,1.0,1.0,1.0,?,1.0,1.7976931348623157E308,?,1.0,1.0,268000.0,17112.0
269000.0,4.112409861,1.820517226366325E-8,269000.0,1.0,1.0,1.0,?,1.0,1.7976931348623157E308,?,1.0,1.0,269000.0,17112.0
270000.0,4.126039127,1.8265507479204474E-8,270000.0,1.0,1.0,1.0,?,1.0,1.7976931348623157E308,?,1.0,1.0,270000.0,17112.0
271000.0,4.144132496,1.8345604772667078E-8,271000.0,1.0,1.0,1.0,?,1.0,1.7976931348623157E308,?,1.0,1.0,271000.0,17112.0
272000.0,4.159449242,1.8413410270872202E-8,272000.0,1.0,1.0,1.0,?,1.0,1.7976931348623157E308,?,1.0,1.0,272000.0,17112.0
273000.0,4.172887865,1.8472901531464097E-8,273000.0,1.0,1.0,1.0,?,1.0,1.7976931348623157E308,?,1.0,1.0,273000.0,17112.0
274000.0,4.187301176,1.8536707625339416E-8,274000.0,1.0,1.0,1.0,?,1.0,1.7976931348623157E308,?,1.0,1.0,274000.0,17112.0
275000.0,4.201558511,1.8599823231144486E-8,275000.0,1.0,1.0,1.0,?,1.0,1.7976931348623157E308,?,1.0,1.0,275000.0,17112.0
276000.0,4.216249308,1.866485772408544E-8,276000.0,1.0,1.0,1.0,?,1.0,1.7976931348623157E308,?,1.0,1.0,276000.0,17112.0
277000.0,4.231479725,1.8732281053593994E-8,277000.0,1.0,1.0,1.0,?,1.0,1.7976931348623157E308,?,1.0,1.0,277000.0,17112.0
278000.0,4.243699174,1.8786375169095885E-8,278000.0,1.0,1.0,1.0,?,1.0,1.7976931348623157E308,?,1.0,1.0,278000.0,17112.0
279000.0,4.257068679,1.8845560452137132E-8,279000.0,1.0,1.0,1.0,?,1.0,1.7976931348623157E308,?,1.0,1.0,279000.0,17112.0
280000.0,4.269588299,1.890098339062804E-8,280000.0,1.0,1.0,1.0,?,1.0,1.7976931348623157E308,?,1.0,1.0,280000.0,17112.0
281000.0,4.284449586,1.8966772623471906E-8,281000.0,1.0,1.0,1.0,?,1.0,1.7976931348623157E308,?,1.0,1.0,281000.0,17112.0
282000.0,4.296659653,1.9020825205923357E-8,282000.0,1.0,1.0,1.0,?,1.0,1.7976931348623157E308,?,1.0,1.0,282000.0,17112.0
283000.0,4.308984611,1.9075386397807536E-8,283000.0,1.0,1.0,1.0,?,1.0,1.7976931348623157E308,?,1.0,1.0,283000.0,17112.0
284000.0,4.320996603,1.9128562124688165E-8,284000.0,1.0,1.0,1.0,?,1.0,1.7976931348623157E308,?,1.0,1.0,284000.0,17112.0
285000.0,4.333659943,1.9184621295326687E-8,285000.0,1.0,1.0,1.0,?,1.0,1.7976931348623157E308,?,1.0,1.0,285000.0,17112.0
286000.0,4.347398175,1.9245438890997308E-8,286000.0,1.0,1.0,1.0,?,1.0,1.7976931348623157E308,?,1.0,1.0,286000.0,17112.0
287000.0,4.361452077,1.9307653921972948E-8,287000.0,1.0,1.0,1.0,?,1.0,1.7976931348623157E308,?,1.0,1.0,287000.0,17112.0
288000.0,4.375540578,1.9370022118799376E-8,288000.0,1.0,1.0,1.0,?,1.0,1.7976931348623157E308,?,1.0,1.0,288000.0,17112.0
289000.0,4.389397466,1.9431364991130917E-8,289000.0,1.0,1.0,1.0,?,1.0,1.7976931348623157E308,?,1.0,1.0,289000.0,17112.0
290000.0,4.402733617,1.9490402619795243E-8,290000.0,1.0,1.0,1.0,?,1.0,1.7976931348623157E308,?,1.0,1.0,290000.0,17112.0
291000.0,4.415392698,1.9546442936323574E-8,291000.0,1.0,1.0,1.0,?,1.0,1.7976931348623157E308,?,1.0,1.0,291000.0,17112.0
292000.0,4.423770925,1.9583532397480052E-8,292000.0,1.0,1.0,1.0,?,1.0,1.7976931348623157E308,?,1.0,1.0,292000.0,17112.0
293000.0,4.431768011,1.9618934590636432E-8,293000.0,1.0,1.0,1.0,?,1.0,1.7976931348623157E308,?,1.0,1.0,293000.0,17112.0
294000.0,4.439810091,1.9654535967130206E-8,294000.0,1.0,1.0,1.0,?,1.0,1.7976931348623157E308,?,1.0,1.0,294000.0,17112.0
295000.0,4.447524255,1.968868569666519E-8,295000.0,1.0,1.0,1.0,?,1.0,1.7976931348623157E308,?,1.0,1.0,295000.0,17112.0
296000.0,4.455584862,1.9724369090087705E-8,296000.0,1.0,1.0,1.0,?,1.0,1.7976931348623157E308,?,1.0,1.0,296000.0,17112.0
297000.0,4.463483669,1.975933621325219E-8,297000.0,1.0,1.0,1.0,?,1.0,1.7976931348623157E308,?,1.0,1.0,297000.0,17112.0
298000.0,4.472057312,1.979729075888792E-8,298000.0,1.0,1.0,1.0,?,1.0,1.7976931348623157E308,?,1.0,1.0,298000.0,17112.0
299000.0,4.479589426,1.9830634573710456E-8,299000.0,1.0,1.0,1.0,?,1.0,1.7976931348623157E308,?,1.0,1.0,299000.0,17112.0
300000.0,4.487445727,1.9865413527631506E-8,300000.0,1.0,1.0,1.0,?,1.0,1.7976931348623157E308,?,1.0,1.0,300000.0,17112.0
301000.0,4.496927234,1.9907387084277964E-8,301000.0,1.0,1.0,1.0,?,1.0,1.7976931348623157E308,?,1.0,1.0,301000.0,17112.0
302000.0,4.504822109,1.9942336800924188E-8,302000.0,1.0,1.0,1.0,?,1.0,1.7976931348623157E308,?,1.0,1.0,302000.0,17112.0
303000.0,4.512272197,1.9975317495943353E-8,303000.0,1.0,1.0,1.0,?,1.0,1.7976931348623157E308,?,1.0,1.0,303000.0,17112.0
304000.0,4.527315467,2.0041912346898264E-8,304000.0,1.0,1.0,1.0,?,1.0,1.7976931348623157E308,?,1.0,1.0,304000.0,17112.0
305000.0,4.542197394,2.0107792950682338E-8,305000.0,1.0,1.0,1.0,?,1.0,1.7976931348623157E308,?,1.0,1.0,305000.0,17112.0
306000.0,4.556615716,2.01716212276866E-8,306000.0,1.0,1.0,1.0,?,1.0,1.7976931348623157E308,?,1.0,1.0,306000.0,17112.0
307000.0,4.571622508,2.023805459467073E-8,307000.0,1.0,1.0,1.0,?,1.0,1.7976931348623157E308,?,1.0,1.0,307000.0,17112.0
308000.0,4.585827835,2.030093996695553E-8,308000.0,1.0,1.0,1.0,?,1.0,1.7976931348623157E308,?,1.0,1.0,308000.0,17112.0
309000.0,4.596132047,2.0346555545373506E-8,309000.0,1.0,1.0,1.0,?,1.0,1.7976931348623157E308,?,1.0,1.0,309000.0,17112.0
310000.0,4.604050023,2.0381607527527954E-8,310000.0,1.0,1.0,1.0,?,1.0,1.7976931348623157E308,?,1.0,1.0,310000.0,17112.0
311000.0,4.613846505,2.0424975442793218E-8,311000.0,1.0,1.0,1.0,?,1.0,1.7976931348623157E308,?,1.0,1.0,311000.0,17112.0
312000.0,4.621504591,2.0458876921379314E-8,312000.0,1.0,1.0,1.0,?,1.0,1.7976931348623157E308,?,1.0,1.0,312000.0,17112.0
313000.0,4.629137529,2.0492667072620237E-8,313000.0,0.9993324432576769,0.9979973297730307,0.9999,0.9992779520641041,1.0,12.35113484646195,0.9993322202928082,1.0,0.9590849673202662,313000.0,17112.0
314000.0,4.637902752,2.0531469721198078E-8,314000.0,0.9980555555555556,0.9956154444444444,0.9973,0.985164835164835,1.0,9.0,0.9980551086989135,0.9971111111111111,0.16555118110236358,314000.0,17112.0
315000.0,4.647301146,2.057307534601539E-8,315000.0,0.9980555555555556,0.9956154444444444,0.9973,0.985164835164835,1.0,9.0,0.9980551086989135,0.9971111111111111,0.16289370078738338,315000.0,17112.0
316000.0,4.655492174,2.060933609842012E-8,316000.0,0.9980555555555556,0.9956154444444444,0.9973,0.985164835164835,1.0,9.0,0.9980551086989135,0.9971111111111111,0.16023622047243316,316000.0,17112.0
317000.0,4.663722447,2.064577058399096E-8,317000.0,0.9978888888888889,0.9952826111111112,0.997,0.9835381913959613,1.0,9.0,0.9978882702988346,0.9967777777777778,0.06397637795277104,317000.0,17112.0
318000.0,4.672261586,2.0683572384330133E-8,318000.0,0.9978888888888889,0.9952826111111112,0.997,0.9835381913959613,1.0,9.0,0.9978882702988346,0.9967777777777778,0.06102362204724697,318000.0,17112.0
319000.0,4.680513766,2.072010384970655E-8,319000.0,0.9972785853994878,0.993568493957426,0.9967,0.9819157669304044,1.0,8.99000999000999,0.9972783230225201,0.9965551727969775,-0.03510324483774235,319000.0,17112.0
320000.0,4.689341472,2.075918310344219E-8,320000.0,0.9968340915668397,0.9926821705908272,0.9959,0.9776102172551612,1.0,8.99000999000999,0.9968334073978686,0.9956661851316813,-0.29006882989182353,320000.0,17112.0
321000.0,4.702077755,2.0815565184472747E-8,321000.0,0.9947358814598491,0.9865275069897871,0.9953,0.9744003137323252,0.9968340915668397,8.950248756218905,0.9947356309011629,0.9954419121734297,-0.47766895200785187,321000.0,17112.0
322000.0,4.716859954,2.0881004303706186E-8,322000.0,0.9947358814598491,0.9865275069897871,0.9953,0.9744003137323252,0.9968340915668397,8.950248756218905,0.9947356309011629,0.9954419121734297,-0.48227228207641376,322000.0,17112.0
323000.0,4.73229936,2.094935280382633E-8,323000.0,0.9881305162151067,0.9666186804058907,0.9954,0.9137040905761855,0.9968340915668397,38.0625,0.9881008118678976,0.9957922824302134,-0.45523996082273116,323000.0,17112.0
324000.0,4.747338122,2.1015927698376277E-8,324000.0,0.9426422302353417,0.8289367610600332,0.9979,0.8163417373022168,0.9968340915668397,187.67924528301887,0.9409862786389893,0.9984920076404946,0.36351730589335446,324000.0,17112.0
325000.0,4.76148958,2.1078574598704774E-8,325000.0,0.9961897347907135,0.9894181732968987,0.9979,0.9884613660160196,0.9968340915668397,8.920634920634921,0.9961874316826805,0.9983318505338078,0.6627964426877463,325000.0,17112.0
326000.0,4.775221649,2.1139364911473045E-8,326000.0,0.9961897347907135,0.9894181732968987,0.9979,0.9884613660160196,0.9968340915668397,8.920634920634921,0.9961874316826805,0.9983318505338078,0.6617588932806346,326000.0,17112.0
327000.0,4.78870349,2.1199047493251662E-8,327000.0,0.9963009447551262,0.9896386073335027,0.9981,0.9895511159408175,0.9968340915668397,8.920634920634921,0.9962983965876956,0.9985542704626335,0.6930335968379409,327000.0,17112.0
328000.0,4.802625659,2.1260679357169817E-8,328000.0,0.9963009447551262,0.9896386073335027,0.9981,0.9895511159408175,0.9968340915668397,8.920634920634921,0.9962983965876956,0.9985542704626335,0.6920948616600773,328000.0,17112.0
329000.0,4.817832582,2.1327998681403695E-8,329000.0,0.9969057915618139,0.9913380715067915,0.9984,0.9911893390120978,0.9968340915668397,8.930486593843098,0.9969040357416777,0.9987768264205493,0.7399209486165937,329000.0,17112.0
330000.0,4.834009852,2.1399613621806104E-8,330000.0,0.9973505819543415,0.9922210268143015,0.9992,0.9955791164090487,0.9968340915668397,8.930486593843098,0.9973478933040714,0.9996664072056044,0.8695652173913004,330000.0,17112.0
331000.0,4.853134534,2.148427642100801E-8,331000.0,0.9920462380859643,0.9761982448675401,0.998,0.9904892745171048,0.9973505819543415,7.312551953449709,0.9920152577150823,0.9998863248834831,0.7023381294964003,331000.0,17112.0
332000.0,4.867646268,2.15485182223469E-8,332000.0,0.9920462380859643,0.9761982448675401,0.998,0.9904892745171048,0.9973505819543415,7.312551953449709,0.9920152577150823,0.9998863248834831,0.7014388489208642,332000.0,17112.0
333000.0,4.882151261,2.1612730182042967E-8,333000.0,0.9920462380859643,0.9761982448675401,0.998,0.9904892745171048,0.9973505819543415,7.312551953449709,0.9920152577150823,0.9998863248834831,0.7005395683453227,333000.0,17112.0
334000.0,4.895917547,2.167367196959133E-8,334000.0,0.9921512630952992,0.976512961317936,0.9981,0.9906409565533499,0.9973505819543415,7.658008658008658,0.9921211055798389,0.9998869417750141,0.7146582733812945,334000.0,17112.0
335000.0,4.909670874,2.173455638911575E-8,335000.0,0.9549489795918368,0.8649117346938775,0.9981,0.9494250425894375,0.9973505819543415,49.0,0.9538905298078721,0.9998979591836735,0.7138039568345285,335000.0,17112.0
336000.0,4.923774299,2.1796990652798363E-8,336000.0,0.9549489795918368,0.8649117346938775,0.9981,0.9494250425894375,0.9973505819543415,49.0,0.9538905298078721,0.9998979591836735,0.7129496402877685,336000.0,17112.0
337000.0,4.939256719,2.1865529571020354E-8,337000.0,0.955,0.865,0.9982,0.9519641332194698,0.9973505819543415,49.0,0.9539392014169457,1.0,0.7272482014388453,337000.0,17112.0
338000.0,4.95582705,2.193888454791158E-8,338000.0,0.955,0.865,0.9982,0.9519641332194698,0.9973505819543415,49.0,0.9539392014169457,1.0,0.7264388489208619,338000.0,17112.0
339000.0,4.970722341,2.2004824312608687E-8,339000.0,0.955,0.865,0.9982,0.9519641332194698,0.9973505819543415,49.0,0.9539392014169457,1.0,0.7256294964028747,339000.0,17112.0
340000.0,4.98517153,2.2068789234322804E-8,340000.0,0.955,0.865,0.9982,0.9519641332194698,0.9973505819543415,49.0,0.9539392014169457,1.0,0.72482014388489,340000.0,17112.0
341000.0,5.001514191,2.214113634193316E-8,341000.0,1.0,1.0,1.0,?,0.955,1.7976931348623157E308,?,1.0,1.0,341000.0,17112.0
342000.0,5.01492719,2.220051416798184E-8,342000.0,1.0,1.0,1.0,?,0.955,1.7976931348623157E308,?,1.0,1.0,342000.0,17112.0
343000.0,5.023160082,2.223696024756878E-8,343000.0,1.0,1.0,1.0,?,0.955,1.7976931348623157E308,?,1.0,1.0,343000.0,17112.0
344000.0,5.032901075,2.2280082519321387E-8,344000.0,1.0,1.0,1.0,?,0.955,1.7976931348623157E308,?,1.0,1.0,344000.0,17112.0
345000.0,5.048014332,2.234698719479143E-8,345000.0,1.0,1.0,1.0,?,0.955,1.7976931348623157E308,?,1.0,1.0,345000.0,17112.0
346000.0,5.062440428,2.2410849886412415E-8,346000.0,1.0,1.0,1.0,?,0.955,1.7976931348623157E308,?,1.0,1.0,346000.0,17112.0
347000.0,5.07590323,2.247044818469633E-8,347000.0,1.0,1.0,1.0,?,0.955,1.7976931348623157E308,?,1.0,1.0,347000.0,17112.0
348000.0,5.08882866,2.2527667598053808E-8,348000.0,1.0,1.0,1.0,?,0.955,1.7976931348623157E308,?,1.0,1.0,348000.0,17112.0
349000.0,5.097896835,2.2567811380792403E-8,349000.0,0.5,-0.5,0.9999,0.0,0.955,9999.0,0.0,1.0,0.9843146067415747,349000.0,17112.0
350000.0,5.106159424,2.2604388925631834E-8,350000.0,0.5,-0.5,0.9999,0.0,0.955,9999.0,0.0,1.0,0.98426966292135,350000.0,17112.0
351000.0,5.116265577,2.2649127719309174E-8,351000.0,0.5,-0.5,0.9999,0.0,0.5,9999.0,0.0,1.0,0.9842247191011254,351000.0,17112.0
352000.0,5.125434573,2.2689717825185502E-8,352000.0,0.5,-0.5,0.9999,0.0,0.5,9999.0,0.0,1.0,0.9841797752809007,352000.0,17112.0
353000.0,5.13510751,2.2732538820741072E-8,353000.0,0.5,-0.5,0.9999,0.0,0.5,9999.0,0.0,1.0,0.984134831460676,353000.0,17112.0
354000.0,5.150326943,2.2799913525326794E-8,354000.0,0.5,-0.5,0.9999,0.0,0.5,9999.0,0.0,1.0,0.9840898876404511,354000.0,17112.0
355000.0,5.163178801,2.2856807243780538E-8,355000.0,0.5,-0.5,0.9999,0.0,0.5,9999.0,0.0,1.0,0.9840449438202264,355000.0,17112.0
356000.0,5.172256102,2.2896991426286593E-8,356000.0,0.5,-0.5,0.9999,0.0,0.5,9999.0,0.0,1.0,0.9840000000000017,356000.0,17112.0
357000.0,5.187325254,2.296370085392147E-8,357000.0,0.5,-0.5,0.9999,0.0,0.5,9999.0,0.0,1.0,0.983955056179777,357000.0,17112.0
358000.0,5.203192848,2.3033944893777365E-8,358000.0,0.5,-0.5,0.9999,0.0,0.5,9999.0,0.0,1.0,0.9839101123595524,358000.0,17112.0
359000.0,5.218486392,2.3101647679358716E-8,359000.0,1.0,1.0,1.0,?,0.5,1.7976931348623157E308,?,1.0,1.0,359000.0,17112.0
360000.0,5.233067124,2.3166194927021858E-8,360000.0,1.0,1.0,1.0,?,0.5,1.7976931348623157E308,?,1.0,1.0,360000.0,17112.0
361000.0,5.249886647,2.3240653048648184E-8,361000.0,1.0,1.0,1.0,?,1.0,1.7976931348623157E308,?,1.0,1.0,361000.0,17112.0
362000.0,5.263387888,2.3300421512027577E-8,362000.0,1.0,1.0,1.0,?,1.0,1.7976931348623157E308,?,1.0,1.0,362000.0,17112.0
363000.0,5.274785309,2.33508766027602E-8,363000.0,1.0,1.0,1.0,?,1.0,1.7976931348623157E308,?,1.0,1.0,363000.0,17112.0
364000.0,5.287990615,2.3409334995442376E-8,364000.0,1.0,1.0,1.0,?,1.0,1.7976931348623157E308,?,1.0,1.0,364000.0,17112.0
365000.0,5.301694121,2.3469998863047604E-8,365000.0,1.0,1.0,1.0,?,1.0,1.7976931348623157E308,?,1.0,1.0,365000.0,17112.0
366000.0,5.314659078,2.3527393257953222E-8,366000.0,1.0,1.0,1.0,?,1.0,1.7976931348623157E308,?,1.0,1.0,366000.0,17112.0
367000.0,5.327374499,2.358368298527474E-8,367000.0,1.0,1.0,1.0,?,1.0,1.7976931348623157E308,?,1.0,1.0,367000.0,17112.0
368000.0,5.340043081,2.3639765361653015E-8,368000.0,1.0,1.0,1.0,?,1.0,1.7976931348623157E308,?,1.0,1.0,368000.0,17112.0
369000.0,5.35282895,2.3696366954284405E-8,369000.0,1.0,1.0,1.0,?,1.0,1.7976931348623157E308,?,1.0,1.0,369000.0,17112.0
370000.0,5.365617074,2.3752978529545163E-8,370000.0,1.0,1.0,1.0,?,1.0,1.7976931348623157E308,?,1.0,1.0,370000.0,17112.0
371000.0,5.381492637,2.382325784726068E-8,371000.0,1.0,1.0,1.0,?,1.0,1.7976931348623157E308,?,1.0,1.0,371000.0,17112.0
372000.0,5.395046543,2.3883259452624863E-8,372000.0,1.0,1.0,1.0,?,1.0,1.7976931348623157E308,?,1.0,1.0,372000.0,17112.0
373000.0,5.408732014,2.3943843481329575E-8,373000.0,1.0,1.0,1.0,?,1.0,1.7976931348623157E308,?,1.0,1.0,373000.0,17112.0
374000.0,5.422689309,2.4005630844067777E-8,374000.0,1.0,1.0,1.0,?,1.0,1.7976931348623157E308,?,1.0,1.0,374000.0,17112.0
375000.0,5.436954039,2.4068779186699536E-8,375000.0,1.0,1.0,1.0,?,1.0,1.7976931348623157E308,?,1.0,1.0,375000.0,17112.0
376000.0,5.450187836,2.4127363705808916E-8,376000.0,1.0,1.0,1.0,?,1.0,1.7976931348623157E308,?,1.0,1.0,376000.0,17112.0
377000.0,5.463734821,2.4187334672690678E-8,377000.0,1.0,1.0,1.0,?,1.0,1.7976931348623157E308,?,1.0,1.0,377000.0,17112.0
378000.0,5.476748157,2.4244943235944953E-8,378000.0,1.0,1.0,1.0,?,1.0,1.7976931348623157E308,?,1.0,1.0,378000.0,17112.0
379000.0,5.486293063,2.4287197452777373E-8,379000.0,1.0,1.0,1.0,?,1.0,1.7976931348623157E308,?,1.0,1.0,379000.0,17112.0
380000.0,5.493530025,2.4319234663154928E-8,380000.0,1.0,1.0,1.0,?,1.0,1.7976931348623157E308,?,1.0,1.0,380000.0,17112.0
381000.0,5.504824887,2.4369235736820845E-8,381000.0,1.0,1.0,1.0,?,1.0,1.7976931348623157E308,?,1.0,1.0,381000.0,17112.0
382000.0,5.512635707,2.440381335151071E-8,382000.0,1.0,1.0,1.0,?,1.0,1.7976931348623157E308,?,1.0,1.0,382000.0,17112.0
383000.0,5.52613717,2.4463582797658936E-8,383000.0,1.0,1.0,1.0,?,1.0,1.7976931348623157E308,?,1.0,1.0,383000.0,17112.0
384000.0,5.541121792,2.45299180205663E-8,384000.0,1.0,1.0,1.0,?,1.0,1.7976931348623157E308,?,1.0,1.0,384000.0,17112.0
385000.0,5.555232892,2.459238626060386E-8,385000.0,0.5,-0.5,0.9999,0.0,1.0,9999.0,0.0,1.0,0.9827044025157253,385000.0,17112.0
386000.0,5.56985051,2.465709679840753E-8,386000.0,0.5,-0.5,0.9999,0.0,1.0,9999.0,0.0,1.0,0.9826594788858958,386000.0,17112.0
387000.0,5.585698582,2.472725441658248E-8,387000.0,0.5,-0.5,0.9999,0.0,1.0,9999.0,0.0,1.0,0.9826145552560667,387000.0,17112.0
388000.0,5.602585333,2.4802010148943705E-8,388000.0,0.5,-0.5,0.9999,0.0,1.0,9999.0,0.0,1.0,0.9825696316262373,388000.0,17112.0
389000.0,5.618627692,2.4873027853642894E-8,389000.0,0.5,-0.5,0.9999,0.0,1.0,9999.0,0.0,1.0,0.9825247079964079,389000.0,17112.0
390000.0,5.63428924,2.4942359751214576E-8,390000.0,0.5,-0.5,0.9999,0.0,1.0,9999.0,0.0,1.0,0.9824797843665787,390000.0,17112.0
391000.0,5.653392139,2.5026926119544846E-8,391000.0,0.5,-0.5,0.9999,0.0,0.5,9999.0,0.0,1.0,0.9824348607367495,391000.0,17112.0
392000.0,5.669473572,2.5098116800412527E-8,392000.0,0.5,-0.5,0.9999,0.0,0.5,9999.0,0.0,1.0,0.9823899371069201,392000.0,17112.0
393000.0,5.685081459,2.5167211146820328E-8,393000.0,0.5,-0.5,0.9999,0.0,0.5,9999.0,0.0,1.0,0.9823450134770907,393000.0,17112.0
394000.0,5.699875906,2.5232704486561308E-8,394000.0,0.5,-0.5,0.9999,0.0,0.5,9999.0,0.0,1.0,0.9823000898472616,394000.0,17112.0
395000.0,5.714381116,2.5296917406891773E-8,395000.0,1.0,1.0,1.0,?,0.5,1.7976931348623157E308,?,1.0,1.0,395000.0,17112.0
396000.0,5.727899213,2.5356760489872336E-8,396000.0,1.0,1.0,1.0,?,0.5,1.7976931348623157E308,?,1.0,1.0,396000.0,17112.0
397000.0,5.741231783,2.541578226585561E-8,397000.0,1.0,1.0,1.0,?,0.5,1.7976931348623157E308,?,1.0,1.0,397000.0,17112.0
398000.0,5.754655195,2.5475206189074854E-8,398000.0,1.0,1.0,1.0,?,0.5,1.7976931348623157E308,?,1.0,1.0,398000.0,17112.0
399000.0,5.768898533,2.5538259831747652E-8,399000.0,1.0,1.0,1.0,?,0.5,1.7976931348623157E308,?,1.0,1.0,399000.0,17112.0
400000.0,5.783729186,2.5603913451346248E-8,400000.0,1.0,1.0,1.0,?,0.5,1.7976931348623157E308,?,1.0,1.0,400000.0,17112.0
401000.0,5.800510017,2.567820028787478E-8,401000.0,1.0,1.0,1.0,?,1.0,1.7976931348623157E308,?,1.0,1.0,401000.0,17112.0
402000.0,5.813099063,2.5733930567397416E-8,402000.0,1.0,1.0,1.0,?,1.0,1.7976931348623157E308,?,1.0,1.0,402000.0,17112.0
403000.0,5.825767957,2.5790014324964325E-8,403000.0,1.0,1.0,1.0,?,1.0,1.7976931348623157E308,?,1.0,1.0,403000.0,17112.0
404000.0,5.838624003,2.584692658321931E-8,404000.0,1.0,1.0,1.0,?,1.0,1.7976931348623157E308,?,1.0,1.0,404000.0,17112.0
405000.0,5.851697245,2.5904800343544525E-8,405000.0,1.0,1.0,1.0,?,1.0,1.7976931348623157E308,?,1.0,1.0,405000.0,17112.0
406000.0,5.864756946,2.5962614159397772E-8,406000.0,1.0,1.0,1.0,?,1.0,1.7976931348623157E308,?,1.0,1.0,406000.0,17112.0
407000.0,5.877776801,2.602025158152604E-8,407000.0,1.0,1.0,1.0,?,1.0,1.7976931348623157E308,?,1.0,1.0,407000.0,17112.0
408000.0,5.892429425,2.608511708692336E-8,408000.0,1.0,1.0,1.0,?,1.0,1.7976931348623157E308,?,1.0,1.0,408000.0,17112.0
409000.0,5.90661477,2.614791400115936E-8,409000.0,1.0,1.0,1.0,?,1.0,1.7976931348623157E308,?,1.0,1.0,409000.0,17112.0
410000.0,5.919758526,2.6206099918968966E-8,410000.0,1.0,1.0,1.0,?,1.0,1.7976931348623157E308,?,1.0,1.0,410000.0,17112.0
411000.0,5.935137756,2.627418202675878E-8,411000.0,0.5,-0.5,0.9999,0.0,1.0,9999.0,0.0,1.0,0.9815446789402805,411000.0,17112.0
412000.0,5.948953069,2.6335340851278346E-8,412000.0,0.5,-0.5,0.9998,0.0,1.0,4999.0,0.0,1.0,0.9630161579892318,412000.0,17112.0
413000.0,5.962756843,2.6396448593952993E-8,413000.0,0.5,-0.5,0.9998,0.0,1.0,4999.0,0.0,1.0,0.9629263913824102,413000.0,17112.0
414000.0,5.97664294,2.6457920771216344E-8,414000.0,0.5,-0.5,0.9998,0.0,1.0,4999.0,0.0,1.0,0.9628366247755875,414000.0,17112.0
415000.0,5.990820958,2.6520685249653947E-8,415000.0,0.5,-0.5,0.9998,0.0,1.0,4999.0,0.0,1.0,0.9627468581687655,415000.0,17112.0
416000.0,6.005037691,2.658362111500774E-8,416000.0,0.5,-0.5,0.9998,0.0,1.0,4999.0,0.0,1.0,0.9626570915619428,416000.0,17112.0
417000.0,6.020124356,2.6650408070708307E-8,417000.0,0.5,-0.5,0.9998,0.0,1.0,4999.0,0.0,1.0,0.9625673249551212,417000.0,17112.0
418000.0,6.035160206,2.6716970074164363E-8,418000.0,0.5,-0.5,0.9998,0.0,1.0,4999.0,0.0,1.0,0.9624775583482985,418000.0,17112.0
419000.0,6.049270219,2.677943350217615E-8,419000.0,0.5,-0.5,0.9998,0.0,1.0,4999.0,0.0,1.0,0.962387791741476,419000.0,17112.0
420000.0,6.063225919,2.6841213804030164E-8,420000.0,0.5,-0.5,0.9998,0.0,1.0,4999.0,0.0,1.0,0.9622980251346542,420000.0,17112.0
421000.0,6.08121414,2.6920845619216554E-8,421000.0,0.5,-0.5,0.9999,0.0,0.5,9999.0,0.0,1.0,0.9811041292639161,421000.0,17112.0
422000.0,6.095548606,2.69843026752149E-8,422000.0,1.0,1.0,1.0,?,0.5,1.7976931348623157E308,?,1.0,1.0,422000.0,17112.0
423000.0,6.109440544,2.70458007099231E-8,423000.0,1.0,1.0,1.0,?,0.5,1.7976931348623157E308,?,1.0,1.0,423000.0,17112.0
424000.0,6.123708961,2.7108965374485892E-8,424000.0,1.0,1.0,1.0,?,0.5,1.7976931348623157E308,?,1.0,1.0,424000.0,17112.0
425000.0,6.138208585,2.7173153566227596E-8,425000.0,1.0,1.0,1.0,?,0.5,1.7976931348623157E308,?,1.0,1.0,425000.0,17112.0
426000.0,6.152284097,2.723546426222348E-8,426000.0,1.0,1.0,1.0,?,0.5,1.7976931348623157E308,?,1.0,1.0,426000.0,17112.0
427000.0,6.167672856,2.730358855381607E-8,427000.0,1.0,1.0,1.0,?,0.5,1.7976931348623157E308,?,1.0,1.0,427000.0,17112.0
428000.0,6.1820808,2.7367370888590804E-8,428000.0,1.0,1.0,1.0,?,0.5,1.7976931348623157E308,?,1.0,1.0,428000.0,17112.0
429000.0,6.19618438,2.7429805838440846E-8,429000.0,1.0,1.0,1.0,?,0.5,1.7976931348623157E308,?,1.0,1.0,429000.0,17112.0
430000.0,6.210022385,2.7491065117872E-8,430000.0,1.0,1.0,1.0,?,0.5,1.7976931348623157E308,?,1.0,1.0,430000.0,17112.0
431000.0,6.223144122,2.7549153560064723E-8,431000.0,1.0,1.0,1.0,?,1.0,1.7976931348623157E308,?,1.0,1.0,431000.0,17112.0
432000.0,6.230700143,2.7582603208466113E-8,432000.0,1.0,1.0,1.0,?,1.0,1.7976931348623157E308,?,1.0,1.0,432000.0,17112.0
433000.0,6.238186821,2.7615745883267364E-8,433000.0,1.0,1.0,1.0,?,1.0,1.7976931348623157E308,?,1.0,1.0,433000.0,17112.0
434000.0,6.245757233,2.764925923899436E-8,434000.0,1.0,1.0,1.0,?,1.0,1.7976931348623157E308,?,1.0,1.0,434000.0,17112.0
435000.0,6.253285908,2.7682587829753748E-8,435000.0,1.0,1.0,1.0,?,1.0,1.7976931348623157E308,?,1.0,1.0,435000.0,17112.0
436000.0,6.260651128,2.7715192823757718E-8,436000.0,1.0,1.0,1.0,?,1.0,1.7976931348623157E308,?,1.0,1.0,436000.0,17112.0
437000.0,6.268215695,2.7748680304332317E-8,437000.0,1.0,1.0,1.0,?,1.0,1.7976931348623157E308,?,1.0,1.0,437000.0,17112.0
438000.0,6.278535324,2.7794364132061593E-8,438000.0,1.0,1.0,1.0,?,1.0,1.7976931348623157E308,?,1.0,1.0,438000.0,17112.0
439000.0,6.29312189,2.785893720618138E-8,439000.0,1.0,1.0,1.0,?,1.0,1.7976931348623157E308,?,1.0,1.0,439000.0,17112.0
440000.0,6.30691843,2.792001292475809E-8,440000.0,1.0,1.0,1.0,?,1.0,1.7976931348623157E308,?,1.0,1.0,440000.0,17112.0
441000.0,6.32410062,2.7996076532080762E-8,441000.0,1.0,1.0,1.0,?,1.0,1.7976931348623157E308,?,1.0,1.0,441000.0,17112.0
442000.0,6.337682437,2.80562016962779E-8,442000.0,1.0,1.0,1.0,?,1.0,1.7976931348623157E308,?,1.0,1.0,442000.0,17112.0
443000.0,6.351113853,2.8115661052297792E-8,443000.0,1.0,1.0,1.0,?,1.0,1.7976931348623157E308,?,1.0,1.0,443000.0,17112.0
444000.0,6.364770154,2.8176115948719273E-8,444000.0,1.0,1.0,1.0,?,1.0,1.7976931348623157E308,?,1.0,1.0,444000.0,17112.0
445000.0,6.378590119,2.823729536711548E-8,445000.0,1.0,1.0,1.0,?,1.0,1.7976931348623157E308,?,1.0,1.0,445000.0,17112.0
446000.0,6.392256277,2.8297793899358553E-8,446000.0,1.0,1.0,1.0,?,1.0,1.7976931348623157E308,?,1.0,1.0,446000.0,17112.0
447000.0,6.407707022,2.8366192595946285E-8,447000.0,1.0,1.0,1.0,?,1.0,1.7976931348623157E308,?,1.0,1.0,447000.0,17112.0
448000.0,6.422796539,2.8432992177127544E-8,448000.0,1.0,1.0,1.0,?,1.0,1.7976931348623157E308,?,1.0,1.0,448000.0,17112.0
449000.0,6.436842384,2.849517154067754E-8,449000.0,1.0,1.0,1.0,?,1.0,1.7976931348623157E308,?,1.0,1.0,449000.0,17112.0
450000.0,6.450745706,2.855671997106323E-8,450000.0,1.0,1.0,1.0,?,1.0,1.7976931348623157E308,?,1.0,1.0,450000.0,17112.0
451000.0,6.461400983,2.8603889674438778E-8,451000.0,1.0,1.0,1.0,?,1.0,1.7976931348623157E308,?,1.0,1.0,451000.0,17112.0
452000.0,6.468791982,2.863660878915339E-8,452000.0,0.5,-0.5,0.9998,0.0,1.0,4999.0,0.0,1.0,0.9594618834080758,452000.0,17112.0
453000.0,6.476798709,2.867205366192385E-8,453000.0,0.5,-0.5,0.9998,0.0,1.0,4999.0,0.0,1.0,0.9593721973094211,453000.0,17112.0
454000.0,6.484949739,2.8708137347716834E-8,454000.0,0.5,-0.5,0.9998,0.0,1.0,4999.0,0.0,1.0,0.9592825112107669,454000.0,17112.0
455000.0,6.493344072,2.8745298108309503E-8,455000.0,0.5,-0.5,0.9998,0.0,1.0,4999.0,0.0,1.0,0.9591928251121122,455000.0,17112.0
456000.0,6.501851705,2.8782960435158257E-8,456000.0,0.5,-0.5,0.9998,0.0,1.0,4999.0,0.0,1.0,0.9591031390134578,456000.0,17112.0
457000.0,6.513657787,2.8835224621811256E-8,457000.0,0.5,-0.5,0.9998,0.0,1.0,4999.0,0.0,1.0,0.9590134529148032,457000.0,17112.0
458000.0,6.529544728,2.8905554308642938E-8,458000.0,0.5,-0.5,0.9998,0.0,1.0,4999.0,0.0,1.0,0.958923766816148,458000.0,17112.0
459000.0,6.544822852,2.897318883163233E-8,459000.0,0.5,-0.5,0.9998,0.0,1.0,4999.0,0.0,1.0,0.9588340807174933,459000.0,17112.0
460000.0,6.55999225,2.904034203694512E-8,460000.0,0.5,-0.5,0.9998,0.0,1.0,4999.0,0.0,1.0,0.9587443946188389,460000.0,17112.0
461000.0,6.578009665,2.912010309066002E-8,461000.0,0.5,-0.5,0.9998,0.0,0.5,4999.0,0.0,1.0,0.9586547085201844,461000.0,17112.0
462000.0,6.592392309,2.918377342520281E-8,462000.0,1.0,1.0,1.0,?,0.5,1.7976931348623157E308,?,1.0,1.0,462000.0,17112.0
463000.0,6.606674362,2.9246998454791795E-8,463000.0,1.0,1.0,1.0,?,0.5,1.7976931348623157E308,?,1.0,1.0,463000.0,17112.0
464000.0,6.621375014,2.9312076574700564E-8,464000.0,1.0,1.0,1.0,?,0.5,1.7976931348623157E308,?,1.0,1.0,464000.0,17112.0
465000.0,6.636837647,2.938052789811665E-8,465000.0,1.0,1.0,1.0,?,0.5,1.7976931348623157E308,?,1.0,1.0,465000.0,17112.0
466000.0,6.651763256,2.9446601877162846E-8,466000.0,1.0,1.0,1.0,?,0.5,1.7976931348623157E308,?,1.0,1.0,466000.0,17112.0
467000.0,6.666159405,2.9510331996809684E-8,467000.0,1.0,1.0,1.0,?,0.5,1.7976931348623157E308,?,1.0,1.0,467000.0,17112.0
468000.0,6.68056521,2.95741048624739E-8,468000.0,1.0,1.0,1.0,?,0.5,1.7976931348623157E308,?,1.0,1.0,468000.0,17112.0
469000.0,6.693290363,2.9630437672256174E-8,469000.0,1.0,1.0,1.0,?,0.5,1.7976931348623157E308,?,1.0,1.0,469000.0,17112.0
470000.0,6.706115591,2.9687213502718747E-8,470000.0,1.0,1.0,1.0,?,0.5,1.7976931348623157E308,?,1.0,1.0,470000.0,17112.0
471000.0,6.722142031,2.9758160735809546E-8,471000.0,1.0,1.0,1.0,?,1.0,1.7976931348623157E308,?,1.0,1.0,471000.0,17112.0
472000.0,6.7322983,2.980312138733764E-8,472000.0,1.0,1.0,1.0,?,1.0,1.7976931348623157E308,?,1.0,1.0,472000.0,17112.0
473000.0,6.745811065,2.986294086615865E-8,473000.0,1.0,1.0,1.0,?,1.0,1.7976931348623157E308,?,1.0,1.0,473000.0,17112.0
474000.0,6.758153494,2.991757940017928E-8,474000.0,1.0,1.0,1.0,?,1.0,1.7976931348623157E308,?,1.0,1.0,474000.0,17112.0
475000.0,6.769016111,2.996566697423035E-8,475000.0,1.0,1.0,1.0,?,1.0,1.7976931348623157E308,?,1.0,1.0,475000.0,17112.0
476000.0,6.780630853,3.001708412039403E-8,476000.0,1.0,1.0,1.0,?,1.0,1.7976931348623157E308,?,1.0,1.0,476000.0,17112.0
477000.0,6.788217041,3.005066731468463E-8,477000.0,1.0,1.0,1.0,?,1.0,1.7976931348623157E308,?,1.0,1.0,477000.0,17112.0
478000.0,6.795931874,3.008482000580677E-8,478000.0,1.0,1.0,1.0,?,1.0,1.7976931348623157E308,?,1.0,1.0,478000.0,17112.0
479000.0,6.803542815,3.011851277882232E-8,479000.0,1.0,1.0,1.0,?,1.0,1.7976931348623157E308,?,1.0,1.0,479000.0,17112.0
480000.0,6.811515036,3.015380489744245E-8,480000.0,1.0,1.0,1.0,?,1.0,1.7976931348623157E308,?,1.0,1.0,480000.0,17112.0
481000.0,6.821198255,3.019667141024643E-8,481000.0,1.0,1.0,1.0,?,1.0,1.7976931348623157E308,?,1.0,1.0,481000.0,17112.0
482000.0,6.829775495,3.02346418793934E-8,482000.0,1.0,1.0,1.0,?,1.0,1.7976931348623157E308,?,1.0,1.0,482000.0,17112.0
483000.0,6.838514112,3.0273326746225346E-8,483000.0,1.0,1.0,1.0,?,1.0,1.7976931348623157E308,?,1.0,1.0,483000.0,17112.0
484000.0,6.846991206,3.0310853880383065E-8,484000.0,1.0,1.0,1.0,?,1.0,1.7976931348623157E308,?,1.0,1.0,484000.0,17112.0
485000.0,6.857256643,3.035629780627165E-8,485000.0,1.0,1.0,1.0,?,1.0,1.7976931348623157E308,?,1.0,1.0,485000.0,17112.0
486000.0,6.871334395,3.041861841849361E-8,486000.0,0.9921568627450981,0.9764705882352942,0.9996,0.9918896834746227,1.0,38.21568627450981,0.992125861718258,1.0,0.9217706237424629,486000.0,17112.0
487000.0,6.884360756,3.0476284641946345E-8,487000.0,0.9948520686808298,0.9847188452865824,0.9992,0.9915789491412736,1.0,18.960079840319363,0.99484033356363,0.9996841772818191,0.8573416331014226,487000.0,17112.0
488000.0,6.892367993,3.051173177242899E-8,488000.0,0.9944836088429521,0.9839929573425,0.9985,0.9843145259619698,1.0,18.960079840319363,0.9944735914527953,0.9989472576060638,0.7319663127059786,488000.0,17112.0
489000.0,6.906163202,3.057280159881959E-8,489000.0,0.994220423244468,0.9834744659538698,0.998,0.9791839656585392,1.0,18.960079840319363,0.9942115499759654,0.9984208864090957,0.6418894177956798,489000.0,17112.0
490000.0,6.921483143,3.064062124092752E-8,490000.0,0.9932729550899254,0.9816078969548008,0.9962,0.9611051938691137,1.0,18.960079840319363,0.9932676282536028,0.9965259501000105,0.318198462101783,490000.0,17112.0
491000.0,6.939015107,3.0718233258097115E-8,491000.0,0.9932729550899254,0.9816078969548008,0.9962,0.9611051938691137,0.9932729550899254,18.960079840319363,0.9932676282536028,0.9965259501000105,0.3168070303917968,491000.0,17112.0
492000.0,6.947664914,3.075652497312674E-8,492000.0,0.9931676808505318,0.9814005003993487,0.996,0.9591333741590925,0.9932729550899254,18.960079840319363,0.9931626926843223,0.9963154016212233,0.27938484071768704,492000.0,17112.0
493000.0,6.962424828,3.082186543919145E-8,493000.0,0.9930624066111382,0.9811931038438966,0.9958,0.9571687918764292,0.9932729550899254,18.960079840319363,0.9930577460265891,0.996104853142436,0.24181618454778203,493000.0,17112.0
494000.0,6.977181976,3.088719366048772E-8,494000.0,0.9929571323717445,0.9809857072884445,0.9956,0.9552114072474055,0.9932729550899254,18.960079840319363,0.9929527882768877,0.9958943046636488,0.20410106188210675,494000.0,17112.0
495000.0,6.992075174,3.095312415971109E-8,495000.0,0.9929571323717445,0.9809857072884445,0.9956,0.9552114072474055,0.9932729550899254,18.960079840319363,0.9929527882768877,0.9958943046636488,0.20248993042841912,495000.0,17112.0
496000.0,7.00780959,3.102277863565831E-8,496000.0,0.9959682998511347,0.989928459618818,0.996,0.9224847062325396,0.9932729550899254,39.65040650406504,0.9959682992930903,0.9960016403526758,0.273526180886123,496000.0,17112.0
497000.0,7.023554692,3.1092480417316145E-8,497000.0,1.0,1.0,0.9963,0.0,0.9932729550899254,1.7976931348623157E308,?,0.9963,0.3266569022336108,497000.0,17112.0
498000.0,7.037468012,3.115407310771444E-8,498000.0,1.0,1.0,0.9968,0.0,0.9932729550899254,1.7976931348623157E308,?,0.9968,0.41647748077627744,498000.0,17112.0
499000.0,7.05123199,3.121500467800844E-8,499000.0,1.0,1.0,0.9973,0.0,0.9932729550899254,1.7976931348623157E308,?,0.9973,0.5066642255583998,499000.0,17112.0
500000.0,7.063910439,3.1271130734477175E-8,500000.0,1.0,1.0,0.9991,0.0,0.9932729550899254,1.7976931348623157E308,?,0.9991,0.8352251922372725,500000.0,17112.0
501000.0,7.079515912,3.1340214394380635E-8,501000.0,1.0,1.0,0.9991,0.0,1.0,1.7976931348623157E308,?,0.9991,0.8348956426217486,501000.0,17112.0
502000.0,7.091418871,3.139290744453046E-8,502000.0,1.0,1.0,0.9993,0.0,1.0,1.7976931348623157E308,?,0.9993,0.8713291834492806,502000.0,17112.0
503000.0,7.103212507,3.144511653415236E-8,503000.0,1.0,1.0,0.9995,0.0,1.0,1.7976931348623157E308,?,0.9995,0.9079091907726217,503000.0,17112.0
504000.0,7.115452495,3.149930157347891E-8,504000.0,1.0,1.0,0.9997,0.0,1.0,1.7976931348623157E308,?,0.9997,0.9446356645917307,504000.0,17112.0
505000.0,7.129435389,3.1561202260088155E-8,505000.0,1.0,1.0,0.9997,0.0,1.0,1.7976931348623157E308,?,0.9997,0.9445258147198887,505000.0,17112.0
506000.0,7.14463292,3.162848000700273E-8,506000.0,1.0,1.0,0.9997,0.0,1.0,1.7976931348623157E308,?,0.9997,0.9444159648480471,506000.0,17112.0
507000.0,7.159084976,3.169245762060084E-8,507000.0,1.0,1.0,0.9998,0.0,1.0,1.7976931348623157E308,?,0.9998,0.9628707433174702,507000.0,17112.0
508000.0,7.172667897,3.1752587672080824E-8,508000.0,1.0,1.0,1.0,?,1.0,1.7976931348623157E308,?,1.0,1.0,508000.0,17112.0
509000.0,7.185665315,3.1810125768153595E-8,509000.0,1.0,1.0,1.0,?,1.0,1.7976931348623157E308,?,1.0,1.0,509000.0,17112.0
510000.0,7.199017606,3.186923484676826E-8,510000.0,1.0,1.0,1.0,?,1.0,1.7976931348623157E308,?,1.0,1.0,510000.0,17112.0
511000.0,7.215782991,3.1943453305605774E-8,511000.0,1.0,1.0,1.0,?,1.0,1.7976931348623157E308,?,1.0,1.0,511000.0,17112.0
512000.0,7.229487938,3.200412355235465E-8,512000.0,1.0,1.0,1.0,?,1.0,1.7976931348623157E308,?,1.0,1.0,512000.0,17112.0
513000.0,7.245781157,3.207625178583585E-8,513000.0,1.0,1.0,1.0,?,1.0,1.7976931348623157E308,?,1.0,1.0,513000.0,17112.0
514000.0,7.259898078,3.2138745794780526E-8,514000.0,1.0,1.0,1.0,?,1.0,1.7976931348623157E308,?,1.0,1.0,514000.0,17112.0
515000.0,7.272735861,3.2195577204804844E-8,515000.0,1.0,1.0,1.0,?,1.0,1.7976931348623157E308,?,1.0,1.0,515000.0,17112.0
516000.0,7.280757942,3.223109004799274E-8,516000.0,0.8787128712871287,0.6361386138613861,0.9951,0.859525920047887,1.0,48.504950495049506,0.8703020984544719,1.0,0.1379474940334049,516000.0,17112.0
517000.0,7.290426338,3.227389094105609E-8,517000.0,0.8787128712871287,0.6361386138613861,0.9951,0.859525920047887,1.0,48.504950495049506,0.8703020984544719,1.0,0.13627684964200684,517000.0,17112.0
518000.0,7.300856948,3.232006606909134E-8,518000.0,0.8787128712871287,0.6361386138613861,0.9951,0.859525920047887,1.0,48.504950495049506,0.8703020984544719,1.0,0.13460620525059952,518000.0,17112.0
519000.0,7.309280371,3.235735560781631E-8,519000.0,0.8787128712871287,0.6361386138613861,0.9951,0.859525920047887,1.0,48.504950495049506,0.8703020984544719,1.0,0.13293556085918828,519000.0,17112.0
520000.0,7.318479436,3.239807882574696E-8,520000.0,0.8787128712871287,0.6361386138613861,0.9951,0.859525920047887,1.0,48.504950495049506,0.8703020984544719,1.0,0.13126491646778002,520000.0,17112.0
521000.0,7.328713826,3.24433853100861E-8,521000.0,0.8787128712871287,0.6361386138613861,0.9951,0.859525920047887,0.8787128712871287,48.504950495049506,0.8703020984544719,1.0,0.12959427207636856,521000.0,17112.0
522000.0,7.337442241,3.2482025013820564E-8,522000.0,0.8799019607843137,0.6397058823529411,0.9951,0.8610622781249639,0.8787128712871287,48.01960784313726,0.8716673227605973,1.0,0.12851788756387345,522000.0,17112.0
523000.0,7.346852185,3.2523681769178544E-8,523000.0,0.8799019607843137,0.6397058823529411,0.9951,0.8610622781249639,0.8787128712871287,48.01960784313726,0.8716673227605973,1.0,0.12684838160135858,523000.0,17112.0
524000.0,7.35603174,3.256431861855088E-8,524000.0,0.8799019607843137,0.6397058823529411,0.9951,0.8610622781249639,0.8787128712871287,48.01960784313726,0.8716673227605973,1.0,0.12517887563883076,524000.0,17112.0
525000.0,7.365278133,3.260525135217233E-8,525000.0,0.8799019607843137,0.6397058823529411,0.9951,0.8610622781249639,0.8787128712871287,48.01960784313726,0.8716673227605973,1.0,0.1235093696763105,525000.0,17112.0
526000.0,7.374395,3.26456106888751E-8,526000.0,0.875,0.625,0.9999,0.8570938607522384,0.8787128712871287,2499.0,0.8660254037844386,1.0,0.9820905686074246,526000.0,17112.0
527000.0,7.383381674,3.2685393675925814E-8,527000.0,0.875,0.625,0.9999,0.8570938607522384,0.8787128712871287,2499.0,0.8660254037844386,1.0,0.9820565202587692,527000.0,17112.0
528000.0,7.392565612,3.2726049928342284E-8,528000.0,0.875,0.625,0.9999,0.8570938607522384,0.8787128712871287,2499.0,0.8660254037844386,1.0,0.9820224719101144,528000.0,17112.0
529000.0,7.401325182,3.2764827551729955E-8,529000.0,0.875,0.625,0.9999,0.8570938607522384,0.8787128712871287,2499.0,0.8660254037844386,1.0,0.9819884235614591,529000.0,17112.0
530000.0,7.410396008,3.280498307014503E-8,530000.0,0.8749499799919968,0.624937474989996,0.9998,0.7498999599839768,0.8787128712871287,2499.0,0.8659820841033579,0.9998999599839936,0.9639087504256083,530000.0,17112.0
531000.0,7.420048267,3.2847712526538694E-8,531000.0,0.8749499799919968,0.624937474989996,0.9998,0.7498999599839768,0.8749499799919968,2499.0,0.8659820841033579,0.9998999599839936,0.9638406537282979,531000.0,17112.0
532000.0,7.428523485,3.288523135585708E-8,532000.0,0.7499499899979996,0.24997499499899983,0.9998,0.49989997999605185,0.8749499799919968,4999.0,0.7070714178907246,0.9998999799959992,0.9637725570309877,532000.0,17112.0
533000.0,7.436897875,3.292230383104953E-8,533000.0,0.8746998799519808,0.624624849939976,0.9993,0.46124007142410695,0.8749499799919968,2499.0,0.8657654531846204,0.9993997599039616,0.8730520585233,533000.0,17112.0
534000.0,7.445547092,3.296059293421604E-8,534000.0,0.8746998799519808,0.624624849939976,0.9993,0.46124007142410695,0.8749499799919968,2499.0,0.8657654531846204,0.9993997599039616,0.872813882272876,534000.0,17112.0
535000.0,7.454276848,3.2999238574405487E-8,535000.0,0.8746998799519808,0.624624849939976,0.9993,0.46124007142410695,0.8749499799919968,2499.0,0.8657654531846204,0.9993997599039616,0.8725757060224496,535000.0,17112.0
536000.0,7.464102694,3.304273648076999E-8,536000.0,0.9996498949684905,0.9992997899369811,0.9993,0.46128982607357183,0.8749499799919968,3332.3333333333335,0.9996498336602578,0.9992997899369811,0.8723809523809457,536000.0,17112.0
537000.0,7.474104493,3.3087013311119104E-8,537000.0,0.9996498949684905,0.9992997899369811,0.9993,0.46128982607357183,0.8749499799919968,3332.3333333333335,0.9996498336602578,0.9992997899369811,0.8721428571428504,537000.0,17112.0
538000.0,7.484354688,3.3132389762401554E-8,538000.0,0.9995998799639892,0.9991997599279784,0.9992,0.42830191375931553,0.8749499799919968,3332.3333333333335,0.9995997998839228,0.9991997599279784,0.8536054421768663,538000.0,17112.0
539000.0,7.493234786,3.3171700949581934E-8,539000.0,0.9995998799639892,0.9991997599279784,0.9992,0.42830191375931553,0.8749499799919968,3332.3333333333335,0.9995997998839228,0.9991997599279784,0.8533333333333301,539000.0,17112.0
540000.0,7.502540747,3.3212897383986635E-8,540000.0,0.9996498949684905,0.9992997899369811,0.9993,0.46128982607357183,0.8749499799919968,3332.3333333333335,0.9996498336602578,0.9992997899369811,0.8714285714285659,540000.0,17112.0
541000.0,7.513543642,3.326160595284151E-8,541000.0,0.9996498949684905,0.9992997899369811,0.9993,0.46128982607357183,0.9996498949684905,3332.3333333333335,0.9996498336602578,0.9992997899369811,0.8711904761904689,541000.0,17112.0
542000.0,7.525011385,3.3312372351096295E-8,542000.0,0.9996498949684905,0.9992997899369811,0.9993,0.46128982607357183,0.9996498949684905,3332.3333333333335,0.9996498336602578,0.9992997899369811,0.8709523809523758,542000.0,17112.0
543000.0,7.539289235,3.337557877448074E-8,543000.0,0.9998999899989999,0.9997999799979999,0.9998,0.4999249887482129,0.9996498949684905,9999.0,0.9998999849974995,0.9997999799979999,0.9630612244897999,543000.0,17112.0
544000.0,7.553971496,3.344057547951735E-8,544000.0,0.9998999899989999,0.9997999799979999,0.9998,0.4999249887482129,0.9996498949684905,9999.0,0.9998999849974995,0.9997999799979999,0.9629931972789154,544000.0,17112.0
545000.0,7.569440795,3.350905631255976E-8,545000.0,0.999740502387378,0.9994810047747561,0.9995,0.9929561869191327,0.9996498949684905,26.3224043715847,0.9997404687091326,0.9994810047747561,0.9175491679273925,545000.0,17112.0
546000.0,7.585653183,3.358082671636712E-8,546000.0,0.9997924234561495,0.9995848469122989,0.9996,0.9943427954793285,0.9996498949684905,26.397260273972602,0.9997924019076655,0.9995848469122989,0.9339183055975867,546000.0,17112.0
547000.0,7.60042146,3.3646204204484786E-8,547000.0,0.9997871661168458,0.9995743322336916,0.9996,0.9964813381611723,0.9996498949684905,15.583747927031508,0.9997871434628931,0.9995743322336916,0.9382444256280057,547000.0,17112.0
548000.0,7.61143346,3.3694953080142505E-8,548000.0,0.9996807491752687,0.9993614983505374,0.9994,0.9947301605035012,0.9996498949684905,15.583747927031508,0.9996806981984485,0.9993614983505374,0.9071972904318308,548000.0,17112.0
549000.0,7.619831862,3.37321318537369E-8,549000.0,0.9994679152921145,0.998935830584229,0.999,0.991243986150788,0.9996498949684905,15.583747927031508,0.9994677736596758,0.998935830584229,0.8450465707027953,549000.0,17112.0
550000.0,7.628308941,3.376965892149132E-8,550000.0,0.9994679152921145,0.998935830584229,0.999,0.991243986150788,0.9996498949684905,15.583747927031508,0.9994677736596758,0.998935830584229,0.8447643240191934,550000.0,17112.0
551000.0,7.639039834,3.381716336832689E-8,551000.0,0.9994679152921145,0.998935830584229,0.999,0.991243986150788,0.9994679152921145,15.583747927031508,0.9994677736596758,0.998935830584229,0.8444820773355911,551000.0,17112.0
552000.0,7.646961975,3.385223378846419E-8,552000.0,0.9769860386820056,0.9316365683704051,0.9953,0.9677209596462544,0.9994679152921145,11.453300124533001,0.9767423909017056,0.9988039578123301,0.3068661501469378,552000.0,17112.0
553000.0,7.655289964,3.388910085168975E-8,553000.0,0.9762288492292777,0.9295528393266378,0.9949,0.9650544958007838,0.9994679152921145,11.437810945273633,0.975975286164109,0.9984775989560678,0.24671474358974074,553000.0,17112.0
554000.0,7.663667823,3.3926188683751944E-8,554000.0,0.9762288492292777,0.9295528393266378,0.9949,0.9650544958007838,0.9994679152921145,11.437810945273633,0.975975286164109,0.9984775989560678,0.24535256410255943,554000.0,17112.0
555000.0,7.672216705,3.396403361524763E-8,555000.0,0.9572835162971058,0.8725712539004437,0.9952,0.94115762083589,0.9994679152921145,21.779043280182233,0.9563806774382562,0.9988494927308859,0.28846153846153055,555000.0,17112.0
556000.0,7.681384006,3.4004616217551104E-8,556000.0,0.9572835162971058,0.8725712539004437,0.9952,0.94115762083589,0.9994679152921145,21.779043280182233,0.9563806774382562,0.9988494927308859,0.28717948717948044,556000.0,17112.0
557000.0,7.694313326,3.40618528514976E-8,557000.0,0.9073989172415299,0.7230679950588927,0.9952,0.869906359681812,0.9994679152921145,48.75124378109453,0.9027759830269624,0.9988774364731094,0.28589743589743655,557000.0,17112.0
558000.0,7.70957574,3.4129417828097914E-8,558000.0,0.9078545025353729,0.7244333052411182,0.9952,0.870581434475379,0.9994679152921145,48.504950495049506,0.9032799367462014,0.9988773219024291,0.28480640854472655,558000.0,17112.0
559000.0,7.724076803,3.419361239012949E-8,559000.0,0.9080075950032235,0.7246553651078519,0.9955,0.8777209799277642,0.9994679152921145,48.504950495049506,0.9034183669179032,0.9991835068381302,0.32830440587450244,559000.0,17112.0
560000.0,7.733864976,3.4236943522393676E-8,560000.0,0.9080075950032235,0.7246553651078519,0.9955,0.8777209799277642,0.9994679152921145,48.504950495049506,0.9034183669179032,0.9991835068381302,0.3271028037383212,560000.0,17112.0
561000.0,7.744234384,3.4282847716112905E-8,561000.0,0.9080075950032235,0.7246553651078519,0.9955,0.8777209799277642,0.9080075950032235,48.504950495049506,0.9034183669179032,0.9991835068381302,0.3259012016021474,561000.0,17112.0
562000.0,7.752883343,3.432113567714266E-8,562000.0,0.7496499299859972,0.24982496499299855,0.9992,0.19974391805371208,0.9080075950032235,4999.0,0.7068592009629621,0.9992998599719944,0.8799465954606117,562000.0,17112.0
563000.0,7.760971068,3.435693911887703E-8,563000.0,0.9997499749974997,0.9994999499949995,0.9995,0.2855918157400189,0.9080075950032235,9999.0,0.9997499437334315,0.9994999499949995,0.924833110814428,563000.0,17112.0
564000.0,7.769172084,3.43932440870255E-8,564000.0,0.9997499749974997,0.9994999499949995,0.9995,0.2855918157400189,0.9080075950032235,9999.0,0.9997499437334315,0.9994999499949995,0.9246995994659629,564000.0,17112.0
565000.0,7.777644428,3.443075019347169E-8,565000.0,0.9997499749974997,0.9994999499949995,0.9995,0.2855918157400189,0.9080075950032235,9999.0,0.9997499437334315,0.9994999499949995,0.9245660881174979,565000.0,17112.0
566000.0,7.786128238,3.4468307058600065E-8,566000.0,0.9997499749974997,0.9994999499949995,0.9995,0.2855918157400189,0.9080075950032235,9999.0,0.9997499437334315,0.9994999499949995,0.924432576769033,566000.0,17112.0
567000.0,7.794862678,3.450697343432653E-8,567000.0,0.9997499749974997,0.9994999499949995,0.9995,0.2855918157400189,0.9080075950032235,9999.0,0.9997499437334315,0.9994999499949995,0.9242990654205687,567000.0,17112.0
568000.0,7.803957179,3.454723375928275E-8,568000.0,1.0,1.0,0.9998,0.0,0.9080075950032235,1.7976931348623157E308,?,0.9998,0.969666221628842,568000.0,17112.0
569000.0,7.817875009,3.460884641493979E-8,569000.0,1.0,1.0,0.9999,0.0,0.9080075950032235,1.7976931348623157E308,?,0.9999,0.984806408544728,569000.0,17112.0
570000.0,7.832320289,3.4672794031954036E-8,570000.0,0.9974570446735396,0.9932561855670102,0.9982,0.9698512662468173,0.9080075950032235,32.333333333333336,0.9974567315284797,0.9982474226804123,0.7463535228677359,570000.0,17112.0
571000.0,7.848501783,3.474442767152561E-8,571000.0,0.9970446735395189,0.9924355670103092,0.9974,0.9569935159454803,0.9974570446735396,32.333333333333336,0.9970446018831504,0.9974226804123711,0.632978986402961,571000.0,17112.0
572000.0,7.857265085,3.4783221816054215E-8,572000.0,0.9966323024054983,0.9916149484536082,0.9966,0.9444517056593916,0.9974570446735396,32.333333333333336,0.9966323018130518,0.9965979381443298,0.5192088998763964,572000.0,17112.0
573000.0,7.866010831,3.482193824216101E-8,573000.0,0.9966838487972508,0.9917175257731958,0.9967,0.9460025526066046,0.9974570446735396,32.333333333333336,0.9966838486491469,0.996701030927835,0.5325339925834399,573000.0,17112.0
574000.0,7.874988311,3.486168052841597E-8,574000.0,0.9965807560137457,0.9915123711340207,0.9965,0.9429056148249658,0.9974570446735396,32.333333333333336,0.9965807523107642,0.9964948453608248,0.5033374536464879,574000.0,17112.0
575000.0,7.883118008,3.48976697754363E-8,575000.0,0.9965807560137457,0.9915123711340207,0.9965,0.9429056148249658,0.9974570446735396,32.333333333333336,0.9965807523107642,0.9964948453608248,0.5024721878862839,575000.0,17112.0
576000.0,7.891215155,3.493351492729657E-8,576000.0,0.9965807560137457,0.9915123711340207,0.9965,0.9429056148249658,0.9974570446735396,32.333333333333336,0.9965807523107642,0.9964948453608248,0.5016069221260901,576000.0,17112.0
577000.0,7.899640864,3.4970814585884394E-8,577000.0,0.9965292096219931,0.9914097938144331,0.9964,0.9413642582578663,0.9974570446735396,32.333333333333336,0.9965292001418701,0.9963917525773196,0.4864771322620419,577000.0,17112.0
578000.0,7.908181943,3.500862497438364E-8,578000.0,0.9964776632302406,0.9913072164948454,0.9963,0.9398276142462182,0.9974570446735396,32.333333333333336,0.9964776453059555,0.9962886597938144,0.4712978986402926,578000.0,17112.0
579000.0,7.91689368,3.504719084650276E-8,579000.0,0.9964261168384879,0.9912046391752577,0.9962,0.9382956612107036,0.9974570446735396,32.333333333333336,0.9964260878026068,0.9961855670103092,0.45606922126081534,579000.0,17112.0
580000.0,7.931069207,3.510994429756575E-8,580000.0,1.0,1.0,0.9978,0.0,0.9974570446735396,1.7976931348623157E308,?,0.9978,0.6845488257107586,580000.0,17112.0
581000.0,7.948911815,3.518893150050812E-8,581000.0,1.0,1.0,0.9986,0.0,1.0,1.7976931348623157E308,?,0.9986,0.7989122373300435,581000.0,17112.0
582000.0,7.962218517,3.524783876178784E-8,582000.0,1.0,1.0,0.9994,0.0,1.0,1.7976931348623157E308,?,0.9994,0.9136711990111186,582000.0,17112.0
583000.0,7.970629295,3.528507232253127E-8,583000.0,1.0,1.0,0.9993,0.0,1.0,1.7976931348623157E308,?,0.9993,0.8991100123609345,583000.0,17112.0
584000.0,7.97831006,3.531907419847943E-8,584000.0,1.0,1.0,0.9995,0.0,1.0,1.7976931348623157E308,?,0.9995,0.9278121137206502,584000.0,17112.0
585000.0,7.991554691,3.5377706678478645E-8,585000.0,1.0,1.0,0.9994,0.0,1.0,1.7976931348623157E308,?,0.9994,0.9132262051915878,585000.0,17112.0
586000.0,8.005881958,3.544113186532008E-8,586000.0,1.0,1.0,0.9994,0.0,1.0,1.7976931348623157E308,?,0.9994,0.9130778739184118,586000.0,17112.0
587000.0,8.019200726,3.550009254141398E-8,587000.0,1.0,1.0,0.9995,0.0,1.0,1.7976931348623157E308,?,0.9995,0.9274412855377083,587000.0,17112.0
588000.0,8.026931404,3.5534315376554906E-8,588000.0,1.0,1.0,0.9996,0.0,1.0,1.7976931348623157E308,?,0.9996,0.9418541409147159,588000.0,17112.0
589000.0,8.034700852,3.5568709842090784E-8,589000.0,1.0,1.0,0.9997,0.0,1.0,1.7976931348623157E308,?,0.9997,0.9563164400494485,589000.0,17112.0
590000.0,8.042534352,3.56033878585696E-8,590000.0,1.0,1.0,0.9998,0.0,1.0,1.7976931348623157E308,?,0.9998,0.970828182941907,590000.0,17112.0
591000.0,8.059163775,3.567700442904604E-8,591000.0,1.0,1.0,0.9998,0.0,1.0,1.7976931348623157E308,?,0.9998,0.9707787391841812,591000.0,17112.0
592000.0,8.073975062,3.5742572317558006E-8,592000.0,1.0,1.0,0.9998,0.0,1.0,1.7976931348623157E308,?,0.9998,0.9707292954264557,592000.0,17112.0
593000.0,8.085782053,3.579484052825096E-8,593000.0,1.0,1.0,0.9997,0.0,1.0,1.7976931348623157E308,?,0.9997,0.9560197775030949,593000.0,17112.0
594000.0,8.098051318,3.584915517353761E-8,594000.0,1.0,1.0,0.9997,0.0,1.0,1.7976931348623157E308,?,0.9997,0.9559456118665067,594000.0,17112.0
595000.0,8.114219431,3.592072957693907E-8,595000.0,1.0,1.0,0.9998,0.0,1.0,1.7976931348623157E308,?,0.9998,0.970580964153279,595000.0,17112.0
596000.0,8.128490991,3.598390815520657E-8,596000.0,1.0,1.0,0.9998,0.0,1.0,1.7976931348623157E308,?,0.9998,0.9705315203955533,596000.0,17112.0
597000.0,8.142685058,3.6046743680747826E-8,597000.0,1.0,1.0,0.9998,0.0,1.0,1.7976931348623157E308,?,0.9998,0.9704820766378277,597000.0,17112.0
598000.0,8.152921115,3.609205754470699E-8,598000.0,1.0,1.0,0.9998,0.0,1.0,1.7976931348623157E308,?,0.9998,0.970432632880102,598000.0,17112.0
599000.0,8.16132939,3.612928002495316E-8,599000.0,1.0,1.0,0.9995,0.0,1.0,1.7976931348623157E308,?,0.9995,0.9259579728059412,599000.0,17112.0
600000.0,8.17557927,3.619236262831835E-8,600000.0,1.0,1.0,0.9995,0.0,1.0,1.7976931348623157E308,?,0.9995,0.9258343634116272,600000.0,17112.0
601000.0,8.193070595,3.626979474124186E-8,601000.0,1.0,1.0,0.9995,0.0,1.0,1.7976931348623157E308,?,0.9995,0.9257107540173131,601000.0,17112.0
602000.0,8.206312318,3.632841434785473E-8,602000.0,1.0,1.0,0.9994,0.0,1.0,1.7976931348623157E308,?,0.9994,0.9107045735475829,602000.0,17112.0
603000.0,8.214808954,3.636602799223113E-8,603000.0,1.0,1.0,0.9996,0.0,1.0,1.7976931348623157E308,?,0.9996,0.9403708281829489,603000.0,17112.0
604000.0,8.224772522,3.641013557827719E-8,604000.0,1.0,1.0,0.9996,0.0,1.0,1.7976931348623157E308,?,0.9996,0.9402719406674973,604000.0,17112.0
605000.0,8.232378723,3.644380736785007E-8,605000.0,1.0,1.0,0.9996,0.0,1.0,1.7976931348623157E308,?,0.9996,0.9401730531520465,605000.0,17112.0
606000.0,8.239840855,3.64768413802919E-8,606000.0,1.0,1.0,0.9996,0.0,1.0,1.7976931348623157E308,?,0.9996,0.9400741656365952,606000.0,17112.0
607000.0,8.247277616,3.650976307819284E-8,607000.0,1.0,1.0,0.9996,0.0,1.0,1.7976931348623157E308,?,0.9996,0.9399752781211442,607000.0,17112.0
608000.0,8.254590071,3.654213448752336E-8,608000.0,1.0,1.0,0.9996,0.0,1.0,1.7976931348623157E308,?,0.9996,0.9398763906056928,608000.0,17112.0
609000.0,8.264116632,3.658430749312041E-8,609000.0,1.0,1.0,0.9999,0.0,1.0,1.7976931348623157E308,?,0.9999,0.9849443757725603,609000.0,17112.0
610000.0,8.278521632,3.664807679514088E-8,610000.0,1.0,1.0,0.9999,0.0,1.0,1.7976931348623157E308,?,0.9999,0.9849196538936975,610000.0,17112.0
611000.0,8.296068144,3.6725753214657285E-8,611000.0,1.0,1.0,0.9999,0.0,1.0,1.7976931348623157E308,?,0.9999,0.9848949320148348,611000.0,17112.0
612000.0,8.308129401,3.677914703210814E-8,612000.0,1.0,1.0,1.0,?,1.0,1.7976931348623157E308,?,1.0,1.0,612000.0,17112.0
613000.0,8.316041473,3.681417287792388E-8,613000.0,1.0,1.0,1.0,?,1.0,1.7976931348623157E308,?,1.0,1.0,613000.0,17112.0
614000.0,8.323734563,3.684822931524985E-8,614000.0,1.0,1.0,1.0,?,1.0,1.7976931348623157E308,?,1.0,1.0,614000.0,17112.0
615000.0,8.331506615,3.6882635308398535E-8,615000.0,1.0,1.0,1.0,?,1.0,1.7976931348623157E308,?,1.0,1.0,615000.0,17112.0
616000.0,8.339299761,3.691713468229396E-8,616000.0,1.0,1.0,1.0,?,1.0,1.7976931348623157E308,?,1.0,1.0,616000.0,17112.0
617000.0,8.347430399,3.695312809501462E-8,617000.0,1.0,1.0,1.0,?,1.0,1.7976931348623157E308,?,1.0,1.0,617000.0,17112.0
618000.0,8.355325055,3.698807684217267E-8,618000.0,1.0,1.0,1.0,?,1.0,1.7976931348623157E308,?,1.0,1.0,618000.0,17112.0
619000.0,8.368322353,3.704561440701905E-8,619000.0,1.0,1.0,1.0,?,1.0,1.7976931348623157E308,?,1.0,1.0,619000.0,17112.0
620000.0,8.383087441,3.7110977777795227E-8,620000.0,1.0,1.0,0.9999,0.0,1.0,1.7976931348623157E308,?,0.9999,0.9846724351050696,620000.0,17112.0
621000.0,8.399832016,3.718510411312181E-8,621000.0,1.0,1.0,0.9999,0.0,1.0,1.7976931348623157E308,?,0.9999,0.9846477132262068,621000.0,17112.0
622000.0,8.408347823,3.7222802625341944E-8,622000.0,1.0,1.0,0.9999,0.0,1.0,1.7976931348623157E308,?,0.9999,0.9846229913473441,622000.0,17112.0
623000.0,8.416552218,3.725912255194036E-8,623000.0,1.0,1.0,0.9999,0.0,1.0,1.7976931348623157E308,?,0.9999,0.9845982694684814,623000.0,17112.0
623091.0,8.418471328,3.7267618234356226E-8,623091.0,1.0,1.0,0.9999,0.0,1.0,1.7976931348623157E308,?,0.9999,0.9845960197775048,623091.0,17112.0
