learning evaluation instances,evaluation time (cpu seconds),model cost (RAM-Hours),classified instances,AUC,sAUC,Accuracy,Kappa,Periodical holdout AUC,Pos/Neg ratio,G-Mean,Recall,KappaM,model training instances,model serialized size (bytes)
1000.0,0.903417341,6.031989750487835E-7,1000.0,1.0,1.0,0.999,0.0,0.0,1.7976931348623157E308,?,0.999,-Infinity,1000.0,2580920.0
2000.0,2.265778146,1.5128280068681267E-6,2000.0,1.0,1.0,0.9995,0.0,0.0,1.7976931348623157E308,?,0.9995,-Infinity,2000.0,2580920.0
3000.0,3.72802584,2.489150101053218E-6,3000.0,1.0,1.0,0.9996666666666667,0.0,0.0,1.7976931348623157E308,?,0.9996666666666667,-Infinity,3000.0,2580920.0
4000.0,4.969106905,3.3178023666072533E-6,4000.0,1.0,1.0,0.99975,0.0,0.0,1.7976931348623157E308,?,0.99975,-Infinity,4000.0,2580920.0
5000.0,6.233262505,4.161861172671481E-6,5000.0,1.0,1.0,0.9998,0.0,0.0,1.7976931348623157E308,?,0.9998,-Infinity,5000.0,2580920.0
6000.0,7.771679952,5.1890407331173616E-6,6000.0,1.0,1.0,0.9998333333333334,0.0,0.0,1.7976931348623157E308,?,0.9998333333333334,-Infinity,6000.0,2580920.0
7000.0,8.784578849,5.865338993921327E-6,7000.0,1.0,1.0,0.9998571428571429,0.0,0.0,1.7976931348623157E308,?,0.9998571428571429,-Infinity,7000.0,2580920.0
8000.0,10.18769073,6.802176942549956E-6,8000.0,1.0,1.0,0.999875,0.0,0.0,1.7976931348623157E308,?,0.999875,-Infinity,8000.0,2580920.0
9000.0,11.461661162,7.652788973058739E-6,9000.0,1.0,1.0,0.9998888888888889,0.0,0.0,1.7976931348623157E308,?,0.9998888888888889,-Infinity,9000.0,2580920.0
10000.0,13.09437548,8.742929219951646E-6,10000.0,1.0,1.0,0.9999,0.0,0.0,1.7976931348623157E308,?,0.9999,-Infinity,10000.0,2580920.0
11000.0,14.619921779,9.761514897007257E-6,11000.0,1.0,1.0,1.0,?,1.0,1.7976931348623157E308,?,1.0,?,11000.0,2580920.0
12000.0,15.949059668,1.0648961457924339E-5,12000.0,1.0,1.0,1.0,?,1.0,1.7976931348623157E308,?,1.0,?,12000.0,2580920.0
13000.0,17.080703786,1.1404544222521265E-5,13000.0,1.0,1.0,1.0,?,1.0,1.7976931348623157E308,?,1.0,?,13000.0,2580920.0
14000.0,18.732522777,1.250744038924131E-5,14000.0,1.0,1.0,1.0,?,1.0,1.7976931348623157E308,?,1.0,?,14000.0,2580920.0
15000.0,20.645840115,1.3784935301999097E-5,15000.0,1.0,1.0,1.0,?,1.0,1.7976931348623157E308,?,1.0,?,15000.0,2580920.0
16000.0,22.12178185,1.4770400713586457E-5,16000.0,1.0,1.0,1.0,?,1.0,1.7976931348623157E308,?,1.0,?,16000.0,2580920.0
17000.0,23.774972267,1.5874212562040747E-5,17000.0,1.0,1.0,1.0,?,1.0,1.7976931348623157E308,?,1.0,?,17000.0,2580920.0
18000.0,25.399423595,1.6958835727433623E-5,18000.0,1.0,1.0,1.0,?,1.0,1.7976931348623157E308,?,1.0,?,18000.0,2580920.0
19000.0,26.928435249,1.7979735172987264E-5,19000.0,1.0,1.0,1.0,?,1.0,1.7976931348623157E308,?,1.0,?,19000.0,2580920.0
20000.0,28.57158309,1.9076841735550823E-5,20000.0,1.0,1.0,1.0,?,1.0,1.7976931348623157E308,?,1.0,?,20000.0,2580920.0
21000.0,30.037274592,2.005546321160694E-5,21000.0,1.0,1.0,1.0,?,1.0,1.7976931348623157E308,?,1.0,?,21000.0,2580920.0
22000.0,31.405727075,2.0969159570628414E-5,22000.0,1.0,1.0,1.0,?,1.0,1.7976931348623157E308,?,1.0,?,22000.0,2580920.0
23000.0,32.934543202,2.19899284655709E-5,23000.0,1.0,1.0,1.0,?,1.0,1.7976931348623157E308,?,1.0,?,23000.0,2580920.0
24000.0,34.50436553,2.3038076620675105E-5,24000.0,1.0,1.0,1.0,?,1.0,1.7976931348623157E308,?,1.0,?,24000.0,2580920.0
25000.0,36.945357515,2.46678924285325E-5,25000.0,1.0,1.0,1.0,?,1.0,1.7976931348623157E308,?,1.0,?,25000.0,2580920.0
26000.0,39.370978773,2.6287445419470873E-5,26000.0,1.0,1.0,1.0,?,1.0,1.7976931348623157E308,?,1.0,?,26000.0,2580920.0
27000.0,41.531959837,2.7730301897587367E-5,27000.0,1.0,1.0,1.0,?,1.0,1.7976931348623157E308,?,1.0,?,27000.0,2580920.0
28000.0,42.827105561,2.8595052370929912E-5,28000.0,1.0,1.0,1.0,?,1.0,1.7976931348623157E308,?,1.0,?,28000.0,2580920.0
29000.0,45.21924524,3.0192250185341053E-5,29000.0,1.0,1.0,1.0,?,1.0,1.7976931348623157E308,?,1.0,?,29000.0,2580920.0
30000.0,47.449056949,3.168106391115659E-5,30000.0,1.0,1.0,1.0,?,1.0,1.7976931348623157E308,?,1.0,?,30000.0,2580920.0
31000.0,49.507284395,3.305531325251883E-5,31000.0,1.0,1.0,1.0,?,1.0,1.7976931348623157E308,?,1.0,?,31000.0,2580920.0
32000.0,51.24881246,3.421810689854725E-5,32000.0,1.0,1.0,1.0,?,1.0,1.7976931348623157E308,?,1.0,?,32000.0,2580920.0
33000.0,52.853199684,3.528933354561043E-5,33000.0,1.0,1.0,1.0,?,1.0,1.7976931348623157E308,?,1.0,?,33000.0,2580920.0
34000.0,54.556996048,3.64269342687923E-5,34000.0,1.0,1.0,1.0,?,1.0,1.7976931348623157E308,?,1.0,?,34000.0,2580920.0
35000.0,56.968202945,3.8036862994857074E-5,35000.0,1.0,1.0,1.0,?,1.0,1.7976931348623157E308,?,1.0,?,35000.0,2580920.0
36000.0,59.006413156,3.939774711165771E-5,36000.0,1.0,1.0,1.0,?,1.0,1.7976931348623157E308,?,1.0,?,36000.0,2580920.0
37000.0,61.040502423,4.0755879732461736E-5,37000.0,1.0,1.0,1.0,?,1.0,1.7976931348623157E308,?,1.0,?,37000.0,2580920.0
38000.0,62.882858981,4.198599513652282E-5,38000.0,1.0,1.0,1.0,?,1.0,1.7976931348623157E308,?,1.0,?,38000.0,2580920.0
39000.0,65.013671107,4.340870824163325E-5,39000.0,1.0,1.0,1.0,?,1.0,1.7976931348623157E308,?,1.0,?,39000.0,2580920.0
40000.0,67.055954586,4.477231202183992E-5,40000.0,1.0,1.0,1.0,?,1.0,1.7976931348623157E308,?,1.0,?,40000.0,2580920.0
41000.0,68.926809687,4.602145549980199E-5,41000.0,1.0,1.0,1.0,?,1.0,1.7976931348623157E308,?,1.0,?,41000.0,2580920.0
42000.0,70.901322288,4.733980962373961E-5,42000.0,1.0,1.0,1.0,?,1.0,1.7976931348623157E308,?,1.0,?,42000.0,2580920.0
43000.0,72.946127078,4.8705096847623923E-5,43000.0,1.0,1.0,1.0,?,1.0,1.7976931348623157E308,?,1.0,?,43000.0,2580920.0
44000.0,74.522138586,4.9757377430635985E-5,44000.0,1.0,1.0,1.0,?,1.0,1.7976931348623157E308,?,1.0,?,44000.0,2580920.0
45000.0,76.679289063,5.119767628001616E-5,45000.0,1.0,1.0,1.0,?,1.0,1.7976931348623157E308,?,1.0,?,45000.0,2580920.0
46000.0,77.962824545,5.205467475906256E-5,46000.0,1.0,1.0,1.0,?,1.0,1.7976931348623157E308,?,1.0,?,46000.0,2580920.0
47000.0,79.866540408,5.332575890282565E-5,47000.0,1.0,1.0,1.0,?,1.0,1.7976931348623157E308,?,1.0,?,47000.0,2580920.0
48000.0,81.535789895,5.444029316507987E-5,48000.0,1.0,1.0,1.0,?,1.0,1.7976931348623157E308,?,1.0,?,48000.0,2580920.0
49000.0,83.004452896,5.542089866897098E-5,49000.0,1.0,1.0,1.0,?,1.0,1.7976931348623157E308,?,1.0,?,49000.0,2580920.0
50000.0,84.782456086,5.6608046239831555E-5,50000.0,1.0,1.0,1.0,?,1.0,1.7976931348623157E308,?,1.0,?,50000.0,2580920.0
51000.0,86.179369483,5.754074554840318E-5,51000.0,1.0,1.0,1.0,?,1.0,1.7976931348623157E308,?,1.0,?,51000.0,2580920.0
52000.0,87.397930364,5.835436140576554E-5,52000.0,1.0,1.0,1.0,?,1.0,1.7976931348623157E308,?,1.0,?,52000.0,2580920.0
53000.0,89.053440097,5.9459721828694244E-5,53000.0,1.0,1.0,1.0,?,1.0,1.7976931348623157E308,?,1.0,?,53000.0,2580920.0
54000.0,91.434588168,6.104958070197724E-5,54000.0,1.0,1.0,1.0,?,1.0,1.7976931348623157E308,?,1.0,?,54000.0,2580920.0
55000.0,93.045095007,6.212489332938214E-5,55000.0,1.0,1.0,1.0,?,1.0,1.7976931348623157E308,?,1.0,?,55000.0,2580920.0
56000.0,94.889780113,6.33565634719934E-5,56000.0,1.0,1.0,1.0,?,1.0,1.7976931348623157E308,?,1.0,?,56000.0,2580920.0
57000.0,96.088786722,6.415712321863824E-5,57000.0,1.0,1.0,1.0,?,1.0,1.7976931348623157E308,?,1.0,?,57000.0,2580920.0
58000.0,97.8729872,6.534840863100354E-5,58000.0,1.0,1.0,1.0,?,1.0,1.7976931348623157E308,?,1.0,?,58000.0,2580920.0
59000.0,99.766441066,6.661264098457905E-5,59000.0,1.0,1.0,1.0,?,1.0,1.7976931348623157E308,?,1.0,?,59000.0,2580920.0
60000.0,101.709181743,6.790978144444098E-5,60000.0,1.0,1.0,1.0,?,1.0,1.7976931348623157E308,?,1.0,?,60000.0,2580920.0
61000.0,103.404845394,6.904195207023227E-5,61000.0,1.0,1.0,1.0,?,1.0,1.7976931348623157E308,?,1.0,?,61000.0,2580920.0
62000.0,105.192725048,7.023569401635169E-5,62000.0,1.0,1.0,1.0,?,1.0,1.7976931348623157E308,?,1.0,?,62000.0,2580920.0
63000.0,106.809040945,7.131488526958385E-5,63000.0,1.0,1.0,1.0,?,1.0,1.7976931348623157E308,?,1.0,?,63000.0,2580920.0
64000.0,108.556370434,7.248155244432576E-5,64000.0,1.0,1.0,1.0,?,1.0,1.7976931348623157E308,?,1.0,?,64000.0,2580920.0
65000.0,109.996356322,7.344301064565368E-5,65000.0,1.0,1.0,1.0,?,1.0,1.7976931348623157E308,?,1.0,?,65000.0,2580920.0
66000.0,111.804670677,7.465039655247567E-5,66000.0,1.0,1.0,1.0,?,1.0,1.7976931348623157E308,?,1.0,?,66000.0,2580920.0
67000.0,113.353075329,7.56842444283791E-5,67000.0,1.0,1.0,1.0,?,1.0,1.7976931348623157E308,?,1.0,?,67000.0,2580920.0
68000.0,115.21442512,7.692704134535622E-5,68000.0,1.0,1.0,1.0,?,1.0,1.7976931348623157E308,?,1.0,?,68000.0,2580920.0
69000.0,117.229800575,7.827267901869205E-5,69000.0,1.0,1.0,1.0,?,1.0,1.7976931348623157E308,?,1.0,?,69000.0,2580920.0
70000.0,119.089527238,7.951439219607115E-5,70000.0,1.0,1.0,1.0,?,1.0,1.7976931348623157E308,?,1.0,?,70000.0,2580920.0
71000.0,120.9705221,8.077030584897326E-5,71000.0,1.0,1.0,1.0,?,1.0,1.7976931348623157E308,?,1.0,?,71000.0,2580920.0
72000.0,122.895072856,8.205530115597453E-5,72000.0,1.0,1.0,1.0,?,1.0,1.7976931348623157E308,?,1.0,?,72000.0,2580920.0
73000.0,124.787309951,8.331872108877089E-5,73000.0,1.0,1.0,1.0,?,1.0,1.7976931348623157E308,?,1.0,?,73000.0,2580920.0
74000.0,126.808553454,8.466827677472225E-5,74000.0,1.0,1.0,1.0,?,1.0,1.7976931348623157E308,?,1.0,?,74000.0,2580920.0
75000.0,128.624204324,8.588056116879658E-5,75000.0,1.0,1.0,1.0,?,1.0,1.7976931348623157E308,?,1.0,?,75000.0,2580920.0
76000.0,130.22097394,8.694670164678885E-5,76000.0,1.0,1.0,1.0,?,1.0,1.7976931348623157E308,?,1.0,?,76000.0,2580920.0
77000.0,131.838952669,8.8027003149418E-5,77000.0,1.0,1.0,1.0,?,1.0,1.7976931348623157E308,?,1.0,?,77000.0,2580920.0
78000.0,133.901492381,8.9404131729769E-5,78000.0,1.0,1.0,1.0,?,1.0,1.7976931348623157E308,?,1.0,?,78000.0,2580920.0
79000.0,135.112356486,9.02126085587071E-5,79000.0,1.0,1.0,1.0,?,1.0,1.7976931348623157E308,?,1.0,?,79000.0,2580920.0
80000.0,137.005121872,9.147638122392873E-5,80000.0,1.0,1.0,1.0,?,1.0,1.7976931348623157E308,?,1.0,?,80000.0,2580920.0
81000.0,139.088951185,9.28677245696153E-5,81000.0,1.0,1.0,1.0,?,1.0,1.7976931348623157E308,?,1.0,?,81000.0,2580920.0
82000.0,140.804792086,9.401336725971946E-5,82000.0,1.0,1.0,1.0,?,1.0,1.7976931348623157E308,?,1.0,?,82000.0,2580920.0
83000.0,142.457750009,9.511702387521979E-5,83000.0,1.0,1.0,1.0,?,1.0,1.7976931348623157E308,?,1.0,?,83000.0,2580920.0
84000.0,143.783169918,9.600198799350104E-5,84000.0,1.0,1.0,1.0,?,1.0,1.7976931348623157E308,?,1.0,?,84000.0,2580920.0
85000.0,145.161073802,9.692199491923099E-5,85000.0,1.0,1.0,1.0,?,1.0,1.7976931348623157E308,?,1.0,?,85000.0,2580920.0
86000.0,146.228036412,9.763439075619266E-5,86000.0,1.0,1.0,1.0,?,1.0,1.7976931348623157E308,?,1.0,?,86000.0,2580920.0
87000.0,147.580530105,9.853743165695121E-5,87000.0,1.0,1.0,1.0,?,1.0,1.7976931348623157E308,?,1.0,?,87000.0,2580920.0
88000.0,149.316285236,9.9696370796636E-5,88000.0,1.0,1.0,1.0,?,1.0,1.7976931348623157E308,?,1.0,?,88000.0,2580920.0
89000.0,150.64774246,1.0058536594471352E-4,89000.0,1.0,1.0,1.0,?,1.0,1.7976931348623157E308,?,1.0,?,89000.0,2580920.0
90000.0,151.846335434,1.0138564951312188E-4,90000.0,1.0,1.0,1.0,?,1.0,1.7976931348623157E308,?,1.0,?,90000.0,2580920.0
91000.0,153.748543852,1.0265572715718912E-4,91000.0,1.0,1.0,1.0,?,1.0,1.7976931348623157E308,?,1.0,?,91000.0,2580920.0
92000.0,155.420749631,1.0377223529377961E-4,92000.0,1.0,1.0,1.0,?,1.0,1.7976931348623157E308,?,1.0,?,92000.0,2580920.0
93000.0,157.107545404,1.0489848496291256E-4,93000.0,1.0,1.0,1.0,?,1.0,1.7976931348623157E308,?,1.0,?,93000.0,2580920.0
94000.0,158.593772828,1.0589081798350065E-4,94000.0,1.0,1.0,1.0,?,1.0,1.7976931348623157E308,?,1.0,?,94000.0,2580920.0
95000.0,159.709215256,1.0663558310894175E-4,95000.0,1.0,1.0,1.0,?,1.0,1.7976931348623157E308,?,1.0,?,95000.0,2580920.0
96000.0,161.733820829,1.0798738360145814E-4,96000.0,1.0,1.0,1.0,?,1.0,1.7976931348623157E308,?,1.0,?,96000.0,2580920.0
97000.0,163.732031459,1.0932156056402718E-4,97000.0,1.0,1.0,1.0,?,1.0,1.7976931348623157E308,?,1.0,?,97000.0,2580920.0
98000.0,165.41290625,1.1044385687726181E-4,98000.0,1.0,1.0,1.0,?,1.0,1.7976931348623157E308,?,1.0,?,98000.0,2580920.0
99000.0,166.7796024,1.1135638055759165E-4,99000.0,1.0,1.0,1.0,?,1.0,1.7976931348623157E308,?,1.0,?,99000.0,2580920.0
100000.0,168.674492331,1.1262157175144704E-4,100000.0,1.0,1.0,1.0,?,1.0,1.7976931348623157E308,?,1.0,?,100000.0,2580920.0
101000.0,170.179349672,1.1362634370399896E-4,101000.0,1.0,1.0,1.0,?,1.0,1.7976931348623157E308,?,1.0,?,101000.0,2580920.0
102000.0,171.920443769,1.1478884759573452E-4,102000.0,1.0,1.0,1.0,?,1.0,1.7976931348623157E308,?,1.0,?,102000.0,2580920.0
103000.0,173.684948884,1.1596698269291807E-4,103000.0,1.0,1.0,1.0,?,1.0,1.7976931348623157E308,?,1.0,?,103000.0,2580920.0
104000.0,175.416228512,1.1712293360257903E-4,104000.0,1.0,1.0,1.0,?,1.0,1.7976931348623157E308,?,1.0,?,104000.0,2580920.0
105000.0,177.18199464,1.1830191066029909E-4,105000.0,1.0,1.0,1.0,?,1.0,1.7976931348623157E308,?,1.0,?,105000.0,2580920.0
106000.0,178.98408653,1.1950514191528972E-4,106000.0,1.0,1.0,1.0,?,1.0,1.7976931348623157E308,?,1.0,?,106000.0,2580920.0
107000.0,180.845431024,1.2074793529553488E-4,107000.0,1.0,1.0,1.0,?,1.0,1.7976931348623157E308,?,1.0,?,107000.0,2580920.0
108000.0,182.564381733,1.2189565436043622E-4,108000.0,1.0,1.0,1.0,?,1.0,1.7976931348623157E308,?,1.0,?,108000.0,2580920.0
109000.0,184.396953387,1.2311923652255486E-4,109000.0,1.0,1.0,1.0,?,1.0,1.7976931348623157E308,?,1.0,?,109000.0,2580920.0
110000.0,186.110046788,1.242630447457867E-4,110000.0,1.0,1.0,1.0,?,1.0,1.7976931348623157E308,?,1.0,?,110000.0,2580920.0
111000.0,187.760733524,1.2536518492186488E-4,111000.0,1.0,1.0,1.0,?,1.0,1.7976931348623157E308,?,1.0,?,111000.0,2580920.0
112000.0,189.300783875,1.2639345474920564E-4,112000.0,1.0,1.0,1.0,?,1.0,1.7976931348623157E308,?,1.0,?,112000.0,2580920.0
113000.0,190.724238677,1.2734387537832956E-4,113000.0,1.0,1.0,1.0,?,1.0,1.7976931348623157E308,?,1.0,?,113000.0,2580920.0
114000.0,192.18233271,1.2831742413184008E-4,114000.0,1.0,1.0,1.0,?,1.0,1.7976931348623157E308,?,1.0,?,114000.0,2580920.0
115000.0,193.908362024,1.2946986948113624E-4,115000.0,1.0,1.0,1.0,?,1.0,1.7976931348623157E308,?,1.0,?,115000.0,2580920.0
116000.0,195.336443246,1.3042337910542938E-4,116000.0,1.0,1.0,1.0,?,1.0,1.7976931348623157E308,?,1.0,?,116000.0,2580920.0
117000.0,197.469394248,1.318475203077795E-4,117000.0,1.0,1.0,1.0,?,1.0,1.7976931348623157E308,?,1.0,?,117000.0,2580920.0
118000.0,199.045104581,1.3289959980050575E-4,118000.0,1.0,1.0,1.0,?,1.0,1.7976931348623157E308,?,1.0,?,118000.0,2580920.0
119000.0,200.673346652,1.3398675399135994E-4,119000.0,1.0,1.0,1.0,?,1.0,1.7976931348623157E308,?,1.0,?,119000.0,2580920.0
120000.0,202.256021222,1.3504348340658573E-4,120000.0,1.0,1.0,1.0,?,1.0,1.7976931348623157E308,?,1.0,?,120000.0,2580920.0
121000.0,203.959352484,1.361807735877435E-4,121000.0,1.0,1.0,1.0,?,1.0,1.7976931348623157E308,?,1.0,?,121000.0,2580920.0
122000.0,205.433153245,1.3716480950128626E-4,122000.0,1.0,1.0,1.0,?,1.0,1.7976931348623157E308,?,1.0,?,122000.0,2580920.0
123000.0,206.825777291,1.3809464487089037E-4,123000.0,1.0,1.0,1.0,?,1.0,1.7976931348623157E308,?,1.0,?,123000.0,2580920.0
124000.0,208.085082239,1.389354649652519E-4,124000.0,1.0,1.0,1.0,?,1.0,1.7976931348623157E308,?,1.0,?,124000.0,2580920.0
125000.0,209.709168613,1.4001984445602314E-4,125000.0,1.0,1.0,1.0,?,1.0,1.7976931348623157E308,?,1.0,?,125000.0,2580920.0
126000.0,211.215177889,1.4102538553927444E-4,126000.0,1.0,1.0,1.0,?,1.0,1.7976931348623157E308,?,1.0,?,126000.0,2580920.0
127000.0,212.752250769,1.4205166735136032E-4,127000.0,1.0,1.0,1.0,?,1.0,1.7976931348623157E308,?,1.0,?,127000.0,2580920.0
128000.0,214.452400728,1.4318683342152104E-4,128000.0,1.0,1.0,1.0,?,1.0,1.7976931348623157E308,?,1.0,?,128000.0,2580920.0
129000.0,215.607782214,1.4395826529084305E-4,129000.0,1.0,1.0,1.0,?,1.0,1.7976931348623157E308,?,1.0,?,129000.0,2580920.0
130000.0,217.59087851,1.4528235062647116E-4,130000.0,1.0,1.0,1.0,?,1.0,1.7976931348623157E308,?,1.0,?,130000.0,2580920.0
131000.0,219.426847348,1.4650820104027576E-4,131000.0,1.0,1.0,1.0,?,1.0,1.7976931348623157E308,?,1.0,?,131000.0,2580920.0
132000.0,220.858678644,1.474642145359144E-4,132000.0,1.0,1.0,1.0,?,1.0,1.7976931348623157E308,?,1.0,?,132000.0,2580920.0
133000.0,222.419586203,1.4850641042590308E-4,133000.0,1.0,1.0,1.0,?,1.0,1.7976931348623157E308,?,1.0,?,133000.0,2580920.0
134000.0,224.013595355,1.4957070778114366E-4,134000.0,1.0,1.0,1.0,?,1.0,1.7976931348623157E308,?,1.0,?,134000.0,2580920.0
135000.0,225.711784615,1.507045647203264E-4,135000.0,1.0,1.0,1.0,?,1.0,1.7976931348623157E308,?,1.0,?,135000.0,2580920.0
136000.0,227.511188863,1.519060014747843E-4,136000.0,1.0,1.0,1.0,?,1.0,1.7976931348623157E308,?,1.0,?,136000.0,2580920.0
137000.0,229.229314265,1.5305316949388E-4,137000.0,1.0,1.0,1.0,?,1.0,1.7976931348623157E308,?,1.0,?,137000.0,2580920.0
138000.0,230.522630676,1.539166985608176E-4,138000.0,1.0,1.0,1.0,?,1.0,1.7976931348623157E308,?,1.0,?,138000.0,2580920.0
139000.0,232.312680978,1.551118898178915E-4,139000.0,1.0,1.0,1.0,?,1.0,1.7976931348623157E308,?,1.0,?,139000.0,2580920.0
140000.0,234.197083716,1.5637007886137668E-4,140000.0,1.0,1.0,1.0,?,1.0,1.7976931348623157E308,?,1.0,?,140000.0,2580920.0
141000.0,236.080431281,1.5762756338078067E-4,141000.0,1.0,1.0,1.0,?,1.0,1.7976931348623157E308,?,1.0,?,141000.0,2580920.0
142000.0,237.742859243,1.5873754300731833E-4,142000.0,1.0,1.0,1.0,?,1.0,1.7976931348623157E308,?,1.0,?,142000.0,2580920.0
143000.0,239.180910086,1.5969770920648102E-4,143000.0,1.0,1.0,1.0,?,1.0,1.7976931348623157E308,?,1.0,?,143000.0,2580920.0
144000.0,240.677084941,1.6069668398598967E-4,144000.0,1.0,1.0,1.0,?,1.0,1.7976931348623157E308,?,1.0,?,144000.0,2580920.0
145000.0,242.14149125,1.6167444735686542E-4,145000.0,1.0,1.0,1.0,?,1.0,1.7976931348623157E308,?,1.0,?,145000.0,2580920.0
146000.0,243.483343058,1.625703828215943E-4,146000.0,1.0,1.0,1.0,?,1.0,1.7976931348623157E308,?,1.0,?,146000.0,2580920.0
147000.0,245.00151938,1.6358404766929365E-4,147000.0,1.0,1.0,1.0,?,1.0,1.7976931348623157E308,?,1.0,?,147000.0,2580920.0
148000.0,246.592234132,1.6464614540027066E-4,148000.0,1.0,1.0,1.0,?,1.0,1.7976931348623157E308,?,1.0,?,148000.0,2580920.0
149000.0,248.328581232,1.658054797892803E-4,149000.0,1.0,1.0,1.0,?,1.0,1.7976931348623157E308,?,1.0,?,149000.0,2580920.0
150000.0,250.158086585,1.6702701462561E-4,150000.0,1.0,1.0,1.0,?,1.0,1.7976931348623157E308,?,1.0,?,150000.0,2580920.0
151000.0,251.550633912,1.679567987710234E-4,151000.0,1.0,1.0,1.0,?,1.0,1.7976931348623157E308,?,1.0,?,151000.0,2580920.0
152000.0,253.057764257,1.6896308837618265E-4,152000.0,1.0,1.0,1.0,?,1.0,1.7976931348623157E308,?,1.0,?,152000.0,2580920.0
153000.0,254.406056533,1.698633240502612E-4,153000.0,1.0,1.0,1.0,?,1.0,1.7976931348623157E308,?,1.0,?,153000.0,2580920.0
154000.0,255.900834508,1.7086136615275998E-4,154000.0,1.0,1.0,1.0,?,1.0,1.7976931348623157E308,?,1.0,?,154000.0,2580920.0
155000.0,257.372205191,1.7184377953760824E-4,155000.0,1.0,1.0,1.0,?,1.0,1.7976931348623157E308,?,1.0,?,155000.0,2580920.0
156000.0,258.68953668,1.7272334313230824E-4,156000.0,1.0,1.0,1.0,?,1.0,1.7976931348623157E308,?,1.0,?,156000.0,2580920.0
157000.0,260.414491278,1.7387507090893864E-4,157000.0,1.0,1.0,1.0,?,1.0,1.7976931348623157E308,?,1.0,?,157000.0,2580920.0
158000.0,261.831488248,1.7482117973501577E-4,158000.0,1.0,1.0,1.0,?,1.0,1.7976931348623157E308,?,1.0,?,158000.0,2580920.0
159000.0,263.019601713,1.75614466283552E-4,159000.0,1.0,1.0,1.0,?,1.0,1.7976931348623157E308,?,1.0,?,159000.0,2580920.0
160000.0,264.973263338,1.769188985058599E-4,160000.0,1.0,1.0,1.0,?,1.0,1.7976931348623157E308,?,1.0,?,160000.0,2580920.0
161000.0,266.495596746,1.7793533898105787E-4,161000.0,1.0,1.0,1.0,?,1.0,1.7976931348623157E308,?,1.0,?,161000.0,2580920.0
162000.0,267.664588109,1.7871585797267028E-4,162000.0,1.0,1.0,1.0,?,1.0,1.7976931348623157E308,?,1.0,?,162000.0,2580920.0
163000.0,269.158719367,1.7971346827137935E-4,163000.0,1.0,1.0,1.0,?,1.0,1.7976931348623157E308,?,1.0,?,163000.0,2580920.0
164000.0,270.548328126,1.8064129037652046E-4,164000.0,1.0,1.0,1.0,?,1.0,1.7976931348623157E308,?,1.0,?,164000.0,2580920.0
165000.0,272.490978993,1.819383708715162E-4,165000.0,1.0,1.0,1.0,?,1.0,1.7976931348623157E308,?,1.0,?,165000.0,2580920.0
166000.0,274.208615395,1.8308521239223137E-4,166000.0,1.0,1.0,1.0,?,1.0,1.7976931348623157E308,?,1.0,?,166000.0,2580920.0
167000.0,275.511413577,1.8395507230349668E-4,167000.0,1.0,1.0,1.0,?,1.0,1.7976931348623157E308,?,1.0,?,167000.0,2580920.0
168000.0,276.690403101,1.847422669257328E-4,168000.0,1.0,1.0,1.0,?,1.0,1.7976931348623157E308,?,1.0,?,168000.0,2580920.0
169000.0,278.317424214,1.858286059002072E-4,169000.0,0.8332999899969991,0.0111011081102107,0.9997,0.0,1.0,3332.3333333333335,0.0,1.0,-15.899999999988117,169000.0,2580920.0
170000.0,279.806954654,1.8682314429784017E-4,170000.0,0.8332999899969991,0.0111011081102107,0.9997,0.0,1.0,3332.3333333333335,0.0,1.0,-15.999999999962252,170000.0,2580920.0
171000.0,281.528870543,1.879728431714696E-4,171000.0,0.8332999899969991,0.0111011081102107,0.9997,0.0,0.8332999899969991,3332.3333333333335,0.0,1.0,-16.099999999982913,171000.0,2580920.0
172000.0,283.34863649,1.8918787514422768E-4,172000.0,0.8332999899969991,0.0111011081102107,0.9997,0.0,0.8332999899969991,3332.3333333333335,0.0,1.0,-16.199999999964355,172000.0,2580920.0
173000.0,284.424571885,1.8990626198276713E-4,173000.0,0.8332999899969991,0.0111011081102107,0.9997,0.0,0.8332999899969991,3332.3333333333335,0.0,1.0,-16.299999999955183,173000.0,2580920.0
174000.0,286.049643371,1.9099129921888123E-4,174000.0,0.8332999899969991,0.0111011081102107,0.9997,0.0,0.8332999899969991,3332.3333333333335,0.0,1.0,-16.399999999980682,174000.0,2580920.0
175000.0,287.39567206,1.918900235279501E-4,175000.0,0.8332999899969991,0.0111011081102107,0.9997,0.0,0.8332999899969991,3332.3333333333335,0.0,1.0,-16.500000000029143,175000.0,2580920.0
176000.0,289.020274501,1.929747475893548E-4,176000.0,0.8332999899969991,0.0111011081102107,0.9997,0.0,0.8332999899969991,3332.3333333333335,0.0,1.0,-16.59999999994529,176000.0,2580920.0
177000.0,290.385981346,1.93886610724735E-4,177000.0,0.8332999899969991,0.0111011081102107,0.9997,0.0,0.8332999899969991,3332.3333333333335,0.0,1.0,-16.70000000001572,177000.0,2580920.0
178000.0,291.947896385,1.9492947929486363E-4,178000.0,0.8332999899969991,0.0111011081102107,0.9997,0.0,0.8332999899969991,3332.3333333333335,0.0,1.0,-16.800000000055334,178000.0,2580920.0
179000.0,293.537376163,1.9599075245117596E-4,179000.0,1.0,1.0,1.0,?,0.8332999899969991,1.7976931348623157E308,?,1.0,1.0,179000.0,2580920.0
180000.0,294.950305679,1.9693414549577258E-4,180000.0,1.0,1.0,1.0,?,0.8332999899969991,1.7976931348623157E308,?,1.0,1.0,180000.0,2580920.0
181000.0,296.814229667,1.981786611676612E-4,181000.0,1.0,1.0,1.0,?,1.0,1.7976931348623157E308,?,1.0,1.0,181000.0,2580920.0
182000.0,298.458790655,1.9927671126848033E-4,182000.0,1.0,1.0,1.0,?,1.0,1.7976931348623157E308,?,1.0,1.0,182000.0,2580920.0
183000.0,300.268994593,2.0048535882313345E-4,183000.0,1.0,1.0,1.0,?,1.0,1.7976931348623157E308,?,1.0,1.0,183000.0,2580920.0
184000.0,301.641228665,2.0140158009561998E-4,184000.0,1.0,1.0,1.0,?,1.0,1.7976931348623157E308,?,1.0,1.0,184000.0,2580920.0
185000.0,303.366860289,2.0255375991293052E-4,185000.0,1.0,1.0,1.0,?,1.0,1.7976931348623157E308,?,1.0,1.0,185000.0,2580920.0
186000.0,304.506698335,2.033148136473073E-4,186000.0,1.0,1.0,1.0,?,1.0,1.7976931348623157E308,?,1.0,1.0,186000.0,2580920.0
187000.0,306.024127332,2.0432797951667897E-4,187000.0,1.0,1.0,1.0,?,1.0,1.7976931348623157E308,?,1.0,1.0,187000.0,2580920.0
188000.0,307.626148686,2.0539762650582068E-4,188000.0,1.0,1.0,1.0,?,1.0,1.7976931348623157E308,?,1.0,1.0,188000.0,2580920.0
189000.0,309.107707096,2.0638684209182845E-4,189000.0,1.0,1.0,1.0,?,1.0,1.7976931348623157E308,?,1.0,1.0,189000.0,2580920.0
190000.0,310.618629329,2.0739566348694933E-4,190000.0,1.0,1.0,1.0,?,1.0,1.7976931348623157E308,?,1.0,1.0,190000.0,2580920.0
191000.0,311.897361864,2.082494551062465E-4,191000.0,1.0,1.0,1.0,?,1.0,1.7976931348623157E308,?,1.0,1.0,191000.0,2580920.0
192000.0,313.460582405,2.0929319534158743E-4,192000.0,1.0,1.0,1.0,?,1.0,1.7976931348623157E308,?,1.0,1.0,192000.0,2580920.0
193000.0,314.732252756,2.1014227164055914E-4,193000.0,1.0,1.0,1.0,?,1.0,1.7976931348623157E308,?,1.0,1.0,193000.0,2580920.0
194000.0,315.911768152,2.1092981738008847E-4,194000.0,1.0,1.0,1.0,?,1.0,1.7976931348623157E308,?,1.0,1.0,194000.0,2580920.0
195000.0,317.110949796,2.1173049399512604E-4,195000.0,1.0,1.0,1.0,?,1.0,1.7976931348623157E308,?,1.0,1.0,195000.0,2580920.0
196000.0,318.808643651,2.1286402015940033E-4,196000.0,1.0,1.0,1.0,?,1.0,1.7976931348623157E308,?,1.0,1.0,196000.0,2580920.0
197000.0,321.03593175,2.1435114890652846E-4,197000.0,1.0,1.0,1.0,?,1.0,1.7976931348623157E308,?,1.0,1.0,197000.0,2580920.0
198000.0,323.165490944,2.1577302544667173E-4,198000.0,1.0,1.0,1.0,?,1.0,1.7976931348623157E308,?,1.0,1.0,198000.0,2580920.0
199000.0,325.445899314,2.1729562184708405E-4,199000.0,1.0,1.0,1.0,?,1.0,1.7976931348623157E308,?,1.0,1.0,199000.0,2580920.0
200000.0,327.348080412,2.1856568124997388E-4,200000.0,1.0,1.0,1.0,?,1.0,1.7976931348623157E308,?,1.0,1.0,200000.0,2580920.0
201000.0,329.245812908,2.1983277038425692E-4,201000.0,1.0,1.0,1.0,?,1.0,1.7976931348623157E308,?,1.0,1.0,201000.0,2580920.0
202000.0,330.55466179,2.2070667026229362E-4,202000.0,0.9615384615384616,0.7307692307692308,0.9997,0.8694176025071967,1.0,768.2307692307693,0.8770580193070292,1.0,-2.7874999999995795,202000.0,2580920.0
203000.0,331.628422856,2.2142360533212698E-4,203000.0,0.9615384615384616,0.7307692307692308,0.9997,0.8694176025071967,1.0,768.2307692307693,0.8770580193070292,1.0,-2.8062500000019015,203000.0,2580920.0
204000.0,332.914589716,2.2228236074502947E-4,204000.0,0.9615384615384616,0.7307692307692308,0.9997,0.8694176025071967,1.0,768.2307692307693,0.8770580193070292,1.0,-2.824999999998726,204000.0,2580920.0
205000.0,334.492059857,2.233356152366557E-4,205000.0,0.9615384615384616,0.7307692307692308,0.9997,0.8694176025071967,1.0,768.2307692307693,0.8770580193070292,1.0,-2.8437500000006666,205000.0,2580920.0
206000.0,335.628511402,2.2409440785223445E-4,206000.0,0.9615384615384616,0.7307692307692308,0.9997,0.8694176025071967,1.0,768.2307692307693,0.8770580193070292,1.0,-2.862500000001608,206000.0,2580920.0
207000.0,337.458142618,2.253160267255083E-4,207000.0,0.9615384615384616,0.7307692307692308,0.9997,0.8694176025071967,1.0,768.2307692307693,0.8770580193070292,1.0,-2.8812499999974146,207000.0,2580920.0
208000.0,339.115101462,2.264223546993465E-4,208000.0,0.9615384615384616,0.7307692307692308,0.9997,0.8694176025071967,1.0,768.2307692307693,0.8770580193070292,1.0,-2.899999999999134,208000.0,2580920.0
209000.0,340.062218691,2.2705473147125067E-4,209000.0,0.9615384615384616,0.7307692307692308,0.9997,0.8694176025071967,1.0,768.2307692307693,0.8770580193070292,1.0,-2.9187499999991844,209000.0,2580920.0
210000.0,341.671667131,2.2812933742061983E-4,210000.0,0.9615384615384616,0.7307692307692308,0.9997,0.8694176025071967,1.0,768.2307692307693,0.8770580193070292,1.0,-2.93750000000082,210000.0,2580920.0
211000.0,343.332642494,2.2923834716735976E-4,211000.0,0.9615384615384616,0.7307692307692308,0.9997,0.8694176025071967,0.9615384615384616,768.2307692307693,0.8770580193070292,1.0,-2.9562499999981333,211000.0,2580920.0
212000.0,344.973485262,2.3033391466529846E-4,212000.0,1.0,1.0,1.0,?,0.9615384615384616,1.7976931348623157E308,?,1.0,1.0,212000.0,2580920.0
213000.0,346.658922913,2.3145925753558972E-4,213000.0,1.0,1.0,1.0,?,0.9615384615384616,1.7976931348623157E308,?,1.0,1.0,213000.0,2580920.0
214000.0,348.144287313,2.3245101432726496E-4,214000.0,1.0,1.0,1.0,?,0.9615384615384616,1.7976931348623157E308,?,1.0,1.0,214000.0,2580920.0
215000.0,349.355233531,2.3325954598189125E-4,215000.0,1.0,1.0,1.0,?,0.9615384615384616,1.7976931348623157E308,?,1.0,1.0,215000.0,2580920.0
216000.0,350.294193741,2.3388647642763258E-4,216000.0,1.0,1.0,1.0,?,0.9615384615384616,1.7976931348623157E308,?,1.0,1.0,216000.0,2580920.0
217000.0,351.389961519,2.3461810506766892E-4,217000.0,1.0,1.0,1.0,?,0.9615384615384616,1.7976931348623157E308,?,1.0,1.0,217000.0,2580920.0
218000.0,353.109641429,2.3576631100975963E-4,218000.0,1.0,1.0,1.0,?,0.9615384615384616,1.7976931348623157E308,?,1.0,1.0,218000.0,2580920.0
219000.0,354.730355483,2.3684843885018588E-4,219000.0,1.0,1.0,1.0,?,0.9615384615384616,1.7976931348623157E308,?,1.0,1.0,219000.0,2580920.0
220000.0,356.045974691,2.3772685917909132E-4,220000.0,1.0,1.0,1.0,?,0.9615384615384616,1.7976931348623157E308,?,1.0,1.0,220000.0,2580920.0
221000.0,357.473461999,2.3867997225541067E-4,221000.0,1.0,1.0,1.0,?,1.0,1.7976931348623157E308,?,1.0,1.0,221000.0,2580920.0
222000.0,358.833448102,2.3958801573230714E-4,222000.0,1.0,1.0,1.0,?,1.0,1.7976931348623157E308,?,1.0,1.0,222000.0,2580920.0
223000.0,360.398335479,2.4063286889045919E-4,223000.0,1.0,1.0,1.0,?,1.0,1.7976931348623157E308,?,1.0,1.0,223000.0,2580920.0
224000.0,361.952855216,2.4167079972208742E-4,224000.0,1.0,1.0,1.0,?,1.0,1.7976931348623157E308,?,1.0,1.0,224000.0,2580920.0
225000.0,363.049539396,2.424030402307719E-4,225000.0,1.0,1.0,1.0,?,1.0,1.7976931348623157E308,?,1.0,1.0,225000.0,2580920.0
226000.0,364.844672499,2.4360162520215085E-4,226000.0,1.0,1.0,1.0,?,1.0,1.7976931348623157E308,?,1.0,1.0,226000.0,2580920.0
227000.0,366.014665542,2.443828130013253E-4,227000.0,1.0,1.0,1.0,?,1.0,1.7976931348623157E308,?,1.0,1.0,227000.0,2580920.0
228000.0,367.168628633,2.451532978283764E-4,228000.0,1.0,1.0,1.0,?,1.0,1.7976931348623157E308,?,1.0,1.0,228000.0,2580920.0
229000.0,368.791313162,2.462367413270775E-4,229000.0,1.0,1.0,1.0,?,1.0,1.7976931348623157E308,?,1.0,1.0,229000.0,2580920.0
230000.0,370.293300931,2.4723959730701007E-4,230000.0,1.0,1.0,1.0,?,1.0,1.7976931348623157E308,?,1.0,1.0,230000.0,2580920.0
231000.0,371.682973279,2.481674618696267E-4,231000.0,1.0,1.0,1.0,?,1.0,1.7976931348623157E308,?,1.0,1.0,231000.0,2580920.0
232000.0,373.290969277,2.4924109804402476E-4,232000.0,1.0,1.0,1.0,?,1.0,1.7976931348623157E308,?,1.0,1.0,232000.0,2580920.0
233000.0,374.597715998,2.501135943389078E-4,233000.0,1.0,1.0,1.0,?,1.0,1.7976931348623157E308,?,1.0,1.0,233000.0,2580920.0
234000.0,376.073609136,2.510990273029659E-4,234000.0,1.0,1.0,1.0,?,1.0,1.7976931348623157E308,?,1.0,1.0,234000.0,2580920.0
235000.0,377.270655586,2.518982782791831E-4,235000.0,1.0,1.0,1.0,?,1.0,1.7976931348623157E308,?,1.0,1.0,235000.0,2580920.0
236000.0,378.741884995,2.528805973373806E-4,236000.0,1.0,1.0,1.0,?,1.0,1.7976931348623157E308,?,1.0,1.0,236000.0,2580920.0
237000.0,380.277289077,2.539057649166557E-4,237000.0,1.0,1.0,1.0,?,1.0,1.7976931348623157E308,?,1.0,1.0,237000.0,2580920.0
238000.0,382.080688267,2.5510986903735775E-4,238000.0,1.0,1.0,1.0,?,1.0,1.7976931348623157E308,?,1.0,1.0,238000.0,2580920.0
239000.0,383.671077385,2.5617174934712073E-4,239000.0,1.0,1.0,1.0,?,1.0,1.7976931348623157E308,?,1.0,1.0,239000.0,2580920.0
240000.0,384.945494989,2.5702265994804633E-4,240000.0,1.0,1.0,1.0,?,1.0,1.7976931348623157E308,?,1.0,1.0,240000.0,2580920.0
241000.0,386.159147822,2.5783299877120896E-4,241000.0,1.0,1.0,1.0,?,1.0,1.7976931348623157E308,?,1.0,1.0,241000.0,2580920.0
242000.0,387.306156097,2.585988399660289E-4,242000.0,1.0,1.0,1.0,?,1.0,1.7976931348623157E308,?,1.0,1.0,242000.0,2580920.0
243000.0,388.912945507,2.5967167051869287E-4,243000.0,1.0,1.0,1.0,?,1.0,1.7976931348623157E308,?,1.0,1.0,243000.0,2580920.0
244000.0,390.534278545,2.607542116459772E-4,244000.0,1.0,1.0,1.0,?,1.0,1.7976931348623157E308,?,1.0,1.0,244000.0,2580920.0
245000.0,392.379089296,2.6198596567997707E-4,245000.0,1.0,1.0,1.0,?,1.0,1.7976931348623157E308,?,1.0,1.0,245000.0,2580920.0
246000.0,393.903581982,2.630038478745414E-4,246000.0,1.0,1.0,1.0,?,1.0,1.7976931348623157E308,?,1.0,1.0,246000.0,2580920.0
247000.0,395.109733069,2.63809177888051E-4,247000.0,1.0,1.0,1.0,?,1.0,1.7976931348623157E308,?,1.0,1.0,247000.0,2580920.0
248000.0,396.503314823,2.6473965270573495E-4,248000.0,1.0,1.0,1.0,?,1.0,1.7976931348623157E308,?,1.0,1.0,248000.0,2580920.0
249000.0,397.963438529,2.657145566431873E-4,249000.0,1.0,1.0,1.0,?,1.0,1.7976931348623157E308,?,1.0,1.0,249000.0,2580920.0
250000.0,399.447023493,2.6670512533062473E-4,250000.0,1.0,1.0,1.0,?,1.0,1.7976931348623157E308,?,1.0,1.0,250000.0,2580920.0
251000.0,400.602606672,2.674766918675088E-4,251000.0,1.0,1.0,1.0,?,1.0,1.7976931348623157E308,?,1.0,1.0,251000.0,2580920.0
252000.0,401.854278351,2.683124153361713E-4,252000.0,1.0,1.0,1.0,?,1.0,1.7976931348623157E308,?,1.0,1.0,252000.0,2580920.0
253000.0,402.808510188,2.68949542431164E-4,253000.0,1.0,1.0,1.0,?,1.0,1.7976931348623157E308,?,1.0,1.0,253000.0,2580920.0
254000.0,404.150598501,2.6984563580693477E-4,254000.0,1.0,1.0,1.0,?,1.0,1.7976931348623157E308,?,1.0,1.0,254000.0,2580920.0
255000.0,405.448553705,2.7071226213031864E-4,255000.0,1.0,1.0,1.0,?,1.0,1.7976931348623157E308,?,1.0,1.0,255000.0,2580920.0
256000.0,406.908393721,2.716869766519723E-4,256000.0,1.0,1.0,1.0,?,1.0,1.7976931348623157E308,?,1.0,1.0,256000.0,2580920.0
257000.0,408.279154151,2.7260221399454777E-4,257000.0,1.0,1.0,1.0,?,1.0,1.7976931348623157E308,?,1.0,1.0,257000.0,2580920.0
258000.0,409.873064858,2.7366644561945485E-4,258000.0,1.0,1.0,1.0,?,1.0,1.7976931348623157E308,?,1.0,1.0,258000.0,2580920.0
259000.0,410.870134386,2.743321748345663E-4,259000.0,1.0,1.0,1.0,?,1.0,1.7976931348623157E308,?,1.0,1.0,259000.0,2580920.0
260000.0,411.961255693,2.750607010916644E-4,260000.0,1.0,1.0,1.0,?,1.0,1.7976931348623157E308,?,1.0,1.0,260000.0,2580920.0
261000.0,413.244732388,2.7591766031946277E-4,261000.0,1.0,1.0,1.0,?,1.0,1.7976931348623157E308,?,1.0,1.0,261000.0,2580920.0
262000.0,414.8155127,2.769664481069281E-4,262000.0,1.0,1.0,1.0,?,1.0,1.7976931348623157E308,?,1.0,1.0,262000.0,2580920.0
263000.0,416.329282897,2.7797717104731254E-4,263000.0,1.0,1.0,1.0,?,1.0,1.7976931348623157E308,?,1.0,1.0,263000.0,2580920.0
264000.0,417.380238347,2.7867887913004673E-4,264000.0,1.0,1.0,1.0,?,1.0,1.7976931348623157E308,?,1.0,1.0,264000.0,2580920.0
265000.0,418.265564377,2.792699987927365E-4,265000.0,1.0,1.0,1.0,?,1.0,1.7976931348623157E308,?,1.0,1.0,265000.0,2580920.0
266000.0,419.361105842,2.8000147632678513E-4,266000.0,1.0,1.0,1.0,?,1.0,1.7976931348623157E308,?,1.0,1.0,266000.0,2580920.0
267000.0,420.790630689,2.809559498390632E-4,267000.0,1.0,1.0,1.0,?,1.0,1.7976931348623157E308,?,1.0,1.0,267000.0,2580920.0
268000.0,422.337670037,2.8198888612080515E-4,268000.0,1.0,1.0,1.0,?,1.0,1.7976931348623157E308,?,1.0,1.0,268000.0,2580920.0
269000.0,423.637583079,2.828568196649178E-4,269000.0,1.0,1.0,1.0,?,1.0,1.7976931348623157E308,?,1.0,1.0,269000.0,2580920.0
270000.0,424.849089468,2.836657253377943E-4,270000.0,1.0,1.0,1.0,?,1.0,1.7976931348623157E308,?,1.0,1.0,270000.0,2580920.0
271000.0,426.280313518,2.846213333838714E-4,271000.0,1.0,1.0,1.0,?,1.0,1.7976931348623157E308,?,1.0,1.0,271000.0,2580920.0
272000.0,427.421076652,2.853830047864156E-4,272000.0,1.0,1.0,1.0,?,1.0,1.7976931348623157E308,?,1.0,1.0,272000.0,2580920.0
273000.0,428.879153265,2.8635654190883864E-4,273000.0,1.0,1.0,1.0,?,1.0,1.7976931348623157E308,?,1.0,1.0,273000.0,2580920.0
274000.0,430.241815924,2.8726637248430246E-4,274000.0,1.0,1.0,1.0,?,1.0,1.7976931348623157E308,?,1.0,1.0,274000.0,2580920.0
275000.0,431.647864989,2.882051715491261E-4,275000.0,1.0,1.0,1.0,?,1.0,1.7976931348623157E308,?,1.0,1.0,275000.0,2580920.0
276000.0,432.989509035,2.8910096829410747E-4,276000.0,1.0,1.0,1.0,?,1.0,1.7976931348623157E308,?,1.0,1.0,276000.0,2580920.0
277000.0,434.427553328,2.9006113011992784E-4,277000.0,1.0,1.0,1.0,?,1.0,1.7976931348623157E308,?,1.0,1.0,277000.0,2580920.0
278000.0,435.463691129,2.9075294466809746E-4,278000.0,1.0,1.0,1.0,?,1.0,1.7976931348623157E308,?,1.0,1.0,278000.0,2580920.0
279000.0,436.759901836,2.916184062155194E-4,279000.0,1.0,1.0,1.0,?,1.0,1.7976931348623157E308,?,1.0,1.0,279000.0,2580920.0
280000.0,438.831244342,2.930014122968629E-4,280000.0,1.0,1.0,1.0,?,1.0,1.7976931348623157E308,?,1.0,1.0,280000.0,2580920.0
281000.0,440.448546602,2.9408126213071293E-4,281000.0,1.0,1.0,1.0,?,1.0,1.7976931348623157E308,?,1.0,1.0,281000.0,2580920.0
282000.0,441.889791817,2.95043561166859E-4,282000.0,1.0,1.0,1.0,?,1.0,1.7976931348623157E308,?,1.0,1.0,282000.0,2580920.0
283000.0,443.438097456,2.960773429331834E-4,283000.0,1.0,1.0,1.0,?,1.0,1.7976931348623157E308,?,1.0,1.0,283000.0,2580920.0
284000.0,444.889705977,2.970465614021028E-4,284000.0,1.0,1.0,1.0,?,1.0,1.7976931348623157E308,?,1.0,1.0,284000.0,2580920.0
285000.0,446.344824232,2.980181232707506E-4,285000.0,1.0,1.0,1.0,?,1.0,1.7976931348623157E308,?,1.0,1.0,285000.0,2580920.0
286000.0,447.642141559,2.9888432369268764E-4,286000.0,1.0,1.0,1.0,?,1.0,1.7976931348623157E308,?,1.0,1.0,286000.0,2580920.0
287000.0,449.024528109,2.9980732363107514E-4,287000.0,1.0,1.0,1.0,?,1.0,1.7976931348623157E308,?,1.0,1.0,287000.0,2580920.0
288000.0,450.270833073,3.0063946382007225E-4,288000.0,1.0,1.0,1.0,?,1.0,1.7976931348623157E308,?,1.0,1.0,288000.0,2580920.0
289000.0,451.673284297,3.015758606573704E-4,289000.0,1.0,1.0,1.0,?,1.0,1.7976931348623157E308,?,1.0,1.0,289000.0,2580920.0
290000.0,453.172714904,3.025770092564199E-4,290000.0,1.0,1.0,1.0,?,1.0,1.7976931348623157E308,?,1.0,1.0,290000.0,2580920.0
291000.0,453.901318377,3.0306348748545647E-4,291000.0,1.0,1.0,1.0,?,1.0,1.7976931348623157E308,?,1.0,1.0,291000.0,2580920.0
292000.0,455.940218224,3.044248320624558E-4,292000.0,1.0,1.0,1.0,?,1.0,1.7976931348623157E308,?,1.0,1.0,292000.0,2580920.0
293000.0,457.192830786,3.0526118374538374E-4,293000.0,1.0,1.0,1.0,?,1.0,1.7976931348623157E308,?,1.0,1.0,293000.0,2580920.0
294000.0,458.662213544,3.0624226982083904E-4,294000.0,1.0,1.0,1.0,?,1.0,1.7976931348623157E308,?,1.0,1.0,294000.0,2580920.0
295000.0,460.181559084,3.0725671533885234E-4,295000.0,1.0,1.0,1.0,?,1.0,1.7976931348623157E308,?,1.0,1.0,295000.0,2580920.0
296000.0,461.344470865,3.080331750795907E-4,296000.0,1.0,1.0,1.0,?,1.0,1.7976931348623157E308,?,1.0,1.0,296000.0,2580920.0
297000.0,462.514728108,3.088145392813666E-4,297000.0,1.0,1.0,1.0,?,1.0,1.7976931348623157E308,?,1.0,1.0,297000.0,2580920.0
298000.0,463.647074021,3.095705906245545E-4,298000.0,1.0,1.0,1.0,?,1.0,1.7976931348623157E308,?,1.0,1.0,298000.0,2580920.0
299000.0,464.65139654,3.1024116255912534E-4,299000.0,1.0,1.0,1.0,?,1.0,1.7976931348623157E308,?,1.0,1.0,299000.0,2580920.0
300000.0,465.950154583,3.111083249267491E-4,300000.0,1.0,1.0,1.0,?,1.0,1.7976931348623157E308,?,1.0,1.0,300000.0,2580920.0
301000.0,466.967581671,3.11787646596609E-4,301000.0,1.0,1.0,1.0,?,1.0,1.7976931348623157E308,?,1.0,1.0,301000.0,2580920.0
302000.0,468.383143175,3.1273279698235004E-4,302000.0,1.0,1.0,1.0,?,1.0,1.7976931348623157E308,?,1.0,1.0,302000.0,2580920.0
303000.0,469.326880382,3.133629169613928E-4,303000.0,1.0,1.0,1.0,?,1.0,1.7976931348623157E308,?,1.0,1.0,303000.0,2580920.0
304000.0,470.497781325,3.141447109525503E-4,304000.0,1.0,1.0,1.0,?,1.0,1.7976931348623157E308,?,1.0,1.0,304000.0,2580920.0
305000.0,472.133444847,3.152368203412222E-4,305000.0,1.0,1.0,1.0,?,1.0,1.7976931348623157E308,?,1.0,1.0,305000.0,2580920.0
306000.0,473.799277103,3.163490729666922E-4,306000.0,1.0,1.0,1.0,?,1.0,1.7976931348623157E308,?,1.0,1.0,306000.0,2580920.0
307000.0,475.448332952,3.1745012422259786E-4,307000.0,1.0,1.0,1.0,?,1.0,1.7976931348623157E308,?,1.0,1.0,307000.0,2580920.0
308000.0,476.995097515,3.1848287703428355E-4,308000.0,1.0,1.0,1.0,?,1.0,1.7976931348623157E308,?,1.0,1.0,308000.0,2580920.0
309000.0,478.464136882,3.194637338324272E-4,309000.0,1.0,1.0,1.0,?,1.0,1.7976931348623157E308,?,1.0,1.0,309000.0,2580920.0
310000.0,480.256761067,3.2066064363475927E-4,310000.0,1.0,1.0,1.0,?,1.0,1.7976931348623157E308,?,1.0,1.0,310000.0,2580920.0
311000.0,481.802303723,3.2169258059643133E-4,311000.0,1.0,1.0,1.0,?,1.0,1.7976931348623157E308,?,1.0,1.0,311000.0,2580920.0
312000.0,483.819377137,3.23039351972965E-4,312000.0,1.0,1.0,1.0,?,1.0,1.7976931348623157E308,?,1.0,1.0,312000.0,2580920.0
313000.0,485.817249461,3.2437330305340494E-4,313000.0,0.9993324432576769,0.9947930574098798,0.9997,0.9978311933959552,1.0,12.35113484646195,0.9979953204028872,1.0,0.8772549019607986,313000.0,2580920.0
314000.0,488.394574338,3.260941464041129E-4,314000.0,0.9993873333333333,0.9957013111111297,0.9994,0.9966666666666664,1.0,9.0,0.9983324429600927,0.9996666666666667,0.8145669291338471,314000.0,2580920.0
315000.0,490.408843427,3.2743904537252584E-4,315000.0,0.9993873333333333,0.9957013111111297,0.9994,0.9966666666666664,1.0,9.0,0.9983324429600927,0.9996666666666667,0.8139763779527404,315000.0,2580920.0
316000.0,492.200706109,3.286354467300802E-4,316000.0,0.9993873333333333,0.9957013111111297,0.9994,0.9966666666666664,1.0,9.0,0.9983324429600927,0.9996666666666667,0.8133858267716403,316000.0,2580920.0
317000.0,494.065642903,3.2988063863820363E-4,317000.0,0.9993873333333333,0.9957013111111297,0.9994,0.9966666666666664,1.0,9.0,0.9983324429600927,0.9996666666666667,0.8127952755905403,317000.0,2580920.0
318000.0,495.646568538,3.309362003142777E-4,318000.0,0.9993873333333333,0.9957013111111297,0.9994,0.9966666666666664,1.0,9.0,0.9983324429600927,0.9996666666666667,0.8122047244094355,318000.0,2580920.0
319000.0,497.431648623,3.3212807302779025E-4,319000.0,0.9988880993437055,0.9942073927850311,0.9993,0.9961128387383383,1.0,8.99000999000999,0.9978336323149558,0.9996666296255139,0.7804326450344056,319000.0,2580920.0
320000.0,499.567251508,3.335539848548948E-4,320000.0,0.9988880993437055,0.9942073927850311,0.9993,0.9961128387383383,1.0,8.99000999000999,0.9978336323149558,0.9996666296255139,0.7797443461160191,320000.0,2580920.0
321000.0,501.574838378,3.3489442220023617E-4,321000.0,0.9978950716124768,0.9897862217539241,0.9988,0.9933510601457559,0.9988880993437055,8.950248756218905,0.9957904645720143,0.9995553085047248,0.6227228207639623,321000.0,2580920.0
322000.0,503.240080781,3.3600628098920464E-4,322000.0,0.9978950716124768,0.9897862217539241,0.9988,0.9933510601457559,0.9988880993437055,8.950248756218905,0.9957904645720143,0.9995553085047248,0.6215475024485849,322000.0,2580920.0
323000.0,505.110531196,3.372551542640509E-4,323000.0,0.9940315835385879,0.9765327541307469,0.9991,0.9819256783895375,0.9988880993437055,38.0625,0.9899829588045024,0.9995894909688013,0.7152791380998996,323000.0,2580920.0
324000.0,507.107531509,3.385885231150853E-4,324000.0,0.9528169107590987,0.7942916324444091,0.999,0.8974600863386054,0.9988880993437055,187.67924528301887,0.911101101982065,0.999899467176033,0.6969130028063577,324000.0,2580920.0
325000.0,508.651882041,3.396196641124313E-4,325000.0,0.9974045491936395,0.9886805025984484,0.9986,0.9922634562810128,0.9988880993437055,8.920634920634921,0.9952488851940094,0.999443950177936,0.7751976284585035,325000.0,2580920.0
326000.0,510.828762809,3.410731365979246E-4,326000.0,0.9974045491936395,0.9886805025984484,0.9986,0.9922634562810128,0.9988880993437055,8.920634920634921,0.9952488851940094,0.999443950177936,0.7745059288537623,326000.0,2580920.0
327000.0,512.502510944,3.421906745437917E-4,327000.0,0.9974045491936395,0.9886805025984484,0.9986,0.9922634562810128,0.9988880993437055,8.920634920634921,0.9952488851940094,0.999443950177936,0.7738142292490175,327000.0,2580920.0
328000.0,514.25914506,3.433635542863191E-4,328000.0,0.9974045491936395,0.9886805025984484,0.9986,0.9922634562810128,0.9988880993437055,8.920634920634921,0.9952488851940094,0.999443950177936,0.773122529644276,328000.0,2580920.0
329000.0,516.038115399,3.4455134760888164E-4,329000.0,0.9978988954335111,0.9901585046120689,0.9987,0.9928128923884331,0.9988880993437055,8.930486593843098,0.9957429586591593,0.9994440120093406,0.7886857707509937,329000.0,2580920.0
330000.0,517.865597523,3.4577153156383714E-4,330000.0,0.9978988954335111,0.9901585046120689,0.9987,0.9928128923884331,0.9988880993437055,8.930486593843098,0.9957429586591593,0.9994440120093406,0.7880434782608745,330000.0,2580920.0
331000.0,519.502441175,3.4686442890861094E-4,331000.0,0.99863660729953,0.9924825596574666,0.9989,0.9947972832359007,0.9978988954335111,7.312551953449709,0.9968596485821815,0.999545299533932,0.8362859712230218,331000.0,2580920.0
332000.0,521.293830628,3.480605142978583E-4,332000.0,0.99863660729953,0.9924825596574666,0.9989,0.9947972832359007,0.9978988954335111,7.312551953449709,0.9968596485821815,0.999545299533932,0.8357913669064769,332000.0,2580920.0
333000.0,523.313596217,3.4940908320154463E-4,333000.0,0.99863660729953,0.9924825596574666,0.9989,0.9947972832359007,0.9978988954335111,7.312551953449709,0.9968596485821815,0.999545299533932,0.8352967625899291,333000.0,2580920.0
334000.0,525.083156453,3.505905935314889E-4,334000.0,0.9994526709393866,0.9965186387006624,0.9993,0.9965752821478263,0.9978988954335111,7.658008658008658,0.9984746061535882,0.9995477671000566,0.8948741007194199,334000.0,2580920.0
335000.0,526.970665003,3.518508562816986E-4,335000.0,0.9975,0.9825,0.9997,0.9922902960526324,0.9978988954335111,49.0,0.9924716620639604,1.0,0.9548111510791414,335000.0,2580920.0
336000.0,528.636590521,3.529631711768864E-4,336000.0,0.9975,0.9825,0.9997,0.9922902960526324,0.9978988954335111,49.0,0.9924716620639604,1.0,0.9546762589928108,336000.0,2580920.0
337000.0,530.14677213,3.5397149806784247E-4,337000.0,0.9975,0.9825,0.9997,0.9922902960526324,0.9978988954335111,49.0,0.9924716620639604,1.0,0.9545413669064798,337000.0,2580920.0
338000.0,532.150725592,3.553095094380757E-4,338000.0,0.9975,0.9825,0.9997,0.9922902960526324,0.9978988954335111,49.0,0.9924716620639604,1.0,0.9544064748201493,338000.0,2580920.0
339000.0,533.950305972,3.565110637933777E-4,339000.0,0.9975,0.9825,0.9997,0.9922902960526324,0.9978988954335111,49.0,0.9924716620639604,1.0,0.9542715827338181,339000.0,2580920.0
340000.0,535.815283625,3.577562829824772E-4,340000.0,0.9975,0.9825,0.9997,0.9922902960526324,0.9978988954335111,49.0,0.9924716620639604,1.0,0.9541366906474873,340000.0,2580920.0
341000.0,537.607247618,3.589527519839527E-4,341000.0,1.0,1.0,1.0,?,0.9975,1.7976931348623157E308,?,1.0,1.0,341000.0,2580920.0
342000.0,538.843235157,3.5977800337427097E-4,342000.0,1.0,1.0,1.0,?,0.9975,1.7976931348623157E308,?,1.0,1.0,342000.0,2580920.0
343000.0,540.549690148,3.6091737922508063E-4,343000.0,1.0,1.0,1.0,?,0.9975,1.7976931348623157E308,?,1.0,1.0,343000.0,2580920.0
344000.0,542.196473344,3.620169130627367E-4,344000.0,1.0,1.0,1.0,?,0.9975,1.7976931348623157E308,?,1.0,1.0,344000.0,2580920.0
345000.0,543.870403104,3.631345722770462E-4,345000.0,1.0,1.0,1.0,?,0.9975,1.7976931348623157E308,?,1.0,1.0,345000.0,2580920.0
346000.0,545.205918684,3.640262771319984E-4,346000.0,1.0,1.0,1.0,?,0.9975,1.7976931348623157E308,?,1.0,1.0,346000.0,2580920.0
347000.0,546.351959377,3.6479147228600837E-4,347000.0,1.0,1.0,1.0,?,0.9975,1.7976931348623157E308,?,1.0,1.0,347000.0,2580920.0
348000.0,547.440882692,3.6551853097495016E-4,348000.0,1.0,1.0,1.0,?,0.9975,1.7976931348623157E308,?,1.0,1.0,348000.0,2580920.0
349000.0,548.999463999,3.665591736593954E-4,349000.0,0.5,-0.5,0.9999,0.0,0.9975,9999.0,0.0,1.0,0.9843146067415747,349000.0,2580920.0
350000.0,550.233946968,3.673834204696146E-4,350000.0,0.5,-0.5,0.9999,0.0,0.9975,9999.0,0.0,1.0,0.98426966292135,350000.0,2580920.0
351000.0,551.52680414,3.682466429091702E-4,351000.0,0.5,-0.5,0.9999,0.0,0.5,9999.0,0.0,1.0,0.9842247191011254,351000.0,2580920.0
352000.0,553.263143882,3.694059723853473E-4,352000.0,0.5,-0.5,0.9999,0.0,0.5,9999.0,0.0,1.0,0.9841797752809007,352000.0,2580920.0
353000.0,554.793498967,3.7042776882076985E-4,353000.0,0.5,-0.5,0.9999,0.0,0.5,9999.0,0.0,1.0,0.984134831460676,353000.0,2580920.0
354000.0,556.433283198,3.7152262954853217E-4,354000.0,0.5,-0.5,0.9999,0.0,0.5,9999.0,0.0,1.0,0.9840898876404511,354000.0,2580920.0
355000.0,558.047914602,3.7260069608962415E-4,355000.0,0.5,-0.5,0.9999,0.0,0.5,9999.0,0.0,1.0,0.9840449438202264,355000.0,2580920.0
356000.0,559.473788934,3.735527322046922E-4,356000.0,0.5,-0.5,0.9999,0.0,0.5,9999.0,0.0,1.0,0.9840000000000017,356000.0,2580920.0
357000.0,560.955331529,3.745419372312483E-4,357000.0,0.5,-0.5,0.9999,0.0,0.5,9999.0,0.0,1.0,0.983955056179777,357000.0,2580920.0
358000.0,562.177258242,3.7535780040700987E-4,358000.0,0.5,-0.5,0.9999,0.0,0.5,9999.0,0.0,1.0,0.9839101123595524,358000.0,2580920.0
359000.0,564.130310201,3.766618255639565E-4,359000.0,1.0,1.0,1.0,?,0.5,1.7976931348623157E308,?,1.0,1.0,359000.0,2580920.0
360000.0,565.717782293,3.777217582167358E-4,360000.0,1.0,1.0,1.0,?,0.5,1.7976931348623157E308,?,1.0,1.0,360000.0,2580920.0
361000.0,567.598247376,3.789773181436961E-4,361000.0,1.0,1.0,1.0,?,1.0,1.7976931348623157E308,?,1.0,1.0,361000.0,2580920.0
362000.0,569.425728564,3.801975014736976E-4,362000.0,1.0,1.0,1.0,?,1.0,1.7976931348623157E308,?,1.0,1.0,362000.0,2580920.0
363000.0,570.968767673,3.8122776685246346E-4,363000.0,1.0,1.0,1.0,?,1.0,1.7976931348623157E308,?,1.0,1.0,363000.0,2580920.0
364000.0,571.739351681,3.817422748906865E-4,364000.0,1.0,1.0,1.0,?,1.0,1.7976931348623157E308,?,1.0,1.0,364000.0,2580920.0
365000.0,573.389064598,3.828437648615981E-4,365000.0,1.0,1.0,1.0,?,1.0,1.7976931348623157E308,?,1.0,1.0,365000.0,2580920.0
366000.0,574.826213052,3.838033285483945E-4,366000.0,1.0,1.0,1.0,?,1.0,1.7976931348623157E308,?,1.0,1.0,366000.0,2580920.0
367000.0,576.288676013,3.847797943733094E-4,367000.0,1.0,1.0,1.0,?,1.0,1.7976931348623157E308,?,1.0,1.0,367000.0,2580920.0
368000.0,577.521203866,3.856027357802407E-4,368000.0,1.0,1.0,1.0,?,1.0,1.7976931348623157E308,?,1.0,1.0,368000.0,2580920.0
369000.0,579.425356959,3.868741118562879E-4,369000.0,1.0,1.0,1.0,?,1.0,1.7976931348623157E308,?,1.0,1.0,369000.0,2580920.0
370000.0,581.171351435,3.880398876617404E-4,370000.0,1.0,1.0,1.0,?,1.0,1.7976931348623157E308,?,1.0,1.0,370000.0,2580920.0
371000.0,582.311888396,3.888014080517729E-4,371000.0,1.0,1.0,1.0,?,1.0,1.7976931348623157E308,?,1.0,1.0,371000.0,2580920.0
372000.0,583.479272549,3.8958085393201065E-4,372000.0,1.0,1.0,1.0,?,1.0,1.7976931348623157E308,?,1.0,1.0,372000.0,2580920.0
373000.0,584.840118845,3.904894717476013E-4,373000.0,1.0,1.0,1.0,?,1.0,1.7976931348623157E308,?,1.0,1.0,373000.0,2580920.0
374000.0,586.218593261,3.9140985960947454E-4,374000.0,1.0,1.0,1.0,?,1.0,1.7976931348623157E308,?,1.0,1.0,374000.0,2580920.0
375000.0,587.827626284,3.9248418819079104E-4,375000.0,1.0,1.0,1.0,?,1.0,1.7976931348623157E308,?,1.0,1.0,375000.0,2580920.0
376000.0,589.130397415,3.9335403004048643E-4,376000.0,1.0,1.0,1.0,?,1.0,1.7976931348623157E308,?,1.0,1.0,376000.0,2580920.0
377000.0,590.589466408,3.943282297609931E-4,377000.0,1.0,1.0,1.0,?,1.0,1.7976931348623157E308,?,1.0,1.0,377000.0,2580920.0
378000.0,592.116776904,3.953479933674219E-4,378000.0,1.0,1.0,1.0,?,1.0,1.7976931348623157E308,?,1.0,1.0,378000.0,2580920.0
379000.0,593.609947031,3.9634496193256244E-4,379000.0,1.0,1.0,1.0,?,1.0,1.7976931348623157E308,?,1.0,1.0,379000.0,2580920.0
380000.0,595.245627295,3.974370824996308E-4,380000.0,1.0,1.0,1.0,?,1.0,1.7976931348623157E308,?,1.0,1.0,380000.0,2580920.0
381000.0,597.073896549,3.9865779201014927E-4,381000.0,1.0,1.0,1.0,?,1.0,1.7976931348623157E308,?,1.0,1.0,381000.0,2580920.0
382000.0,599.037949489,3.999691623664435E-4,382000.0,1.0,1.0,1.0,?,1.0,1.7976931348623157E308,?,1.0,1.0,382000.0,2580920.0
383000.0,600.757947616,4.0111758077752225E-4,383000.0,1.0,1.0,1.0,?,1.0,1.7976931348623157E308,?,1.0,1.0,383000.0,2580920.0
384000.0,601.688410769,4.0173883785853977E-4,384000.0,1.0,1.0,1.0,?,1.0,1.7976931348623157E308,?,1.0,1.0,384000.0,2580920.0
385000.0,603.398792659,4.028808356442453E-4,385000.0,0.4998999899989999,-0.4998999899989999,0.9999,0.0,1.0,9999.0,0.0,1.0,0.9827044025157253,385000.0,2580920.0
386000.0,604.968827262,4.039291255323633E-4,386000.0,0.4998999899989999,-0.4998999899989999,0.9999,0.0,1.0,9999.0,0.0,1.0,0.9826594788858958,386000.0,2580920.0
387000.0,606.09186298,4.046789605900908E-4,387000.0,0.4998999899989999,-0.4998999899989999,0.9999,0.0,1.0,9999.0,0.0,1.0,0.9826145552560667,387000.0,2580920.0
388000.0,607.835032336,4.0584285010289537E-4,388000.0,0.4998999899989999,-0.4998999899989999,0.9999,0.0,1.0,9999.0,0.0,1.0,0.9825696316262373,388000.0,2580920.0
389000.0,609.966722465,4.0726614943818496E-4,389000.0,0.4998999899989999,-0.4998999899989999,0.9999,0.0,1.0,9999.0,0.0,1.0,0.9825247079964079,389000.0,2580920.0
390000.0,612.01450013,4.0863342160863997E-4,390000.0,0.4998999899989999,-0.4998999899989999,0.9999,0.0,1.0,9999.0,0.0,1.0,0.9824797843665787,390000.0,2580920.0
391000.0,613.582617052,4.096804310882898E-4,391000.0,0.4998999899989999,-0.4998999899989999,0.9999,0.0,0.4998999899989999,9999.0,0.0,1.0,0.9824348607367495,391000.0,2580920.0
392000.0,614.883070658,4.1054872555933614E-4,392000.0,0.4998999899989999,-0.4998999899989999,0.9999,0.0,0.4998999899989999,9999.0,0.0,1.0,0.9823899371069201,392000.0,2580920.0
393000.0,616.506411152,4.1163260703658576E-4,393000.0,0.4998999899989999,-0.4998999899989999,0.9999,0.0,0.4998999899989999,9999.0,0.0,1.0,0.9823450134770907,393000.0,2580920.0
394000.0,617.967119151,4.1260790109820636E-4,394000.0,0.4998999899989999,-0.4998999899989999,0.9999,0.0,0.4998999899989999,9999.0,0.0,1.0,0.9823000898472616,394000.0,2580920.0
395000.0,619.116331825,4.133752141390459E-4,395000.0,1.0,1.0,1.0,?,0.4998999899989999,1.7976931348623157E308,?,1.0,1.0,395000.0,2580920.0
396000.0,620.569755551,4.1434564459465835E-4,396000.0,1.0,1.0,1.0,?,0.4998999899989999,1.7976931348623157E308,?,1.0,1.0,396000.0,2580920.0
397000.0,621.911616244,4.15241585991776E-4,397000.0,1.0,1.0,1.0,?,0.4998999899989999,1.7976931348623157E308,?,1.0,1.0,397000.0,2580920.0
398000.0,624.032602287,4.1665773836030835E-4,398000.0,1.0,1.0,1.0,?,0.4998999899989999,1.7976931348623157E308,?,1.0,1.0,398000.0,2580920.0
399000.0,625.393800165,4.1756659092222545E-4,399000.0,1.0,1.0,1.0,?,0.4998999899989999,1.7976931348623157E308,?,1.0,1.0,399000.0,2580920.0
400000.0,626.969632119,4.1861875161957246E-4,400000.0,1.0,1.0,1.0,?,0.4998999899989999,1.7976931348623157E308,?,1.0,1.0,400000.0,2580920.0
401000.0,628.599219761,4.1970680422914324E-4,401000.0,1.0,1.0,1.0,?,1.0,1.7976931348623157E308,?,1.0,1.0,401000.0,2580920.0
402000.0,629.970266073,4.206222324510848E-4,402000.0,1.0,1.0,1.0,?,1.0,1.7976931348623157E308,?,1.0,1.0,402000.0,2580920.0
403000.0,631.592184247,4.217051642653965E-4,403000.0,1.0,1.0,1.0,?,1.0,1.7976931348623157E308,?,1.0,1.0,403000.0,2580920.0
404000.0,633.582680143,4.230341902092388E-4,404000.0,1.0,1.0,1.0,?,1.0,1.7976931348623157E308,?,1.0,1.0,404000.0,2580920.0
405000.0,635.293269503,4.241763265197276E-4,405000.0,1.0,1.0,1.0,?,1.0,1.7976931348623157E308,?,1.0,1.0,405000.0,2580920.0
406000.0,636.945089706,4.2527922349568293E-4,406000.0,1.0,1.0,1.0,?,1.0,1.7976931348623157E308,?,1.0,1.0,406000.0,2580920.0
407000.0,638.487345184,4.263089656551186E-4,407000.0,1.0,1.0,1.0,?,1.0,1.7976931348623157E308,?,1.0,1.0,407000.0,2580920.0
408000.0,640.107391308,4.273906475281352E-4,408000.0,1.0,1.0,1.0,?,1.0,1.7976931348623157E308,?,1.0,1.0,408000.0,2580920.0
409000.0,641.443042442,4.2828244289057506E-4,409000.0,1.0,1.0,1.0,?,1.0,1.7976931348623157E308,?,1.0,1.0,409000.0,2580920.0
410000.0,643.056024051,4.293594078868905E-4,410000.0,1.0,1.0,1.0,?,1.0,1.7976931348623157E308,?,1.0,1.0,410000.0,2580920.0
411000.0,644.688433872,4.304493448254452E-4,411000.0,0.5,-0.5,0.9999,0.0,1.0,9999.0,0.0,1.0,0.9815446789402805,411000.0,2580920.0
412000.0,646.132015591,4.3141320391225005E-4,412000.0,0.5,-0.5,0.9998,0.0,1.0,4999.0,0.0,1.0,0.9630161579892318,412000.0,2580920.0
413000.0,647.986947065,4.3265171540978674E-4,413000.0,0.5,-0.5,0.9998,0.0,1.0,4999.0,0.0,1.0,0.9629263913824102,413000.0,2580920.0
414000.0,649.58334327,4.337176065665381E-4,414000.0,0.5,-0.5,0.9998,0.0,1.0,4999.0,0.0,1.0,0.9628366247755875,414000.0,2580920.0
415000.0,651.006635136,4.346679184056004E-4,415000.0,0.5,-0.5,0.9998,0.0,1.0,4999.0,0.0,1.0,0.9627468581687655,415000.0,2580920.0
416000.0,652.412537053,4.3560661922178664E-4,416000.0,0.5,-0.5,0.9998,0.0,1.0,4999.0,0.0,1.0,0.9626570915619428,416000.0,2580920.0
417000.0,653.249630354,4.3616553457382593E-4,417000.0,0.5,-0.5,0.9998,0.0,1.0,4999.0,0.0,1.0,0.9625673249551212,417000.0,2580920.0
418000.0,655.014583787,4.373439690065943E-4,418000.0,0.5,-0.5,0.9998,0.0,1.0,4999.0,0.0,1.0,0.9624775583482985,418000.0,2580920.0
419000.0,656.585473384,4.383928297621077E-4,419000.0,0.5,-0.5,0.9998,0.0,1.0,4999.0,0.0,1.0,0.962387791741476,419000.0,2580920.0
420000.0,658.735589544,4.39828431897564E-4,420000.0,0.5,-0.5,0.9998,0.0,1.0,4999.0,0.0,1.0,0.9622980251346542,420000.0,2580920.0
421000.0,660.667976758,4.411186594966844E-4,421000.0,0.5,-0.5,0.9999,0.0,0.5,9999.0,0.0,1.0,0.9811041292639161,421000.0,2580920.0
422000.0,663.066349657,4.4272001914388826E-4,422000.0,1.0,1.0,1.0,?,0.5,1.7976931348623157E308,?,1.0,1.0,422000.0,2580920.0
423000.0,664.371869676,4.4359169638720394E-4,423000.0,1.0,1.0,1.0,?,0.5,1.7976931348623157E308,?,1.0,1.0,423000.0,2580920.0
424000.0,665.82403121,4.4456128409507825E-4,424000.0,1.0,1.0,1.0,?,0.5,1.7976931348623157E308,?,1.0,1.0,424000.0,2580920.0
425000.0,667.825215076,4.458974462452526E-4,425000.0,1.0,1.0,1.0,?,0.5,1.7976931348623157E308,?,1.0,1.0,425000.0,2580920.0
426000.0,669.717826897,4.4716111637729675E-4,426000.0,1.0,1.0,1.0,?,0.5,1.7976931348623157E308,?,1.0,1.0,426000.0,2580920.0
427000.0,671.829385401,4.485709741114404E-4,427000.0,1.0,1.0,1.0,?,0.5,1.7976931348623157E308,?,1.0,1.0,427000.0,2580920.0
428000.0,674.180597299,4.501408450256142E-4,428000.0,1.0,1.0,1.0,?,0.5,1.7976931348623157E308,?,1.0,1.0,428000.0,2580920.0
429000.0,676.083384423,4.514113090634888E-4,429000.0,1.0,1.0,1.0,?,0.5,1.7976931348623157E308,?,1.0,1.0,429000.0,2580920.0
430000.0,678.185378234,4.5281478058745866E-4,430000.0,1.0,1.0,1.0,?,0.5,1.7976931348623157E308,?,1.0,1.0,430000.0,2580920.0
431000.0,680.052555439,4.5406146838630453E-4,431000.0,1.0,1.0,1.0,?,1.0,1.7976931348623157E308,?,1.0,1.0,431000.0,2580920.0
432000.0,681.650382923,4.5512831518779135E-4,432000.0,1.0,1.0,1.0,?,1.0,1.7976931348623157E308,?,1.0,1.0,432000.0,2580920.0
433000.0,682.892740128,4.5595781951396575E-4,433000.0,1.0,1.0,1.0,?,1.0,1.7976931348623157E308,?,1.0,1.0,433000.0,2580920.0
434000.0,684.442664019,4.569926817642519E-4,434000.0,1.0,1.0,1.0,?,1.0,1.7976931348623157E308,?,1.0,1.0,434000.0,2580920.0
435000.0,686.732066197,4.585212832030016E-4,435000.0,1.0,1.0,1.0,?,1.0,1.7976931348623157E308,?,1.0,1.0,435000.0,2580920.0
436000.0,688.219841927,4.5951465000559704E-4,436000.0,1.0,1.0,1.0,?,1.0,1.7976931348623157E308,?,1.0,1.0,436000.0,2580920.0
437000.0,690.59455637,4.611002132365016E-4,437000.0,1.0,1.0,1.0,?,1.0,1.7976931348623157E308,?,1.0,1.0,437000.0,2580920.0
438000.0,692.933268547,4.626617382638372E-4,438000.0,1.0,1.0,1.0,?,1.0,1.7976931348623157E308,?,1.0,1.0,438000.0,2580920.0
439000.0,694.631995074,4.637959539285934E-4,439000.0,1.0,1.0,1.0,?,1.0,1.7976931348623157E308,?,1.0,1.0,439000.0,2580920.0
440000.0,696.212679312,4.648513544273064E-4,440000.0,1.0,1.0,1.0,?,1.0,1.7976931348623157E308,?,1.0,1.0,440000.0,2580920.0
441000.0,697.989761645,4.660378871549784E-4,441000.0,1.0,1.0,1.0,?,1.0,1.7976931348623157E308,?,1.0,1.0,441000.0,2580920.0
442000.0,699.448844081,4.67012095851186E-4,442000.0,1.0,1.0,1.0,?,1.0,1.7976931348623157E308,?,1.0,1.0,442000.0,2580920.0
443000.0,701.30653829,4.6825245198778894E-4,443000.0,1.0,1.0,1.0,?,1.0,1.7976931348623157E308,?,1.0,1.0,443000.0,2580920.0
444000.0,702.901944965,4.693176824493614E-4,444000.0,1.0,1.0,1.0,?,1.0,1.7976931348623157E308,?,1.0,1.0,444000.0,2580920.0
445000.0,704.358813587,4.7029041301328703E-4,445000.0,1.0,1.0,1.0,?,1.0,1.7976931348623157E308,?,1.0,1.0,445000.0,2580920.0
446000.0,706.350254132,4.7162006968589964E-4,446000.0,1.0,1.0,1.0,?,1.0,1.7976931348623157E308,?,1.0,1.0,446000.0,2580920.0
447000.0,708.172754183,4.728369271812104E-4,447000.0,1.0,1.0,1.0,?,1.0,1.7976931348623157E308,?,1.0,1.0,447000.0,2580920.0
448000.0,709.958206151,4.740290481957399E-4,448000.0,1.0,1.0,1.0,?,1.0,1.7976931348623157E308,?,1.0,1.0,448000.0,2580920.0
449000.0,711.931986581,4.7534691345946115E-4,449000.0,1.0,1.0,1.0,?,1.0,1.7976931348623157E308,?,1.0,1.0,449000.0,2580920.0
450000.0,713.773713078,4.7657660818070804E-4,450000.0,1.0,1.0,1.0,?,1.0,1.7976931348623157E308,?,1.0,1.0,450000.0,2580920.0
451000.0,715.398386999,4.7766137996829727E-4,451000.0,1.0,1.0,1.0,?,1.0,1.7976931348623157E308,?,1.0,1.0,451000.0,2580920.0
452000.0,717.183096921,4.788530055292126E-4,452000.0,0.7499499899979996,-0.1500050010002002,0.9998,0.0,1.0,4999.0,0.0,1.0,0.9594618834080758,452000.0,2580920.0
453000.0,718.993286663,4.8006164360539744E-4,453000.0,0.7499499899979996,-0.1500050010002002,0.9998,0.0,1.0,4999.0,0.0,1.0,0.9593721973094211,453000.0,2580920.0
454000.0,720.941832686,4.813626602126368E-4,454000.0,0.7499499899979996,-0.1500050010002002,0.9998,0.0,1.0,4999.0,0.0,1.0,0.9592825112107669,454000.0,2580920.0
455000.0,723.090307721,4.827971665921528E-4,455000.0,0.7499499899979996,-0.1500050010002002,0.9998,0.0,1.0,4999.0,0.0,1.0,0.9591928251121122,455000.0,2580920.0
456000.0,725.175392347,4.8418934809256654E-4,456000.0,0.7499499899979996,-0.1500050010002002,0.9998,0.0,1.0,4999.0,0.0,1.0,0.9591031390134578,456000.0,2580920.0
457000.0,727.321010934,4.856219472621723E-4,457000.0,0.7499499899979996,-0.1500050010002002,0.9998,0.0,1.0,4999.0,0.0,1.0,0.9590134529148032,457000.0,2580920.0
458000.0,729.208150048,4.868819633451924E-4,458000.0,0.7499499899979996,-0.1500050010002002,0.9998,0.0,1.0,4999.0,0.0,1.0,0.958923766816148,458000.0,2580920.0
459000.0,730.811399002,4.879524299854833E-4,459000.0,0.7499499899979996,-0.1500050010002002,0.9998,0.0,1.0,4999.0,0.0,1.0,0.9588340807174933,459000.0,2580920.0
460000.0,732.76961209,4.892599011552322E-4,460000.0,0.7499499899979996,-0.1500050010002002,0.9998,0.0,1.0,4999.0,0.0,1.0,0.9587443946188389,460000.0,2580920.0
461000.0,734.98344234,4.907380442870143E-4,461000.0,0.7499499899979996,-0.1500050010002002,0.9998,0.0,0.7499499899979996,4999.0,0.0,1.0,0.9586547085201844,461000.0,2580920.0
462000.0,736.513533033,4.917596641916395E-4,462000.0,1.0,1.0,1.0,?,0.7499499899979996,1.7976931348623157E308,?,1.0,1.0,462000.0,2580920.0
463000.0,738.660698722,4.931932963393589E-4,463000.0,1.0,1.0,1.0,?,0.7499499899979996,1.7976931348623157E308,?,1.0,1.0,463000.0,2580920.0
464000.0,740.393556935,4.94350301247887E-4,464000.0,1.0,1.0,1.0,?,0.7499499899979996,1.7976931348623157E308,?,1.0,1.0,464000.0,2580920.0
465000.0,742.385524819,4.95680310017288E-4,465000.0,1.0,1.0,1.0,?,0.7499499899979996,1.7976931348623157E308,?,1.0,1.0,465000.0,2580920.0
466000.0,744.237832702,4.969170697802383E-4,466000.0,1.0,1.0,1.0,?,0.7499499899979996,1.7976931348623157E308,?,1.0,1.0,466000.0,2580920.0
467000.0,745.579298006,4.978127471817154E-4,467000.0,1.0,1.0,1.0,?,0.7499499899979996,1.7976931348623157E308,?,1.0,1.0,467000.0,2580920.0
468000.0,747.623824403,4.99177848526533E-4,468000.0,1.0,1.0,1.0,?,0.7499499899979996,1.7976931348623157E308,?,1.0,1.0,468000.0,2580920.0
469000.0,749.470541511,5.004108754081264E-4,469000.0,1.0,1.0,1.0,?,0.7499499899979996,1.7976931348623157E308,?,1.0,1.0,469000.0,2580920.0
470000.0,751.090135714,5.01492255539886E-4,470000.0,1.0,1.0,1.0,?,0.7499499899979996,1.7976931348623157E308,?,1.0,1.0,470000.0,2580920.0
471000.0,753.263433133,5.02943335473957E-4,471000.0,1.0,1.0,1.0,?,1.0,1.7976931348623157E308,?,1.0,1.0,471000.0,2580920.0
472000.0,755.156867511,5.042075548156707E-4,472000.0,1.0,1.0,1.0,?,1.0,1.7976931348623157E308,?,1.0,1.0,472000.0,2580920.0
473000.0,756.402628718,5.050393319458133E-4,473000.0,1.0,1.0,1.0,?,1.0,1.7976931348623157E308,?,1.0,1.0,473000.0,2580920.0
474000.0,758.356408567,5.063438431046131E-4,474000.0,1.0,1.0,1.0,?,1.0,1.7976931348623157E308,?,1.0,1.0,474000.0,2580920.0
475000.0,760.27657414,5.076259104869764E-4,475000.0,1.0,1.0,1.0,?,1.0,1.7976931348623157E308,?,1.0,1.0,475000.0,2580920.0
476000.0,761.845093194,5.086731884644724E-4,476000.0,1.0,1.0,1.0,?,1.0,1.7976931348623157E308,?,1.0,1.0,476000.0,2580920.0
477000.0,763.314627389,5.096543756522697E-4,477000.0,1.0,1.0,1.0,?,1.0,1.7976931348623157E308,?,1.0,1.0,477000.0,2580920.0
478000.0,765.269247771,5.109594480230599E-4,478000.0,1.0,1.0,1.0,?,1.0,1.7976931348623157E308,?,1.0,1.0,478000.0,2580920.0
479000.0,767.041225484,5.121425724681893E-4,479000.0,1.0,1.0,1.0,?,1.0,1.7976931348623157E308,?,1.0,1.0,479000.0,2580920.0
480000.0,768.557578397,5.13155019851501E-4,480000.0,1.0,1.0,1.0,?,1.0,1.7976931348623157E308,?,1.0,1.0,480000.0,2580920.0
481000.0,770.811369118,5.146598440243211E-4,481000.0,1.0,1.0,1.0,?,1.0,1.7976931348623157E308,?,1.0,1.0,481000.0,2580920.0
482000.0,772.648524425,5.158864866266883E-4,482000.0,1.0,1.0,1.0,?,1.0,1.7976931348623157E308,?,1.0,1.0,482000.0,2580920.0
483000.0,774.491920923,5.17117296383972E-4,483000.0,1.0,1.0,1.0,?,1.0,1.7976931348623157E308,?,1.0,1.0,483000.0,2580920.0
484000.0,775.955794845,5.180947042875812E-4,484000.0,1.0,1.0,1.0,?,1.0,1.7976931348623157E308,?,1.0,1.0,484000.0,2580920.0
485000.0,777.975660347,5.194433399017639E-4,485000.0,1.0,1.0,1.0,?,1.0,1.7976931348623157E308,?,1.0,1.0,485000.0,2580920.0
486000.0,780.15345698,5.208974238973581E-4,486000.0,0.9980392156862745,0.9862745098039216,0.9997,0.9939289443648468,1.0,38.21568627450981,0.9941002434954168,1.0,0.9413279678068471,486000.0,2580920.0
487000.0,781.743172212,5.219588542629745E-4,487000.0,0.9979503042551595,0.9851258216276154,0.9993,0.9926105836709941,1.0,18.960079840319363,0.9939416173124802,0.9998947257606063,0.8751739289637424,487000.0,2580920.0
488000.0,783.398372598,5.230640081392886E-4,488000.0,0.9979503042551595,0.9851258216276154,0.9993,0.9926105836709941,1.0,18.960079840319363,0.9939416173124802,0.9998947257606063,0.8749176125961128,488000.0,2580920.0
489000.0,785.772181224,5.246489665689997E-4,489000.0,0.9979503042551595,0.9851258216276154,0.9993,0.9926105836709941,1.0,18.960079840319363,0.9939416173124802,0.9998947257606063,0.874661296228482,489000.0,2580920.0
490000.0,787.745054599,5.259662262049325E-4,490000.0,0.9979503042551595,0.9851258216276154,0.9993,0.9926105836709941,1.0,18.960079840319363,0.9939416173124802,0.9998947257606063,0.8744049798608495,490000.0,2580920.0
491000.0,789.719399941,5.272844686524025E-4,491000.0,0.9979503042551595,0.9851258216276154,0.9993,0.9926105836709941,0.9979503042551595,18.960079840319363,0.9939416173124802,0.9998947257606063,0.8741486634932205,491000.0,2580920.0
492000.0,791.271008542,5.283204557597167E-4,492000.0,0.9979503042551595,0.9851258216276154,0.9993,0.9926105836709941,0.9979503042551595,18.960079840319363,0.9939416173124802,0.9998947257606063,0.8738923471255893,492000.0,2580920.0
493000.0,793.524989433,5.298254069063549E-4,493000.0,0.9979503042551595,0.9851258216276154,0.9993,0.9926105836709941,0.9979503042551595,18.960079840319363,0.9939416173124802,0.9998947257606063,0.873636030757957,493000.0,2580920.0
494000.0,795.907661273,5.314162831786376E-4,494000.0,0.9979503042551595,0.9851258216276154,0.9993,0.9926105836709941,0.9979503042551595,18.960079840319363,0.9939416173124802,0.9998947257606063,0.8733797143903279,494000.0,2580920.0
495000.0,798.077395258,5.328649838582502E-4,495000.0,0.9979503042551595,0.9851258216276154,0.9993,0.9926105836709941,0.9979503042551595,18.960079840319363,0.9939416173124802,0.9998947257606063,0.8731233980226957,495000.0,2580920.0
496000.0,800.394630718,5.344121691855448E-4,496000.0,0.9979149683848694,0.9840454447706257,0.9996,0.9916317151301947,0.9979503042551595,39.65040650406504,0.9938327858726282,0.999897477957761,0.9273526180886204,496000.0,2580920.0
497000.0,802.689013933,5.359440963922167E-4,497000.0,1.0,1.0,1.0,?,0.9979503042551595,1.7976931348623157E308,?,1.0,1.0,497000.0,2580920.0
498000.0,804.488198553,5.371453865041668E-4,498000.0,1.0,1.0,1.0,?,0.9979503042551595,1.7976931348623157E308,?,1.0,1.0,498000.0,2580920.0
499000.0,806.240890704,5.383156342524434E-4,499000.0,1.0,1.0,1.0,?,0.9979503042551595,1.7976931348623157E308,?,1.0,1.0,499000.0,2580920.0
500000.0,808.458818488,5.397965132496964E-4,500000.0,1.0,1.0,1.0,?,0.9979503042551595,1.7976931348623157E308,?,1.0,1.0,500000.0,2580920.0
501000.0,810.067703795,5.408707432031298E-4,501000.0,1.0,1.0,1.0,?,1.0,1.7976931348623157E308,?,1.0,1.0,501000.0,2580920.0
502000.0,812.015244363,5.42171088482293E-4,502000.0,1.0,1.0,1.0,?,1.0,1.7976931348623157E308,?,1.0,1.0,502000.0,2580920.0
503000.0,813.664718867,5.432724192682182E-4,503000.0,1.0,1.0,1.0,?,1.0,1.7976931348623157E308,?,1.0,1.0,503000.0,2580920.0
504000.0,816.337870232,5.450572446089997E-4,504000.0,1.0,1.0,1.0,?,1.0,1.7976931348623157E308,?,1.0,1.0,504000.0,2580920.0
505000.0,818.002549994,5.461687277305339E-4,505000.0,1.0,1.0,1.0,?,1.0,1.7976931348623157E308,?,1.0,1.0,505000.0,2580920.0
506000.0,819.97502688,5.474857226363718E-4,506000.0,1.0,1.0,1.0,?,1.0,1.7976931348623157E308,?,1.0,1.0,506000.0,2580920.0
507000.0,822.780347553,5.493587955538827E-4,507000.0,1.0,1.0,1.0,?,1.0,1.7976931348623157E308,?,1.0,1.0,507000.0,2580920.0
508000.0,825.170433758,5.50954622292761E-4,508000.0,1.0,1.0,1.0,?,1.0,1.7976931348623157E308,?,1.0,1.0,508000.0,2580920.0
509000.0,826.937429704,5.521344204825575E-4,509000.0,1.0,1.0,1.0,?,1.0,1.7976931348623157E308,?,1.0,1.0,509000.0,2580920.0
510000.0,829.03473283,5.535347601025271E-4,510000.0,1.0,1.0,1.0,?,1.0,1.7976931348623157E308,?,1.0,1.0,510000.0,2580920.0
511000.0,831.203143229,5.549825770424966E-4,511000.0,1.0,1.0,1.0,?,1.0,1.7976931348623157E308,?,1.0,1.0,511000.0,2580920.0
512000.0,833.083950475,5.562383654268503E-4,512000.0,1.0,1.0,1.0,?,1.0,1.7976931348623157E308,?,1.0,1.0,512000.0,2580920.0
513000.0,835.322684568,5.577331365022091E-4,513000.0,1.0,1.0,1.0,?,1.0,1.7976931348623157E308,?,1.0,1.0,513000.0,2580920.0
514000.0,837.351268016,5.590875929655753E-4,514000.0,1.0,1.0,1.0,?,1.0,1.7976931348623157E308,?,1.0,1.0,514000.0,2580920.0
515000.0,839.636346221,5.60613307348738E-4,515000.0,1.0,1.0,1.0,?,1.0,1.7976931348623157E308,?,1.0,1.0,515000.0,2580920.0
516000.0,841.383523204,5.617798726973817E-4,516000.0,0.995049504950495,0.9752475247524752,0.9996,0.989795939191962,1.0,48.504950495049506,0.9900495037128094,1.0,0.9296283668598777,516000.0,2580920.0
517000.0,843.389865863,5.631194793006442E-4,517000.0,0.995049504950495,0.9752475247524752,0.9996,0.989795939191962,1.0,48.504950495049506,0.9900495037128094,1.0,0.9294919877258861,517000.0,2580920.0
518000.0,845.618251034,5.646073405472229E-4,518000.0,0.995049504950495,0.9752475247524752,0.9996,0.989795939191962,1.0,48.504950495049506,0.9900495037128094,1.0,0.9293556085918937,518000.0,2580920.0
519000.0,847.631978758,5.659518780538858E-4,519000.0,0.995049504950495,0.9752475247524752,0.9996,0.989795939191962,1.0,48.504950495049506,0.9900495037128094,1.0,0.9292192294579009,519000.0,2580920.0
520000.0,849.761905917,5.673740002790528E-4,520000.0,0.995049504950495,0.9752475247524752,0.9996,0.989795939191962,1.0,48.504950495049506,0.9900495037128094,1.0,0.9290828503239085,520000.0,2580920.0
521000.0,851.525496845,5.685515249865123E-4,521000.0,0.995049504950495,0.9752475247524752,0.9996,0.989795939191962,0.995049504950495,48.504950495049506,0.9900495037128094,1.0,0.9289464711899157,521000.0,2580920.0
522000.0,853.651390082,5.699709538190407E-4,522000.0,0.9926458078127127,0.9641959203036087,0.9994,0.9847685427760233,0.995049504950495,48.01960784313726,0.985184366143778,1.0,0.8932879045996504,522000.0,2580920.0
523000.0,855.705883904,5.713427102724897E-4,523000.0,0.9926458078127127,0.9641959203036087,0.9994,0.9847685427760233,0.995049504950495,48.01960784313726,0.985184366143778,1.0,0.8930834752981178,523000.0,2580920.0
524000.0,857.644357413,5.726370016046593E-4,524000.0,0.9926458078127127,0.9641959203036087,0.9994,0.9847685427760233,0.995049504950495,48.01960784313726,0.985184366143778,1.0,0.8928790459965839,524000.0,2580920.0
525000.0,859.582892909,5.739313343246716E-4,525000.0,0.9926458078127127,0.9641959203036087,0.9994,0.9847685427760233,0.995049504950495,48.01960784313726,0.985184366143778,1.0,0.8926746166950508,525000.0,2580920.0
526000.0,861.207208256,5.75015866697475E-4,526000.0,0.7499499799919968,-0.15000500200080025,0.9996,0.0,0.995049504950495,2499.0,0.0,1.0,0.9283622744296983,526000.0,2580920.0
527000.0,862.973682487,5.761953165455483E-4,527000.0,0.7499499799919968,-0.15000500200080025,0.9996,0.0,0.995049504950495,2499.0,0.0,1.0,0.9282260810350771,527000.0,2580920.0
528000.0,864.855521925,5.774517941098947E-4,528000.0,0.7499499799919968,-0.15000500200080025,0.9996,0.0,0.995049504950495,2499.0,0.0,1.0,0.9280898876404577,528000.0,2580920.0
529000.0,866.62296385,5.786318900735588E-4,529000.0,0.7499499799919968,-0.15000500200080025,0.9996,0.0,0.995049504950495,2499.0,0.0,1.0,0.9279536942458364,529000.0,2580920.0
530000.0,868.722442071,5.800336819736818E-4,530000.0,0.7499499799919968,-0.15000500200080025,0.9996,0.0,0.995049504950495,2499.0,0.0,1.0,0.9278175008512165,530000.0,2580920.0
531000.0,871.118703568,5.81633631867647E-4,531000.0,0.7499499799919968,-0.15000500200080025,0.9996,0.0,0.7499499799919968,2499.0,0.0,1.0,0.9276813074565957,531000.0,2580920.0
532000.0,873.392080951,5.831515337775293E-4,532000.0,0.75,-0.15000000000000002,0.9998,0.0,0.7499499799919968,4999.0,0.0,1.0,0.9637725570309877,532000.0,2580920.0
533000.0,875.295723543,5.844225689992825E-4,533000.0,0.75,-0.1499999999999999,0.9996,0.0,0.7499499799919968,2499.0,0.0,1.0,0.9274583191561829,533000.0,2580920.0
534000.0,877.286361743,5.85751689957492E-4,534000.0,0.75,-0.1499999999999999,0.9996,0.0,0.7499499799919968,2499.0,0.0,1.0,0.927322218441655,534000.0,2580920.0
535000.0,879.167259932,5.870075390632E-4,535000.0,0.75,-0.1499999999999999,0.9996,0.0,0.7499499799919968,2499.0,0.0,1.0,0.9271861177271256,535000.0,2580920.0
536000.0,881.239203601,5.88390946532572E-4,536000.0,0.6666666666666666,-0.2666666666666666,0.9997,0.0,0.7499499799919968,3332.3333333333335,0.0,1.0,0.9453061224489854,536000.0,2580920.0
537000.0,882.870537498,5.894801650918964E-4,537000.0,0.6666666666666666,-0.2666666666666666,0.9997,0.0,0.7499499799919968,3332.3333333333335,0.0,1.0,0.9452040816326589,537000.0,2580920.0
538000.0,884.882463193,5.90823499409295E-4,538000.0,0.6666666666666666,-0.2666666666666666,0.9997,0.0,0.7499499799919968,3332.3333333333335,0.0,1.0,0.9451020408163325,538000.0,2580920.0
539000.0,886.632121618,5.919917215816492E-4,539000.0,0.6666666666666666,-0.2666666666666666,0.9997,0.0,0.7499499799919968,3332.3333333333335,0.0,1.0,0.9450000000000064,539000.0,2580920.0
540000.0,888.920523169,5.935196549159101E-4,540000.0,0.6666666666666666,-0.2666666666666666,0.9997,0.0,0.7499499799919968,3332.3333333333335,0.0,1.0,0.9448979591836798,540000.0,2580920.0
541000.0,890.767273286,5.947527038371457E-4,541000.0,0.6666666666666666,-0.2666666666666666,0.9997,0.0,0.6666666666666666,3332.3333333333335,0.0,1.0,0.9447959183673525,541000.0,2580920.0
542000.0,892.928075384,5.961954408221964E-4,542000.0,0.6666666666666666,-0.2666666666666666,0.9997,0.0,0.6666666666666666,3332.3333333333335,0.0,1.0,0.944693877551027,542000.0,2580920.0
543000.0,895.040243636,5.976057056764516E-4,543000.0,0.5,-0.5,0.9999,0.0,0.6666666666666666,9999.0,0.0,1.0,0.9815306122448999,543000.0,2580920.0
544000.0,897.051993329,5.989489224798053E-4,544000.0,0.5,-0.5,0.9999,0.0,0.6666666666666666,9999.0,0.0,1.0,0.9814965986394577,544000.0,2580920.0
545000.0,899.184709117,6.003729066330959E-4,545000.0,0.995848605405945,0.9821182038567812,0.9994,0.9914469190091648,0.6666666666666666,26.3224043715847,0.9930943644935761,0.9998962009549512,0.9010590015128528,545000.0,2580920.0
546000.0,900.623835874,6.01333791204812E-4,546000.0,0.9972073846066354,0.9861785300452772,0.9995,0.9928629952010788,0.6666666666666666,26.397260273972602,0.9944538425810449,0.9998962117280747,0.9173978819969834,546000.0,2580920.0
547000.0,902.929570602,6.028732976560878E-4,547000.0,0.9974580822255295,0.9857778434280191,0.9992,0.9929078127357596,0.6666666666666666,15.583747927031508,0.9941258445809137,0.9998935830584229,0.8764888512559942,547000.0,2580920.0
548000.0,904.921129044,6.042030330468591E-4,548000.0,0.9974580822255295,0.9857778434280191,0.9992,0.9929078127357596,0.6666666666666666,15.583747927031508,0.9941258445809137,0.9998935830584229,0.8762630539091135,548000.0,2580920.0
549000.0,906.975072451,6.055744219960011E-4,549000.0,0.9974580822255295,0.9857778434280191,0.9992,0.9929078127357596,0.6666666666666666,15.583747927031508,0.9941258445809137,0.9998935830584229,0.8760372565622329,549000.0,2580920.0
550000.0,909.312965444,6.071354000657715E-4,550000.0,0.9974580822255295,0.9857778434280191,0.9992,0.9929078127357596,0.6666666666666666,15.583747927031508,0.9941258445809137,0.9998935830584229,0.8758114592153513,550000.0,2580920.0
551000.0,911.371658012,6.085099599625115E-4,551000.0,0.9974580822255295,0.9857778434280191,0.9992,0.9929078127357596,0.9974580822255295,15.583747927031508,0.9941258445809137,0.9998935830584229,0.8755856618684694,551000.0,2580920.0
552000.0,912.950485678,6.095641208543709E-4,552000.0,0.997453688063044,0.9849274040441068,0.9989,0.9925143771594321,0.9974580822255295,11.453300124533001,0.993699815250369,0.9998912688920301,0.8377771840769457,552000.0,2580920.0
553000.0,915.012667265,6.10941010319727E-4,553000.0,0.9968348232738007,0.9830806006937773,0.9988,0.9918385379883412,0.9974580822255295,11.437810945273633,0.9930816445816116,0.9998912570682905,0.8227564102564124,553000.0,2580920.0
554000.0,917.663168352,6.127107123903939E-4,554000.0,0.9968348232738007,0.9830806006937773,0.9988,0.9918385379883412,0.9974580822255295,11.437810945273633,0.9930816445816116,0.9998912570682905,0.8224358974358993,554000.0,2580920.0
555000.0,920.113318245,6.143466428038366E-4,555000.0,0.9965831435079726,0.9806378132118451,0.9993,0.9915973487954916,0.9974580822255295,21.779043280182233,0.9919952972186271,1.0,0.8962339743589688,555000.0,2580920.0
556000.0,922.539435174,6.159665267472878E-4,556000.0,0.9965831435079726,0.9806378132118451,0.9993,0.9915973487954916,0.9974580822255295,21.779043280182233,0.9919952972186271,1.0,0.8960470085470031,556000.0,2580920.0
557000.0,924.28878952,6.171345458903966E-4,557000.0,0.9950248756218906,0.9751243781094527,0.9996,0.9897457089637384,0.9974580822255295,48.75124378109453,0.9899997487310601,1.0,0.94049145299146,557000.0,2580920.0
558000.0,925.917190149,6.182218059481837E-4,558000.0,0.9925742574257426,0.9678217821782178,0.9995,0.9872136235261157,0.9974580822255295,48.504950495049506,0.987546213983161,1.0,0.925500667556751,558000.0,2580920.0
559000.0,927.958623572,6.195848421580276E-4,559000.0,0.9925742574257426,0.9678217821782178,0.9995,0.9872136235261157,0.9974580822255295,48.504950495049506,0.987546213983161,1.0,0.9253671562082855,559000.0,2580920.0
560000.0,929.680577248,6.207345662615023E-4,560000.0,0.9925742574257426,0.9678217821782178,0.9995,0.9872136235261157,0.9974580822255295,48.504950495049506,0.987546213983161,1.0,0.9252336448598208,560000.0,2580920.0
561000.0,931.419839543,6.218958470849627E-4,561000.0,0.9925742574257426,0.9678217821782178,0.9995,0.9872136235261157,0.9925742574257426,48.504950495049506,0.987546213983161,1.0,0.9251001335113571,561000.0,2580920.0
562000.0,933.132104092,6.230391018954426E-4,562000.0,0.5,-0.5,0.9998,0.0,0.9925742574257426,4999.0,0.0,1.0,0.9699866488651571,562000.0,2580920.0
563000.0,934.973131586,6.242683299022775E-4,563000.0,0.5,-0.5,0.9999,0.0,0.9925742574257426,9999.0,0.0,1.0,0.9849666221628856,563000.0,2580920.0
564000.0,937.140256094,6.257152882710217E-4,564000.0,0.5,-0.5,0.9999,0.0,0.9925742574257426,9999.0,0.0,1.0,0.9849399198931926,564000.0,2580920.0
565000.0,939.018887816,6.269696240887848E-4,565000.0,0.5,-0.5,0.9999,0.0,0.9925742574257426,9999.0,0.0,1.0,0.9849132176234996,565000.0,2580920.0
566000.0,940.858413576,6.281978494090776E-4,566000.0,0.5,-0.5,0.9999,0.0,0.9925742574257426,9999.0,0.0,1.0,0.9848865153538066,566000.0,2580920.0
567000.0,943.108862759,6.297004424842585E-4,567000.0,0.5,-0.5,0.9999,0.0,0.9925742574257426,9999.0,0.0,1.0,0.9848598130841137,567000.0,2580920.0
568000.0,944.805282169,6.308331177196399E-4,568000.0,1.0,1.0,1.0,?,0.9925742574257426,1.7976931348623157E308,?,1.0,1.0,568000.0,2580920.0
569000.0,946.268727823,6.318102396747656E-4,569000.0,1.0,1.0,1.0,?,0.9925742574257426,1.7976931348623157E308,?,1.0,1.0,569000.0,2580920.0
570000.0,947.887017295,6.328907486560988E-4,570000.0,0.9966666666666667,0.976,0.9994,0.9895898396835303,0.9925742574257426,32.333333333333336,0.9899494936611666,1.0,0.91545117428924,570000.0,2580920.0
571000.0,949.45070756,6.339348025195078E-4,571000.0,0.9966135738831615,0.975899381443299,0.9993,0.9878745886021126,0.9966666666666667,32.333333333333336,0.9898984640215202,0.9998969072164948,0.9011866501854096,571000.0,2580920.0
572000.0,951.752881605,6.35471931553129E-4,572000.0,0.9966135738831615,0.975899381443299,0.9993,0.9878745886021126,0.9966666666666667,32.333333333333336,0.9898984640215202,0.9998969072164948,0.9010135970333697,572000.0,2580920.0
573000.0,953.339464082,6.36531270222561E-4,573000.0,0.9966135738831615,0.975899381443299,0.9993,0.9878745886021126,0.9966666666666667,32.333333333333336,0.9898984640215202,0.9998969072164948,0.9008405438813301,573000.0,2580920.0
574000.0,955.67235009,6.380889051992968E-4,574000.0,0.9966135738831615,0.975899381443299,0.9993,0.9878745886021126,0.9966666666666667,32.333333333333336,0.9898984640215202,0.9998969072164948,0.9006674907292913,574000.0,2580920.0
575000.0,957.522591974,6.393242855239491E-4,575000.0,0.9966135738831615,0.975899381443299,0.9993,0.9878745886021126,0.9966666666666667,32.333333333333336,0.9898984640215202,0.9998969072164948,0.9004944375772505,575000.0,2580920.0
576000.0,958.953511559,6.402796902830539E-4,576000.0,0.9966135738831615,0.975899381443299,0.9993,0.9878745886021126,0.9966666666666667,32.333333333333336,0.9898984640215202,0.9998969072164948,0.9003213844252117,576000.0,2580920.0
577000.0,960.855449476,6.415495873174311E-4,577000.0,0.9966135738831615,0.975899381443299,0.9993,0.9878745886021126,0.9966666666666667,32.333333333333336,0.9898984640215202,0.9998969072164948,0.9001483312731713,577000.0,2580920.0
578000.0,962.642684394,6.427428987824464E-4,578000.0,0.9966135738831615,0.975899381443299,0.9993,0.9878745886021126,0.9966666666666667,32.333333333333336,0.9898984640215202,0.9998969072164948,0.8999752781211325,578000.0,2580920.0
579000.0,964.488246375,6.439751544020872E-4,579000.0,0.9966135738831615,0.975899381443299,0.9993,0.9878745886021126,0.9966666666666667,32.333333333333336,0.9898984640215202,0.9998969072164948,0.8998022249690933,579000.0,2580920.0
580000.0,966.296932103,6.451827882694063E-4,580000.0,1.0,1.0,0.9999,0.0,0.9966666666666667,1.7976931348623157E308,?,0.9999,0.9856613102595814,580000.0,2580920.0
581000.0,968.022951808,6.463352272029092E-4,581000.0,1.0,1.0,1.0,?,1.0,1.7976931348623157E308,?,1.0,1.0,581000.0,2580920.0
582000.0,969.693211996,6.474504362959195E-4,582000.0,1.0,1.0,1.0,?,1.0,1.7976931348623157E308,?,1.0,1.0,582000.0,2580920.0
583000.0,971.584994682,6.487135528262565E-4,583000.0,1.0,1.0,1.0,?,1.0,1.7976931348623157E308,?,1.0,1.0,583000.0,2580920.0
584000.0,973.598325077,6.500578250419683E-4,584000.0,1.0,1.0,1.0,?,1.0,1.7976931348623157E308,?,1.0,1.0,584000.0,2580920.0
585000.0,975.426516161,6.512784823594839E-4,585000.0,1.0,1.0,1.0,?,1.0,1.7976931348623157E308,?,1.0,1.0,585000.0,2580920.0
586000.0,977.424244477,6.5261233728782E-4,586000.0,1.0,1.0,1.0,?,1.0,1.7976931348623157E308,?,1.0,1.0,586000.0,2580920.0
587000.0,979.233764176,6.538205279857749E-4,587000.0,1.0,1.0,1.0,?,1.0,1.7976931348623157E308,?,1.0,1.0,587000.0,2580920.0
588000.0,981.100524454,6.550669374083625E-4,588000.0,1.0,1.0,1.0,?,1.0,1.7976931348623157E308,?,1.0,1.0,588000.0,2580920.0
589000.0,983.013822953,6.563444197425865E-4,589000.0,1.0,1.0,1.0,?,1.0,1.7976931348623157E308,?,1.0,1.0,589000.0,2580920.0
590000.0,984.705680465,6.574740490632252E-4,590000.0,1.0,1.0,1.0,?,1.0,1.7976931348623157E308,?,1.0,1.0,590000.0,2580920.0
591000.0,986.534907426,6.586953980211558E-4,591000.0,1.0,1.0,1.0,?,1.0,1.7976931348623157E308,?,1.0,1.0,591000.0,2580920.0
592000.0,988.131122315,6.597611681157797E-4,592000.0,1.0,1.0,1.0,?,1.0,1.7976931348623157E308,?,1.0,1.0,592000.0,2580920.0
593000.0,989.884287088,6.60931731427078E-4,593000.0,1.0,1.0,1.0,?,1.0,1.7976931348623157E308,?,1.0,1.0,593000.0,2580920.0
594000.0,991.505350698,6.620140926610991E-4,594000.0,1.0,1.0,1.0,?,1.0,1.7976931348623157E308,?,1.0,1.0,594000.0,2580920.0
595000.0,993.179340551,6.631317919986544E-4,595000.0,1.0,1.0,1.0,?,1.0,1.7976931348623157E308,?,1.0,1.0,595000.0,2580920.0
596000.0,994.998829385,6.643466389469837E-4,596000.0,1.0,1.0,1.0,?,1.0,1.7976931348623157E308,?,1.0,1.0,596000.0,2580920.0
597000.0,996.404574427,6.652852350199522E-4,597000.0,1.0,1.0,1.0,?,1.0,1.7976931348623157E308,?,1.0,1.0,597000.0,2580920.0
598000.0,997.683629752,6.661392421615648E-4,598000.0,1.0,1.0,1.0,?,1.0,1.7976931348623157E308,?,1.0,1.0,598000.0,2580920.0
599000.0,999.118409135,6.670972240531773E-4,599000.0,1.0,1.0,1.0,?,1.0,1.7976931348623157E308,?,1.0,1.0,599000.0,2580920.0
600000.0,1000.489377238,6.680126000560763E-4,600000.0,1.0,1.0,1.0,?,1.0,1.7976931348623157E308,?,1.0,1.0,600000.0,2580920.0
601000.0,1002.44187928,6.693162580412235E-4,601000.0,1.0,1.0,1.0,?,1.0,1.7976931348623157E308,?,1.0,1.0,601000.0,2580920.0
602000.0,1004.044403161,6.703862405605322E-4,602000.0,1.0,1.0,1.0,?,1.0,1.7976931348623157E308,?,1.0,1.0,602000.0,2580920.0
603000.0,1005.650643873,6.714587047553058E-4,603000.0,1.0,1.0,1.0,?,1.0,1.7976931348623157E308,?,1.0,1.0,603000.0,2580920.0
604000.0,1007.178629858,6.724789193761815E-4,604000.0,1.0,1.0,1.0,?,1.0,1.7976931348623157E308,?,1.0,1.0,604000.0,2580920.0
605000.0,1009.213400092,6.738375066690156E-4,605000.0,1.0,1.0,1.0,?,1.0,1.7976931348623157E308,?,1.0,1.0,605000.0,2580920.0
606000.0,1010.964495055,6.750066879974651E-4,606000.0,1.0,1.0,1.0,?,1.0,1.7976931348623157E308,?,1.0,1.0,606000.0,2580920.0
607000.0,1012.627561742,6.761170940916472E-4,607000.0,1.0,1.0,1.0,?,1.0,1.7976931348623157E308,?,1.0,1.0,607000.0,2580920.0
608000.0,1014.109348676,6.771064622598961E-4,608000.0,1.0,1.0,1.0,?,1.0,1.7976931348623157E308,?,1.0,1.0,608000.0,2580920.0
609000.0,1016.311255693,6.785766444177202E-4,609000.0,1.0,1.0,1.0,?,1.0,1.7976931348623157E308,?,1.0,1.0,609000.0,2580920.0
610000.0,1018.281394858,6.798920784603257E-4,610000.0,1.0,1.0,1.0,?,1.0,1.7976931348623157E308,?,1.0,1.0,610000.0,2580920.0
611000.0,1019.80419414,6.809088299930012E-4,611000.0,1.0,1.0,1.0,?,1.0,1.7976931348623157E308,?,1.0,1.0,611000.0,2580920.0
612000.0,1021.138765765,6.81799904582557E-4,612000.0,1.0,1.0,1.0,?,1.0,1.7976931348623157E308,?,1.0,1.0,612000.0,2580920.0
613000.0,1022.63875306,6.828014248743069E-4,613000.0,1.0,1.0,1.0,?,1.0,1.7976931348623157E308,?,1.0,1.0,613000.0,2580920.0
614000.0,1024.111567935,6.83784802525718E-4,614000.0,1.0,1.0,1.0,?,1.0,1.7976931348623157E308,?,1.0,1.0,614000.0,2580920.0
615000.0,1025.486248135,6.847026570432569E-4,615000.0,1.0,1.0,1.0,?,1.0,1.7976931348623157E308,?,1.0,1.0,615000.0,2580920.0
616000.0,1027.068555792,6.857591414758644E-4,616000.0,1.0,1.0,1.0,?,1.0,1.7976931348623157E308,?,1.0,1.0,616000.0,2580920.0
617000.0,1028.730252063,6.86868632562675E-4,617000.0,1.0,1.0,1.0,?,1.0,1.7976931348623157E308,?,1.0,1.0,617000.0,2580920.0
618000.0,1030.776109085,6.882346223469764E-4,618000.0,1.0,1.0,1.0,?,1.0,1.7976931348623157E308,?,1.0,1.0,618000.0,2580920.0
619000.0,1032.589498801,6.894453970005207E-4,619000.0,1.0,1.0,1.0,?,1.0,1.7976931348623157E308,?,1.0,1.0,619000.0,2580920.0
620000.0,1034.869924823,6.909680051869236E-4,620000.0,1.0,1.0,1.0,?,1.0,1.7976931348623157E308,?,1.0,1.0,620000.0,2580920.0
621000.0,1036.289768359,6.919160146248394E-4,621000.0,1.0,1.0,1.0,?,1.0,1.7976931348623157E308,?,1.0,1.0,621000.0,2580920.0
622000.0,1038.096309439,6.931222165410361E-4,622000.0,1.0,1.0,1.0,?,1.0,1.7976931348623157E308,?,1.0,1.0,622000.0,2580920.0
623000.0,1040.211144021,6.945342616661032E-4,623000.0,1.0,1.0,1.0,?,1.0,1.7976931348623157E308,?,1.0,1.0,623000.0,2580920.0
623091.0,1040.58383857,6.947831045427677E-4,623091.0,1.0,1.0,1.0,?,1.0,1.7976931348623157E308,?,1.0,1.0,623091.0,2580920.0
