learning evaluation instances,evaluation time (cpu seconds),model cost (RAM-Hours),classified instances,AUC,sAUC,Accuracy,Kappa,Periodical holdout AUC,Pos/Neg ratio,G-Mean,Recall,KappaM,model training instances,model serialized size (bytes)
1000.0,0.834967429,5.574959373863932E-7,1000.0,1.0,1.0,0.999,0.0,0.0,1.7976931348623157E308,?,0.999,-Infinity,1000.0,2580920.0
2000.0,2.183570983,1.4579394473809026E-6,2000.0,1.0,1.0,0.9995,0.0,0.0,1.7976931348623157E308,?,0.9995,-Infinity,2000.0,2580920.0
3000.0,3.692579172,2.4654828624070936E-6,3000.0,1.0,1.0,0.9996666666666667,0.0,0.0,1.7976931348623157E308,?,0.9996666666666667,-Infinity,3000.0,2580920.0
4000.0,5.326706089,3.5565662816637405E-6,4000.0,1.0,1.0,0.99975,0.0,0.0,1.7976931348623157E308,?,0.99975,-Infinity,4000.0,2580920.0
5000.0,7.162853709,4.782536065679944E-6,5000.0,1.0,1.0,0.9998,0.0,0.0,1.7976931348623157E308,?,0.9998,-Infinity,5000.0,2580920.0
6000.0,8.912767771,5.950928923241722E-6,6000.0,1.0,1.0,0.9998333333333334,0.0,0.0,1.7976931348623157E308,?,0.9998333333333334,-Infinity,6000.0,2580920.0
7000.0,10.152321642,6.778561502972059E-6,7000.0,1.0,1.0,0.9998571428571429,0.0,0.0,1.7976931348623157E308,?,0.9998571428571429,-Infinity,7000.0,2580920.0
8000.0,12.115986417,8.089672686988394E-6,8000.0,1.0,1.0,0.999875,0.0,0.0,1.7976931348623157E308,?,0.999875,-Infinity,8000.0,2580920.0
9000.0,13.928652932,9.299964469458452E-6,9000.0,1.0,1.0,0.9998888888888889,0.0,0.0,1.7976931348623157E308,?,0.9998888888888889,-Infinity,9000.0,2580920.0
10000.0,15.483900018,1.0338380941721859E-5,10000.0,1.0,1.0,0.9999,0.0,0.0,1.7976931348623157E308,?,0.9999,-Infinity,10000.0,2580920.0
11000.0,17.049178585,1.1383495291901492E-5,11000.0,1.0,1.0,1.0,?,1.0,1.7976931348623157E308,?,1.0,?,11000.0,2580920.0
12000.0,18.504795277,1.2355389959881195E-5,12000.0,1.0,1.0,1.0,?,1.0,1.7976931348623157E308,?,1.0,?,12000.0,2580920.0
13000.0,19.758858611,1.3192710302744816E-5,13000.0,1.0,1.0,1.0,?,1.0,1.7976931348623157E308,?,1.0,?,13000.0,2580920.0
14000.0,21.127831383,1.4106754051369397E-5,14000.0,1.0,1.0,1.0,?,1.0,1.7976931348623157E308,?,1.0,?,14000.0,2580920.0
15000.0,22.843646925,1.5252379809628085E-5,15000.0,1.0,1.0,1.0,?,1.0,1.7976931348623157E308,?,1.0,?,15000.0,2580920.0
16000.0,24.150342105,1.612484169131471E-5,16000.0,1.0,1.0,1.0,?,1.0,1.7976931348623157E308,?,1.0,?,16000.0,2580920.0
17000.0,25.521278136,1.704019628019308E-5,17000.0,1.0,1.0,1.0,?,1.0,1.7976931348623157E308,?,1.0,?,17000.0,2580920.0
18000.0,26.999749406,1.8027350626506513E-5,18000.0,1.0,1.0,1.0,?,1.0,1.7976931348623157E308,?,1.0,?,18000.0,2580920.0
19000.0,28.236121091,1.885285850567322E-5,19000.0,1.0,1.0,1.0,?,1.0,1.7976931348623157E308,?,1.0,?,19000.0,2580920.0
20000.0,29.608972293,1.976949182712824E-5,20000.0,1.0,1.0,1.0,?,1.0,1.7976931348623157E308,?,1.0,?,20000.0,2580920.0
21000.0,30.922601685,2.0646583584046768E-5,21000.0,1.0,1.0,1.0,?,1.0,1.7976931348623157E308,?,1.0,?,21000.0,2580920.0
22000.0,32.492660444,2.1694889600784126E-5,22000.0,1.0,1.0,1.0,?,1.0,1.7976931348623157E308,?,1.0,?,22000.0,2580920.0
23000.0,34.035150831,2.2724788605635086E-5,23000.0,1.0,1.0,1.0,?,1.0,1.7976931348623157E308,?,1.0,?,23000.0,2580920.0
24000.0,35.498637857,2.370193818425978E-5,24000.0,1.0,1.0,1.0,?,1.0,1.7976931348623157E308,?,1.0,?,24000.0,2580920.0
25000.0,37.730112536,2.519186225161296E-5,25000.0,1.0,1.0,1.0,?,1.0,1.7976931348623157E308,?,1.0,?,25000.0,2580920.0
26000.0,39.714427332,2.651676116244905E-5,26000.0,1.0,1.0,1.0,?,1.0,1.7976931348623157E308,?,1.0,?,26000.0,2580920.0
27000.0,41.61586805,2.7786326224089396E-5,27000.0,1.0,1.0,1.0,?,1.0,1.7976931348623157E308,?,1.0,?,27000.0,2580920.0
28000.0,42.86526315,2.8620529653167666E-5,28000.0,1.0,1.0,1.0,?,1.0,1.7976931348623157E308,?,1.0,?,28000.0,2580920.0
29000.0,44.814128638,2.9921759562666985E-5,29000.0,1.0,1.0,1.0,?,1.0,1.7976931348623157E308,?,1.0,?,29000.0,2580920.0
30000.0,46.910032117,3.1321164658139886E-5,30000.0,1.0,1.0,1.0,?,1.0,1.7976931348623157E308,?,1.0,?,30000.0,2580920.0
31000.0,48.528087846,3.240151757257947E-5,31000.0,1.0,1.0,1.0,?,1.0,1.7976931348623157E308,?,1.0,?,31000.0,2580920.0
32000.0,50.19030786,3.351135835518005E-5,32000.0,1.0,1.0,1.0,?,1.0,1.7976931348623157E308,?,1.0,?,32000.0,2580920.0
33000.0,52.032658385,3.47414697310924E-5,33000.0,1.0,1.0,1.0,?,1.0,1.7976931348623157E308,?,1.0,?,33000.0,2580920.0
34000.0,53.371497557,3.5635393701393474E-5,34000.0,1.0,1.0,1.0,?,1.0,1.7976931348623157E308,?,1.0,?,34000.0,2580920.0
35000.0,55.553970841,3.709260023068474E-5,35000.0,1.0,1.0,1.0,?,1.0,1.7976931348623157E308,?,1.0,?,35000.0,2580920.0
36000.0,57.278003252,3.8243712276104376E-5,36000.0,1.0,1.0,1.0,?,1.0,1.7976931348623157E308,?,1.0,?,36000.0,2580920.0
37000.0,58.801052659,3.926063081370311E-5,37000.0,1.0,1.0,1.0,?,1.0,1.7976931348623157E308,?,1.0,?,37000.0,2580920.0
38000.0,60.37306471,4.03102410158694E-5,38000.0,1.0,1.0,1.0,?,1.0,1.7976931348623157E308,?,1.0,?,38000.0,2580920.0
39000.0,62.329071067,4.161623878255529E-5,39000.0,1.0,1.0,1.0,?,1.0,1.7976931348623157E308,?,1.0,?,39000.0,2580920.0
40000.0,64.22158061,4.287984062502606E-5,40000.0,1.0,1.0,1.0,?,1.0,1.7976931348623157E308,?,1.0,?,40000.0,2580920.0
41000.0,66.093338848,4.412958711478346E-5,41000.0,1.0,1.0,1.0,?,1.0,1.7976931348623157E308,?,1.0,?,41000.0,2580920.0
42000.0,67.729231573,4.5221849539055165E-5,42000.0,1.0,1.0,1.0,?,1.0,1.7976931348623157E308,?,1.0,?,42000.0,2580920.0
43000.0,69.506766815,4.640868466765769E-5,43000.0,1.0,1.0,1.0,?,1.0,1.7976931348623157E308,?,1.0,?,43000.0,2580920.0
44000.0,71.054639722,4.7442177504948915E-5,44000.0,1.0,1.0,1.0,?,1.0,1.7976931348623157E308,?,1.0,?,44000.0,2580920.0
45000.0,72.716128907,4.8551530323367573E-5,45000.0,1.0,1.0,1.0,?,1.0,1.7976931348623157E308,?,1.0,?,45000.0,2580920.0
46000.0,73.861818893,4.9316491315276244E-5,46000.0,1.0,1.0,1.0,?,1.0,1.7976931348623157E308,?,1.0,?,46000.0,2580920.0
47000.0,76.049686962,5.0777299866174716E-5,47000.0,1.0,1.0,1.0,?,1.0,1.7976931348623157E308,?,1.0,?,47000.0,2580920.0
48000.0,77.838091748,5.1971392435499815E-5,48000.0,1.0,1.0,1.0,?,1.0,1.7976931348623157E308,?,1.0,?,48000.0,2580920.0
49000.0,79.244340591,5.29103248892672E-5,49000.0,1.0,1.0,1.0,?,1.0,1.7976931348623157E308,?,1.0,?,49000.0,2580920.0
50000.0,80.906848914,5.402035817170745E-5,50000.0,1.0,1.0,1.0,?,1.0,1.7976931348623157E308,?,1.0,?,50000.0,2580920.0
51000.0,82.417880879,5.502925283333201E-5,51000.0,1.0,1.0,1.0,?,1.0,1.7976931348623157E308,?,1.0,?,51000.0,2580920.0
52000.0,83.704668607,5.5888422791012674E-5,52000.0,1.0,1.0,1.0,?,1.0,1.7976931348623157E308,?,1.0,?,52000.0,2580920.0
53000.0,85.029215495,5.677280400552564E-5,53000.0,1.0,1.0,1.0,?,1.0,1.7976931348623157E308,?,1.0,?,53000.0,2580920.0
54000.0,86.592356577,5.7816491187216616E-5,54000.0,1.0,1.0,1.0,?,1.0,1.7976931348623157E308,?,1.0,?,54000.0,2580920.0
55000.0,88.25679622,5.89278139846923E-5,55000.0,1.0,1.0,1.0,?,1.0,1.7976931348623157E308,?,1.0,?,55000.0,2580920.0
56000.0,89.886611837,6.001601880994471E-5,56000.0,1.0,1.0,1.0,?,1.0,1.7976931348623157E308,?,1.0,?,56000.0,2580920.0
57000.0,91.133524517,6.084856476231572E-5,57000.0,1.0,1.0,1.0,?,1.0,1.7976931348623157E308,?,1.0,?,57000.0,2580920.0
58000.0,92.903820051,6.203056604032998E-5,58000.0,1.0,1.0,1.0,?,1.0,1.7976931348623157E308,?,1.0,?,58000.0,2580920.0
59000.0,94.579484595,6.314938354536875E-5,59000.0,1.0,1.0,1.0,?,1.0,1.7976931348623157E308,?,1.0,?,59000.0,2580920.0
60000.0,96.389847161,6.435813701369285E-5,60000.0,1.0,1.0,1.0,?,1.0,1.7976931348623157E308,?,1.0,?,60000.0,2580920.0
61000.0,97.968060451,6.541188769539067E-5,61000.0,1.0,1.0,1.0,?,1.0,1.7976931348623157E308,?,1.0,?,61000.0,2580920.0
62000.0,99.539728302,6.646126808008745E-5,62000.0,1.0,1.0,1.0,?,1.0,1.7976931348623157E308,?,1.0,?,62000.0,2580920.0
63000.0,101.243268301,6.759869763198644E-5,63000.0,1.0,1.0,1.0,?,1.0,1.7976931348623157E308,?,1.0,?,63000.0,2580920.0
64000.0,103.137956333,6.886375402073645E-5,64000.0,1.0,1.0,1.0,?,1.0,1.7976931348623157E308,?,1.0,?,64000.0,2580920.0
65000.0,104.471176316,6.975392613805489E-5,65000.0,1.0,1.0,1.0,?,1.0,1.7976931348623157E308,?,1.0,?,65000.0,2580920.0
66000.0,106.21734059,7.091981531522931E-5,66000.0,1.0,1.0,1.0,?,1.0,1.7976931348623157E308,?,1.0,?,66000.0,2580920.0
67000.0,107.902062154,7.204468006436344E-5,67000.0,1.0,1.0,1.0,?,1.0,1.7976931348623157E308,?,1.0,?,67000.0,2580920.0
68000.0,109.555465416,7.314863402641244E-5,68000.0,1.0,1.0,1.0,?,1.0,1.7976931348623157E308,?,1.0,?,68000.0,2580920.0
69000.0,111.275165658,7.429685354389184E-5,69000.0,1.0,1.0,1.0,?,1.0,1.7976931348623157E308,?,1.0,?,69000.0,2580920.0
70000.0,112.808769339,7.532081902089527E-5,70000.0,1.0,1.0,1.0,?,1.0,1.7976931348623157E308,?,1.0,?,70000.0,2580920.0
71000.0,114.310285879,7.63233603678925E-5,71000.0,1.0,1.0,1.0,?,1.0,1.7976931348623157E308,?,1.0,?,71000.0,2580920.0
72000.0,115.932646698,7.74065877300072E-5,72000.0,1.0,1.0,1.0,?,1.0,1.7976931348623157E308,?,1.0,?,72000.0,2580920.0
73000.0,117.531338003,7.847401129255247E-5,73000.0,1.0,1.0,1.0,?,1.0,1.7976931348623157E308,?,1.0,?,73000.0,2580920.0
74000.0,119.397234996,7.971984431196117E-5,74000.0,1.0,1.0,1.0,?,1.0,1.7976931348623157E308,?,1.0,?,74000.0,2580920.0
75000.0,120.741830563,8.06176117457496E-5,75000.0,1.0,1.0,1.0,?,1.0,1.7976931348623157E308,?,1.0,?,75000.0,2580920.0
76000.0,122.127326561,8.154268781856741E-5,76000.0,1.0,1.0,1.0,?,1.0,1.7976931348623157E308,?,1.0,?,76000.0,2580920.0
77000.0,123.977111265,8.277776289060294E-5,77000.0,1.0,1.0,1.0,?,1.0,1.7976931348623157E308,?,1.0,?,77000.0,2580920.0
78000.0,125.573292267,8.384351035935641E-5,78000.0,1.0,1.0,1.0,?,1.0,1.7976931348623157E308,?,1.0,?,78000.0,2580920.0
79000.0,126.806216281,8.466671627738165E-5,79000.0,1.0,1.0,1.0,?,1.0,1.7976931348623157E308,?,1.0,?,79000.0,2580920.0
80000.0,128.51169056,8.58054373206662E-5,80000.0,1.0,1.0,1.0,?,1.0,1.7976931348623157E308,?,1.0,?,80000.0,2580920.0
81000.0,130.460922702,8.710691203985308E-5,81000.0,1.0,1.0,1.0,?,1.0,1.7976931348623157E308,?,1.0,?,81000.0,2580920.0
82000.0,132.164169067,8.824414553648525E-5,82000.0,1.0,1.0,1.0,?,1.0,1.7976931348623157E308,?,1.0,?,82000.0,2580920.0
83000.0,133.896736096,8.940095602557693E-5,83000.0,1.0,1.0,1.0,?,1.0,1.7976931348623157E308,?,1.0,?,83000.0,2580920.0
84000.0,135.721385415,9.06192485567187E-5,84000.0,1.0,1.0,1.0,?,1.0,1.7976931348623157E308,?,1.0,?,84000.0,2580920.0
85000.0,137.23937633,9.163278961078772E-5,85000.0,1.0,1.0,1.0,?,1.0,1.7976931348623157E308,?,1.0,?,85000.0,2580920.0
86000.0,138.524819178,9.24910616111227E-5,86000.0,1.0,1.0,1.0,?,1.0,1.7976931348623157E308,?,1.0,?,86000.0,2580920.0
87000.0,139.890084358,9.340262985303206E-5,87000.0,1.0,1.0,1.0,?,1.0,1.7976931348623157E308,?,1.0,?,87000.0,2580920.0
88000.0,141.400518672,9.441112547154079E-5,88000.0,1.0,1.0,1.0,?,1.0,1.7976931348623157E308,?,1.0,?,88000.0,2580920.0
89000.0,142.93681229,9.543688698141598E-5,89000.0,1.0,1.0,1.0,?,1.0,1.7976931348623157E308,?,1.0,?,89000.0,2580920.0
90000.0,144.072063018,9.619487782847565E-5,90000.0,1.0,1.0,1.0,?,1.0,1.7976931348623157E308,?,1.0,?,90000.0,2580920.0
91000.0,145.827139285,9.736671741726969E-5,91000.0,1.0,1.0,1.0,?,1.0,1.7976931348623157E308,?,1.0,?,91000.0,2580920.0
92000.0,147.392586401,9.841194430523163E-5,92000.0,1.0,1.0,1.0,?,1.0,1.7976931348623157E308,?,1.0,?,92000.0,2580920.0
93000.0,149.054567904,9.952162583741249E-5,93000.0,1.0,1.0,1.0,?,1.0,1.7976931348623157E308,?,1.0,?,93000.0,2580920.0
94000.0,150.285825517,1.0034371912306994E-4,94000.0,1.0,1.0,1.0,?,1.0,1.7976931348623157E308,?,1.0,?,94000.0,2580920.0
95000.0,151.424558409,1.0110403496175909E-4,95000.0,1.0,1.0,1.0,?,1.0,1.7976931348623157E308,?,1.0,?,95000.0,2580920.0
96000.0,153.149967797,1.0225606639523713E-4,96000.0,1.0,1.0,1.0,?,1.0,1.7976931348623157E308,?,1.0,?,96000.0,2580920.0
97000.0,154.816049216,1.0336848538331655E-4,97000.0,1.0,1.0,1.0,?,1.0,1.7976931348623157E308,?,1.0,?,97000.0,2580920.0
98000.0,156.427527565,1.0444444667420139E-4,98000.0,1.0,1.0,1.0,?,1.0,1.7976931348623157E308,?,1.0,?,98000.0,2580920.0
99000.0,157.690498079,1.0528771421511263E-4,99000.0,1.0,1.0,1.0,?,1.0,1.7976931348623157E308,?,1.0,?,99000.0,2580920.0
100000.0,159.808056174,1.0670157779127155E-4,100000.0,1.0,1.0,1.0,?,1.0,1.7976931348623157E308,?,1.0,?,100000.0,2580920.0
101000.0,161.462159823,1.0780599939180983E-4,101000.0,1.0,1.0,1.0,?,1.0,1.7976931348623157E308,?,1.0,?,101000.0,2580920.0
102000.0,163.261161993,1.0900716768447661E-4,102000.0,1.0,1.0,1.0,?,1.0,1.7976931348623157E308,?,1.0,?,102000.0,2580920.0
103000.0,165.556876867,1.1053998402101962E-4,103000.0,1.0,1.0,1.0,?,1.0,1.7976931348623157E308,?,1.0,?,103000.0,2580920.0
104000.0,167.383803025,1.1175979676534397E-4,104000.0,1.0,1.0,1.0,?,1.0,1.7976931348623157E308,?,1.0,?,104000.0,2580920.0
105000.0,169.46708314,1.131507734192972E-4,105000.0,1.0,1.0,1.0,?,1.0,1.7976931348623157E308,?,1.0,?,105000.0,2580920.0
106000.0,171.270981777,1.143552110136939E-4,106000.0,1.0,1.0,1.0,?,1.0,1.7976931348623157E308,?,1.0,?,106000.0,2580920.0
107000.0,172.912188062,1.1545102122678967E-4,107000.0,1.0,1.0,1.0,?,1.0,1.7976931348623157E308,?,1.0,?,107000.0,2580920.0
108000.0,174.955269323,1.1681515767474897E-4,108000.0,1.0,1.0,1.0,?,1.0,1.7976931348623157E308,?,1.0,?,108000.0,2580920.0
109000.0,176.544096002,1.178759947661005E-4,109000.0,1.0,1.0,1.0,?,1.0,1.7976931348623157E308,?,1.0,?,109000.0,2580920.0
110000.0,178.199015852,1.1898096133249706E-4,110000.0,1.0,1.0,1.0,?,1.0,1.7976931348623157E308,?,1.0,?,110000.0,2580920.0
111000.0,180.192206278,1.203117863758922E-4,111000.0,1.0,1.0,1.0,?,1.0,1.7976931348623157E308,?,1.0,?,111000.0,2580920.0
112000.0,182.112965366,1.2159425003982272E-4,112000.0,1.0,1.0,1.0,?,1.0,1.7976931348623157E308,?,1.0,?,112000.0,2580920.0
113000.0,183.359491317,1.2242653777871273E-4,113000.0,1.0,1.0,1.0,?,1.0,1.7976931348623157E308,?,1.0,?,113000.0,2580920.0
114000.0,185.042312084,1.235501333925866E-4,114000.0,1.0,1.0,1.0,?,1.0,1.7976931348623157E308,?,1.0,?,114000.0,2580920.0
115000.0,187.153649069,1.249598432216285E-4,115000.0,1.0,1.0,1.0,?,1.0,1.7976931348623157E308,?,1.0,?,115000.0,2580920.0
116000.0,188.870849987,1.2610639397583903E-4,116000.0,1.0,1.0,1.0,?,1.0,1.7976931348623157E308,?,1.0,?,116000.0,2580920.0
117000.0,190.752710074,1.2736288532723053E-4,117000.0,1.0,1.0,1.0,?,1.0,1.7976931348623157E308,?,1.0,?,117000.0,2580920.0
118000.0,192.229540345,1.2834894400173212E-4,118000.0,1.0,1.0,1.0,?,1.0,1.7976931348623157E308,?,1.0,?,118000.0,2580920.0
119000.0,193.850250315,1.2943106911532935E-4,119000.0,1.0,1.0,1.0,?,1.0,1.7976931348623157E308,?,1.0,?,119000.0,2580920.0
120000.0,195.244423647,1.3036193892127293E-4,120000.0,1.0,1.0,1.0,?,1.0,1.7976931348623157E308,?,1.0,?,120000.0,2580920.0
121000.0,196.959326946,1.3150695558778895E-4,121000.0,1.0,1.0,1.0,?,1.0,1.7976931348623157E308,?,1.0,?,121000.0,2580920.0
122000.0,198.266642384,1.323798316069654E-4,122000.0,1.0,1.0,1.0,?,1.0,1.7976931348623157E308,?,1.0,?,122000.0,2580920.0
123000.0,199.8556129,1.334407647362465E-4,123000.0,1.0,1.0,1.0,?,1.0,1.7976931348623157E308,?,1.0,?,123000.0,2580920.0
124000.0,201.263662045,1.3438089922618464E-4,124000.0,1.0,1.0,1.0,?,1.0,1.7976931348623157E308,?,1.0,?,124000.0,2580920.0
125000.0,202.944093213,1.3550289933861954E-4,125000.0,1.0,1.0,1.0,?,1.0,1.7976931348623157E308,?,1.0,?,125000.0,2580920.0
126000.0,204.609012669,1.3661454250044587E-4,126000.0,1.0,1.0,1.0,?,1.0,1.7976931348623157E308,?,1.0,?,126000.0,2580920.0
127000.0,206.508863757,1.378830461886288E-4,127000.0,1.0,1.0,1.0,?,1.0,1.7976931348623157E308,?,1.0,?,127000.0,2580920.0
128000.0,208.22865021,1.3903132326797298E-4,128000.0,1.0,1.0,1.0,?,1.0,1.7976931348623157E308,?,1.0,?,128000.0,2580920.0
129000.0,209.507761625,1.3988536786008492E-4,129000.0,1.0,1.0,1.0,?,1.0,1.7976931348623157E308,?,1.0,?,129000.0,2580920.0
130000.0,211.348067895,1.411141143158604E-4,130000.0,1.0,1.0,1.0,?,1.0,1.7976931348623157E308,?,1.0,?,130000.0,2580920.0
131000.0,212.885505331,1.4214063953682892E-4,131000.0,1.0,1.0,1.0,?,1.0,1.7976931348623157E308,?,1.0,?,131000.0,2580920.0
132000.0,214.614476786,1.432950493120389E-4,132000.0,1.0,1.0,1.0,?,1.0,1.7976931348623157E308,?,1.0,?,132000.0,2580920.0
133000.0,216.028046399,1.442388697403449E-4,133000.0,1.0,1.0,1.0,?,1.0,1.7976931348623157E308,?,1.0,?,133000.0,2580920.0
134000.0,217.367813112,1.451334130166468E-4,134000.0,1.0,1.0,1.0,?,1.0,1.7976931348623157E308,?,1.0,?,134000.0,2580920.0
135000.0,218.850004796,1.461230514307434E-4,135000.0,1.0,1.0,1.0,?,1.0,1.7976931348623157E308,?,1.0,?,135000.0,2580920.0
136000.0,220.521146995,1.4723884943001778E-4,136000.0,1.0,1.0,1.0,?,1.0,1.7976931348623157E308,?,1.0,?,136000.0,2580920.0
137000.0,222.325583513,1.4844364615994706E-4,137000.0,1.0,1.0,1.0,?,1.0,1.7976931348623157E308,?,1.0,?,137000.0,2580920.0
138000.0,224.255074542,1.4973194001732457E-4,138000.0,1.0,1.0,1.0,?,1.0,1.7976931348623157E308,?,1.0,?,138000.0,2580920.0
139000.0,226.093522205,1.509594455075058E-4,139000.0,1.0,1.0,1.0,?,1.0,1.7976931348623157E308,?,1.0,?,139000.0,2580920.0
140000.0,228.348657477,1.5246516741800292E-4,140000.0,1.0,1.0,1.0,?,1.0,1.7976931348623157E308,?,1.0,?,140000.0,2580920.0
141000.0,230.508953136,1.5390756626089953E-4,141000.0,1.0,1.0,1.0,?,1.0,1.7976931348623157E308,?,1.0,?,141000.0,2580920.0
142000.0,232.392336626,1.5516507476691767E-4,142000.0,1.0,1.0,1.0,?,1.0,1.7976931348623157E308,?,1.0,?,142000.0,2580920.0
143000.0,234.382401765,1.5649381310040635E-4,143000.0,1.0,1.0,1.0,?,1.0,1.7976931348623157E308,?,1.0,?,143000.0,2580920.0
144000.0,236.105885307,1.576445586737613E-4,144000.0,1.0,1.0,1.0,?,1.0,1.7976931348623157E308,?,1.0,?,144000.0,2580920.0
145000.0,238.069922213,1.589559183243806E-4,145000.0,1.0,1.0,1.0,?,1.0,1.7976931348623157E308,?,1.0,?,145000.0,2580920.0
146000.0,239.379729314,1.5983045799168464E-4,146000.0,1.0,1.0,1.0,?,1.0,1.7976931348623157E308,?,1.0,?,146000.0,2580920.0
147000.0,241.359527456,1.611523411965565E-4,147000.0,1.0,1.0,1.0,?,1.0,1.7976931348623157E308,?,1.0,?,147000.0,2580920.0
148000.0,243.115789419,1.6232497245779188E-4,148000.0,1.0,1.0,1.0,?,1.0,1.7976931348623157E308,?,1.0,?,148000.0,2580920.0
149000.0,245.164650845,1.6369296824013117E-4,149000.0,1.0,1.0,1.0,?,1.0,1.7976931348623157E308,?,1.0,?,149000.0,2580920.0
150000.0,247.024530287,1.6493478342588673E-4,150000.0,1.0,1.0,1.0,?,1.0,1.7976931348623157E308,?,1.0,?,150000.0,2580920.0
151000.0,248.437712205,1.6587834499572722E-4,151000.0,1.0,1.0,1.0,?,1.0,1.7976931348623157E308,?,1.0,?,151000.0,2580920.0
152000.0,249.88305531,1.6684338013504035E-4,152000.0,1.0,1.0,1.0,?,1.0,1.7976931348623157E308,?,1.0,?,152000.0,2580920.0
153000.0,251.192577832,1.6771772979297291E-4,153000.0,1.0,1.0,1.0,?,1.0,1.7976931348623157E308,?,1.0,?,153000.0,2580920.0
154000.0,252.672085807,1.6870557633254525E-4,154000.0,1.0,1.0,1.0,?,1.0,1.7976931348623157E308,?,1.0,?,154000.0,2580920.0
155000.0,254.20372788,1.6972823207164422E-4,155000.0,1.0,1.0,1.0,?,1.0,1.7976931348623157E308,?,1.0,?,155000.0,2580920.0
156000.0,255.655338619,1.7069745202149086E-4,156000.0,1.0,1.0,1.0,?,1.0,1.7976931348623157E308,?,1.0,?,156000.0,2580920.0
157000.0,257.753267548,1.7209820948126825E-4,157000.0,1.0,1.0,1.0,?,1.0,1.7976931348623157E308,?,1.0,?,157000.0,2580920.0
158000.0,259.578412365,1.7331683284941323E-4,158000.0,1.0,1.0,1.0,?,1.0,1.7976931348623157E308,?,1.0,?,158000.0,2580920.0
159000.0,261.060485649,1.7430639220950524E-4,159000.0,1.0,1.0,1.0,?,1.0,1.7976931348623157E308,?,1.0,?,159000.0,2580920.0
160000.0,262.749403499,1.7543405875942327E-4,160000.0,1.0,1.0,1.0,?,1.0,1.7976931348623157E308,?,1.0,?,160000.0,2580920.0
161000.0,264.367864143,1.7651468202987874E-4,161000.0,1.0,1.0,1.0,?,1.0,1.7976931348623157E308,?,1.0,?,161000.0,2580920.0
162000.0,266.000945787,1.7760506753514412E-4,162000.0,1.0,1.0,1.0,?,1.0,1.7976931348623157E308,?,1.0,?,162000.0,2580920.0
163000.0,267.781192868,1.787937133202739E-4,163000.0,1.0,1.0,1.0,?,1.0,1.7976931348623157E308,?,1.0,?,163000.0,2580920.0
164000.0,269.307066095,1.7981251728252902E-4,164000.0,1.0,1.0,1.0,?,1.0,1.7976931348623157E308,?,1.0,?,164000.0,2580920.0
165000.0,270.959975065,1.8091614121280394E-4,165000.0,1.0,1.0,1.0,?,1.0,1.7976931348623157E308,?,1.0,?,165000.0,2580920.0
166000.0,272.726260337,1.820954648956268E-4,166000.0,1.0,1.0,1.0,?,1.0,1.7976931348623157E308,?,1.0,?,166000.0,2580920.0
167000.0,274.174911542,1.8306270880649966E-4,167000.0,1.0,1.0,1.0,?,1.0,1.7976931348623157E308,?,1.0,?,167000.0,2580920.0
168000.0,275.351504543,1.8384830330423995E-4,168000.0,1.0,1.0,1.0,?,1.0,1.7976931348623157E308,?,1.0,?,168000.0,2580920.0
169000.0,277.0193895,1.8496192648912154E-4,169000.0,0.8332999899969991,-0.10000333433363329,0.9997,0.0,1.0,3332.3333333333335,0.0,1.0,-15.899999999988117,169000.0,2580920.0
170000.0,278.456689612,1.8592159143581853E-4,170000.0,0.8332999899969991,-0.10000333433363329,0.9997,0.0,1.0,3332.3333333333335,0.0,1.0,-15.999999999962252,170000.0,2580920.0
171000.0,280.132460678,1.870404800640894E-4,171000.0,0.8332999899969991,-0.10000333433363329,0.9997,0.0,0.8332999899969991,3332.3333333333335,0.0,1.0,-16.099999999982913,171000.0,2580920.0
172000.0,281.847136851,1.8818534508178907E-4,172000.0,0.8332999899969991,-0.10000333433363329,0.9997,0.0,0.8332999899969991,3332.3333333333335,0.0,1.0,-16.199999999964355,172000.0,2580920.0
173000.0,282.977386281,1.8893999663294352E-4,173000.0,0.8332999899969991,-0.10000333433363329,0.9997,0.0,0.8332999899969991,3332.3333333333335,0.0,1.0,-16.299999999955183,173000.0,2580920.0
174000.0,284.615412466,1.9003368353826835E-4,174000.0,0.8332999899969991,-0.10000333433363329,0.9997,0.0,0.8332999899969991,3332.3333333333335,0.0,1.0,-16.399999999980682,174000.0,2580920.0
175000.0,285.941869926,1.9091934041467074E-4,175000.0,0.8332999899969991,-0.10000333433363329,0.9997,0.0,0.8332999899969991,3332.3333333333335,0.0,1.0,-16.500000000029143,175000.0,2580920.0
176000.0,287.694818492,1.9208975936761447E-4,176000.0,0.8332999899969991,-0.10000333433363329,0.9997,0.0,0.8332999899969991,3332.3333333333335,0.0,1.0,-16.59999999994529,176000.0,2580920.0
177000.0,289.141698798,1.930558208742836E-4,177000.0,0.8332999899969991,-0.10000333433363329,0.9997,0.0,0.8332999899969991,3332.3333333333335,0.0,1.0,-16.70000000001572,177000.0,2580920.0
178000.0,290.737927488,1.9412160018363985E-4,178000.0,0.8332999899969991,-0.10000333433363329,0.9997,0.0,0.8332999899969991,3332.3333333333335,0.0,1.0,-16.800000000055334,178000.0,2580920.0
179000.0,292.176037652,1.9508180599059485E-4,179000.0,1.0,1.0,1.0,?,0.8332999899969991,1.7976931348623157E308,?,1.0,1.0,179000.0,2580920.0
180000.0,293.771430548,1.9614702725212398E-4,180000.0,1.0,1.0,1.0,?,0.8332999899969991,1.7976931348623157E308,?,1.0,1.0,180000.0,2580920.0
181000.0,295.386689899,1.9722551306454228E-4,181000.0,1.0,1.0,1.0,?,1.0,1.7976931348623157E308,?,1.0,1.0,181000.0,2580920.0
182000.0,297.1249688,1.983861372897442E-4,182000.0,1.0,1.0,1.0,?,1.0,1.7976931348623157E308,?,1.0,1.0,182000.0,2580920.0
183000.0,298.822508098,1.9951956025849663E-4,183000.0,1.0,1.0,1.0,?,1.0,1.7976931348623157E308,?,1.0,1.0,183000.0,2580920.0
184000.0,300.375895828,2.005567352650691E-4,184000.0,1.0,1.0,1.0,?,1.0,1.7976931348623157E308,?,1.0,1.0,184000.0,2580920.0
185000.0,301.865047865,2.0155102100837344E-4,185000.0,1.0,1.0,1.0,?,1.0,1.7976931348623157E308,?,1.0,1.0,185000.0,2580920.0
186000.0,303.322091347,2.0252386832384677E-4,186000.0,1.0,1.0,1.0,?,1.0,1.7976931348623157E308,?,1.0,1.0,186000.0,2580920.0
187000.0,305.138568592,2.0373670447681522E-4,187000.0,1.0,1.0,1.0,?,1.0,1.7976931348623157E308,?,1.0,1.0,187000.0,2580920.0
188000.0,306.904943735,2.049160881652331E-4,188000.0,1.0,1.0,1.0,?,1.0,1.7976931348623157E308,?,1.0,1.0,188000.0,2580920.0
189000.0,308.329694608,2.0586737416262405E-4,189000.0,1.0,1.0,1.0,?,1.0,1.7976931348623157E308,?,1.0,1.0,189000.0,2580920.0
190000.0,309.751427494,2.0681664509280022E-4,190000.0,1.0,1.0,1.0,?,1.0,1.7976931348623157E308,?,1.0,1.0,190000.0,2580920.0
191000.0,311.19454895,2.0778019686851283E-4,191000.0,1.0,1.0,1.0,?,1.0,1.7976931348623157E308,?,1.0,1.0,191000.0,2580920.0
192000.0,312.753985057,2.0882141029082246E-4,192000.0,1.0,1.0,1.0,?,1.0,1.7976931348623157E308,?,1.0,1.0,192000.0,2580920.0
193000.0,314.562644002,2.1002902627551145E-4,193000.0,1.0,1.0,1.0,?,1.0,1.7976931348623157E308,?,1.0,1.0,193000.0,2580920.0
194000.0,316.03060477,2.110091629083652E-4,194000.0,1.0,1.0,1.0,?,1.0,1.7976931348623157E308,?,1.0,1.0,194000.0,2580920.0
195000.0,317.871277212,2.1223815385200366E-4,195000.0,1.0,1.0,1.0,?,1.0,1.7976931348623157E308,?,1.0,1.0,195000.0,2580920.0
196000.0,319.931678308,2.136138545087133E-4,196000.0,1.0,1.0,1.0,?,1.0,1.7976931348623157E308,?,1.0,1.0,196000.0,2580920.0
197000.0,322.011525382,2.1500253896976907E-4,197000.0,1.0,1.0,1.0,?,1.0,1.7976931348623157E308,?,1.0,1.0,197000.0,2580920.0
198000.0,324.094992479,2.1639364046895787E-4,198000.0,1.0,1.0,1.0,?,1.0,1.7976931348623157E308,?,1.0,1.0,198000.0,2580920.0
199000.0,325.755155316,2.1750210770358502E-4,199000.0,1.0,1.0,1.0,?,1.0,1.7976931348623157E308,?,1.0,1.0,199000.0,2580920.0
200000.0,327.582789578,2.1872239323893035E-4,200000.0,1.0,1.0,1.0,?,1.0,1.7976931348623157E308,?,1.0,1.0,200000.0,2580920.0
201000.0,329.298991734,2.1986827713388617E-4,201000.0,1.0,1.0,1.0,?,1.0,1.7976931348623157E308,?,1.0,1.0,201000.0,2580920.0
202000.0,331.069062276,2.210501281879257E-4,202000.0,0.9615384615384616,0.3615384615384616,0.9992,0.5552343359092106,1.0,768.2307692307693,0.6201736729460423,1.0,-9.10000000000028,202000.0,2580920.0
203000.0,332.219598023,2.2181832462588556E-4,203000.0,0.9615384615384616,0.3615384615384616,0.9992,0.5552343359092106,1.0,768.2307692307693,0.6201736729460423,1.0,-9.150000000006479,203000.0,2580920.0
204000.0,333.390465607,2.2260009634371078E-4,204000.0,0.9615384615384616,0.3615384615384616,0.9992,0.5552343359092106,1.0,768.2307692307693,0.6201736729460423,1.0,-9.199999999998019,204000.0,2580920.0
205000.0,335.203939868,2.2381092744675526E-4,205000.0,0.9615384615384616,0.3615384615384616,0.9992,0.5552343359092106,1.0,768.2307692307693,0.6201736729460423,1.0,-9.250000000003201,205000.0,2580920.0
206000.0,337.318130966,2.2522254292666098E-4,206000.0,0.9615384615384616,0.3615384615384616,0.9992,0.5552343359092106,1.0,768.2307692307693,0.6201736729460423,1.0,-9.300000000005717,206000.0,2580920.0
207000.0,339.127076379,2.2643035018197997E-4,207000.0,0.9615384615384616,0.3615384615384616,0.9992,0.5552343359092106,1.0,768.2307692307693,0.6201736729460423,1.0,-9.349999999994543,207000.0,2580920.0
208000.0,341.033798116,2.2770344130527913E-4,208000.0,0.9615384615384616,0.3615384615384616,0.9992,0.5552343359092106,1.0,768.2307692307693,0.6201736729460423,1.0,-9.399999999999133,208000.0,2580920.0
209000.0,342.191428074,2.284763744475392E-4,209000.0,0.9615384615384616,0.3615384615384616,0.9992,0.5552343359092106,1.0,768.2307692307693,0.6201736729460423,1.0,-9.449999999999275,209000.0,2580920.0
210000.0,343.715525857,2.294939929709584E-4,210000.0,0.9615384615384616,0.3615384615384616,0.9992,0.5552343359092106,1.0,768.2307692307693,0.6201736729460423,1.0,-9.500000000003643,210000.0,2580920.0
211000.0,345.267300651,2.3053009104298704E-4,211000.0,0.9615384615384616,0.3615384615384616,0.9992,0.5552343359092106,0.9615384615384616,768.2307692307693,0.6201736729460423,1.0,-9.549999999996485,211000.0,2580920.0
212000.0,347.048133607,2.3171912800856406E-4,212000.0,1.0,1.0,1.0,?,0.9615384615384616,1.7976931348623157E308,?,1.0,1.0,212000.0,2580920.0
213000.0,348.742803581,2.3285063517028317E-4,213000.0,1.0,1.0,1.0,?,0.9615384615384616,1.7976931348623157E308,?,1.0,1.0,213000.0,2580920.0
214000.0,350.460767502,2.3399769537080017E-4,214000.0,1.0,1.0,1.0,?,0.9615384615384616,1.7976931348623157E308,?,1.0,1.0,214000.0,2580920.0
215000.0,351.82223826,2.3490673013083196E-4,215000.0,1.0,1.0,1.0,?,0.9615384615384616,1.7976931348623157E308,?,1.0,1.0,215000.0,2580920.0
216000.0,352.952885294,2.3566164715655102E-4,216000.0,1.0,1.0,1.0,?,0.9615384615384616,1.7976931348623157E308,?,1.0,1.0,216000.0,2580920.0
217000.0,354.281090486,2.3654847096887905E-4,217000.0,1.0,1.0,1.0,?,0.9615384615384616,1.7976931348623157E308,?,1.0,1.0,217000.0,2580920.0
218000.0,355.843765079,2.3759184668246564E-4,218000.0,1.0,1.0,1.0,?,0.9615384615384616,1.7976931348623157E308,?,1.0,1.0,218000.0,2580920.0
219000.0,357.416300057,2.3864180603559032E-4,219000.0,1.0,1.0,1.0,?,0.9615384615384616,1.7976931348623157E308,?,1.0,1.0,219000.0,2580920.0
220000.0,358.998787735,2.3969841066567228E-4,220000.0,1.0,1.0,1.0,?,0.9615384615384616,1.7976931348623157E308,?,1.0,1.0,220000.0,2580920.0
221000.0,360.517849276,2.407126665615719E-4,221000.0,1.0,1.0,1.0,?,1.0,1.7976931348623157E308,?,1.0,1.0,221000.0,2580920.0
222000.0,362.221471634,2.418501511034098E-4,222000.0,1.0,1.0,1.0,?,1.0,1.7976931348623157E308,?,1.0,1.0,222000.0,2580920.0
223000.0,364.040393055,2.4306461919810788E-4,223000.0,1.0,1.0,1.0,?,1.0,1.7976931348623157E308,?,1.0,1.0,223000.0,2580920.0
224000.0,365.542458773,2.4406752722348472E-4,224000.0,1.0,1.0,1.0,?,1.0,1.7976931348623157E308,?,1.0,1.0,224000.0,2580920.0
225000.0,366.61343037,2.4478259980433833E-4,225000.0,1.0,1.0,1.0,?,1.0,1.7976931348623157E308,?,1.0,1.0,225000.0,2580920.0
226000.0,368.180408571,2.458288489760896E-4,226000.0,1.0,1.0,1.0,?,1.0,1.7976931348623157E308,?,1.0,1.0,226000.0,2580920.0
227000.0,369.484546323,2.4669960329928874E-4,227000.0,1.0,1.0,1.0,?,1.0,1.7976931348623157E308,?,1.0,1.0,227000.0,2580920.0
228000.0,370.639610023,2.4747082298739526E-4,228000.0,1.0,1.0,1.0,?,1.0,1.7976931348623157E308,?,1.0,1.0,228000.0,2580920.0
229000.0,372.632828998,2.488016670925537E-4,229000.0,1.0,1.0,1.0,?,1.0,1.7976931348623157E308,?,1.0,1.0,229000.0,2580920.0
230000.0,374.500893841,2.500489475547319E-4,230000.0,1.0,1.0,1.0,?,1.0,1.7976931348623157E308,?,1.0,1.0,230000.0,2580920.0
231000.0,376.015396352,2.510601594508117E-4,231000.0,1.0,1.0,1.0,?,1.0,1.7976931348623157E308,?,1.0,1.0,231000.0,2580920.0
232000.0,378.008559933,2.523909665701802E-4,232000.0,1.0,1.0,1.0,?,1.0,1.7976931348623157E308,?,1.0,1.0,232000.0,2580920.0
233000.0,379.690386179,2.5351389815645505E-4,233000.0,1.0,1.0,1.0,?,1.0,1.7976931348623157E308,?,1.0,1.0,233000.0,2580920.0
234000.0,381.316271289,2.5459947863780104E-4,234000.0,1.0,1.0,1.0,?,1.0,1.7976931348623157E308,?,1.0,1.0,234000.0,2580920.0
235000.0,382.327415393,2.552746052481496E-4,235000.0,1.0,1.0,1.0,?,1.0,1.7976931348623157E308,?,1.0,1.0,235000.0,2580920.0
236000.0,383.739879259,2.5621768738483025E-4,236000.0,1.0,1.0,1.0,?,1.0,1.7976931348623157E308,?,1.0,1.0,236000.0,2580920.0
237000.0,385.41747611,2.573377950639104E-4,237000.0,1.0,1.0,1.0,?,1.0,1.7976931348623157E308,?,1.0,1.0,237000.0,2580920.0
238000.0,387.399800697,2.58661365140359E-4,238000.0,1.0,1.0,1.0,?,1.0,1.7976931348623157E308,?,1.0,1.0,238000.0,2580920.0
239000.0,389.162091844,2.5983802200243706E-4,239000.0,1.0,1.0,1.0,?,1.0,1.7976931348623157E308,?,1.0,1.0,239000.0,2580920.0
240000.0,391.334296091,2.6128837204103235E-4,240000.0,1.0,1.0,1.0,?,1.0,1.7976931348623157E308,?,1.0,1.0,240000.0,2580920.0
241000.0,393.358640528,2.626399981767367E-4,241000.0,1.0,1.0,1.0,?,1.0,1.7976931348623157E308,?,1.0,1.0,241000.0,2580920.0
242000.0,394.964474153,2.637121905652807E-4,242000.0,1.0,1.0,1.0,?,1.0,1.7976931348623157E308,?,1.0,1.0,242000.0,2580920.0
243000.0,396.698392096,2.648699030405345E-4,243000.0,1.0,1.0,1.0,?,1.0,1.7976931348623157E308,?,1.0,1.0,243000.0,2580920.0
244000.0,398.662259197,2.661811493147581E-4,244000.0,1.0,1.0,1.0,?,1.0,1.7976931348623157E308,?,1.0,1.0,244000.0,2580920.0
245000.0,400.703254678,2.675438931169256E-4,245000.0,1.0,1.0,1.0,?,1.0,1.7976931348623157E308,?,1.0,1.0,245000.0,2580920.0
246000.0,402.115587149,2.68486887523024E-4,246000.0,1.0,1.0,1.0,?,1.0,1.7976931348623157E308,?,1.0,1.0,246000.0,2580920.0
247000.0,403.915781461,2.6968885179203515E-4,247000.0,1.0,1.0,1.0,?,1.0,1.7976931348623157E308,?,1.0,1.0,247000.0,2580920.0
248000.0,405.500023879,2.707466280371852E-4,248000.0,1.0,1.0,1.0,?,1.0,1.7976931348623157E308,?,1.0,1.0,248000.0,2580920.0
249000.0,407.260838429,2.7192229899634045E-4,249000.0,1.0,1.0,1.0,?,1.0,1.7976931348623157E308,?,1.0,1.0,249000.0,2580920.0
250000.0,408.825142164,2.7296676246498777E-4,250000.0,1.0,1.0,1.0,?,1.0,1.7976931348623157E308,?,1.0,1.0,250000.0,2580920.0
251000.0,410.326718627,2.739693438217242E-4,251000.0,1.0,1.0,1.0,?,1.0,1.7976931348623157E308,?,1.0,1.0,251000.0,2580920.0
252000.0,411.991532948,2.7508091678639867E-4,252000.0,1.0,1.0,1.0,?,1.0,1.7976931348623157E308,?,1.0,1.0,252000.0,2580920.0
253000.0,413.067517598,2.7579933651180466E-4,253000.0,1.0,1.0,1.0,?,1.0,1.7976931348623157E308,?,1.0,1.0,253000.0,2580920.0
254000.0,415.084433438,2.771460026784082E-4,254000.0,1.0,1.0,1.0,?,1.0,1.7976931348623157E308,?,1.0,1.0,254000.0,2580920.0
255000.0,416.976589118,2.784093682515611E-4,255000.0,1.0,1.0,1.0,?,1.0,1.7976931348623157E308,?,1.0,1.0,255000.0,2580920.0
256000.0,418.971720925,2.79741489527579E-4,256000.0,1.0,1.0,1.0,?,1.0,1.7976931348623157E308,?,1.0,1.0,256000.0,2580920.0
257000.0,420.569866329,2.808085485997512E-4,257000.0,1.0,1.0,1.0,?,1.0,1.7976931348623157E308,?,1.0,1.0,257000.0,2580920.0
258000.0,422.082036057,2.818182029296313E-4,258000.0,1.0,1.0,1.0,?,1.0,1.7976931348623157E308,?,1.0,1.0,258000.0,2580920.0
259000.0,423.425274175,2.827150640139306E-4,259000.0,1.0,1.0,1.0,?,1.0,1.7976931348623157E308,?,1.0,1.0,259000.0,2580920.0
260000.0,425.019188092,2.837792977821093E-4,260000.0,1.0,1.0,1.0,?,1.0,1.7976931348623157E308,?,1.0,1.0,260000.0,2580920.0
261000.0,426.644885746,2.8486475310173664E-4,261000.0,1.0,1.0,1.0,?,1.0,1.7976931348623157E308,?,1.0,1.0,261000.0,2580920.0
262000.0,428.741189218,2.8626442526687564E-4,262000.0,1.0,1.0,1.0,?,1.0,1.7976931348623157E308,?,1.0,1.0,262000.0,2580920.0
263000.0,430.558679691,2.874779379378423E-4,263000.0,1.0,1.0,1.0,?,1.0,1.7976931348623157E308,?,1.0,1.0,263000.0,2580920.0
264000.0,432.059486145,2.884800051704652E-4,264000.0,1.0,1.0,1.0,?,1.0,1.7976931348623157E308,?,1.0,1.0,264000.0,2580920.0
265000.0,433.290421453,2.8930188325763484E-4,265000.0,1.0,1.0,1.0,?,1.0,1.7976931348623157E308,?,1.0,1.0,265000.0,2580920.0
266000.0,434.673828489,2.9022556456008447E-4,266000.0,1.0,1.0,1.0,?,1.0,1.7976931348623157E308,?,1.0,1.0,266000.0,2580920.0
267000.0,436.777776761,2.9163034105000803E-4,267000.0,1.0,1.0,1.0,?,1.0,1.7976931348623157E308,?,1.0,1.0,267000.0,2580920.0
268000.0,438.545725388,2.928107753314276E-4,268000.0,1.0,1.0,1.0,?,1.0,1.7976931348623157E308,?,1.0,1.0,268000.0,2580920.0
269000.0,440.297469643,2.939803901829579E-4,269000.0,1.0,1.0,1.0,?,1.0,1.7976931348623157E308,?,1.0,1.0,269000.0,2580920.0
270000.0,442.043463173,2.951461653567796E-4,270000.0,1.0,1.0,1.0,?,1.0,1.7976931348623157E308,?,1.0,1.0,270000.0,2580920.0
271000.0,444.246330746,2.9661698886425283E-4,271000.0,1.0,1.0,1.0,?,1.0,1.7976931348623157E308,?,1.0,1.0,271000.0,2580920.0
272000.0,446.000482349,2.9778821106797826E-4,272000.0,1.0,1.0,1.0,?,1.0,1.7976931348623157E308,?,1.0,1.0,272000.0,2580920.0
273000.0,447.835745822,2.9901359051955344E-4,273000.0,1.0,1.0,1.0,?,1.0,1.7976931348623157E308,?,1.0,1.0,273000.0,2580920.0
274000.0,449.66178806,3.002328130830014E-4,274000.0,1.0,1.0,1.0,?,1.0,1.7976931348623157E308,?,1.0,1.0,274000.0,2580920.0
275000.0,451.588374417,3.015191675319862E-4,275000.0,1.0,1.0,1.0,?,1.0,1.7976931348623157E308,?,1.0,1.0,275000.0,2580920.0
276000.0,453.127466264,3.025467973797692E-4,276000.0,1.0,1.0,1.0,?,1.0,1.7976931348623157E308,?,1.0,1.0,276000.0,2580920.0
277000.0,454.718579736,3.0360916133044823E-4,277000.0,1.0,1.0,1.0,?,1.0,1.7976931348623157E308,?,1.0,1.0,277000.0,2580920.0
278000.0,455.936977421,3.0442266822415065E-4,278000.0,1.0,1.0,1.0,?,1.0,1.7976931348623157E308,?,1.0,1.0,278000.0,2580920.0
279000.0,457.077077973,3.0518389723006915E-4,279000.0,1.0,1.0,1.0,?,1.0,1.7976931348623157E308,?,1.0,1.0,279000.0,2580920.0
280000.0,458.991324284,3.064620124049539E-4,280000.0,1.0,1.0,1.0,?,1.0,1.7976931348623157E308,?,1.0,1.0,280000.0,2580920.0
281000.0,460.32036509,3.073493941449256E-4,281000.0,1.0,1.0,1.0,?,1.0,1.7976931348623157E308,?,1.0,1.0,281000.0,2580920.0
282000.0,461.792125102,3.0833206747923805E-4,282000.0,1.0,1.0,1.0,?,1.0,1.7976931348623157E308,?,1.0,1.0,282000.0,2580920.0
283000.0,463.221469603,3.092864205770438E-4,283000.0,1.0,1.0,1.0,?,1.0,1.7976931348623157E308,?,1.0,1.0,283000.0,2580920.0
284000.0,465.076665386,3.105251085499598E-4,284000.0,1.0,1.0,1.0,?,1.0,1.7976931348623157E308,?,1.0,1.0,284000.0,2580920.0
285000.0,466.245873267,3.1130577210757704E-4,285000.0,1.0,1.0,1.0,?,1.0,1.7976931348623157E308,?,1.0,1.0,285000.0,2580920.0
286000.0,467.660725842,3.122504491514563E-4,286000.0,1.0,1.0,1.0,?,1.0,1.7976931348623157E308,?,1.0,1.0,286000.0,2580920.0
287000.0,469.034169725,3.1316747819762846E-4,287000.0,1.0,1.0,1.0,?,1.0,1.7976931348623157E308,?,1.0,1.0,287000.0,2580920.0
288000.0,470.612656801,3.1422141168236436E-4,288000.0,1.0,1.0,1.0,?,1.0,1.7976931348623157E308,?,1.0,1.0,288000.0,2580920.0
289000.0,472.585612077,3.1553872600243593E-4,289000.0,1.0,1.0,1.0,?,1.0,1.7976931348623157E308,?,1.0,1.0,289000.0,2580920.0
290000.0,474.227146078,3.166347550268676E-4,290000.0,1.0,1.0,1.0,?,1.0,1.7976931348623157E308,?,1.0,1.0,290000.0,2580920.0
291000.0,475.434879341,3.1744114143690436E-4,291000.0,1.0,1.0,1.0,?,1.0,1.7976931348623157E308,?,1.0,1.0,291000.0,2580920.0
292000.0,477.592113935,3.1888149645001513E-4,292000.0,1.0,1.0,1.0,?,1.0,1.7976931348623157E308,?,1.0,1.0,292000.0,2580920.0
293000.0,479.565699404,3.2019923154103544E-4,293000.0,1.0,1.0,1.0,?,1.0,1.7976931348623157E308,?,1.0,1.0,293000.0,2580920.0
294000.0,481.626103157,3.215749339717864E-4,294000.0,1.0,1.0,1.0,?,1.0,1.7976931348623157E308,?,1.0,1.0,294000.0,2580920.0
295000.0,483.325480097,3.227095839080992E-4,295000.0,1.0,1.0,1.0,?,1.0,1.7976931348623157E308,?,1.0,1.0,295000.0,2580920.0
296000.0,484.772459726,3.2367571173132995E-4,296000.0,1.0,1.0,1.0,?,1.0,1.7976931348623157E308,?,1.0,1.0,296000.0,2580920.0
297000.0,486.204005474,3.2463153457060954E-4,297000.0,1.0,1.0,1.0,?,1.0,1.7976931348623157E308,?,1.0,1.0,297000.0,2580920.0
298000.0,487.577820966,3.2554881173485267E-4,298000.0,1.0,1.0,1.0,?,1.0,1.7976931348623157E308,?,1.0,1.0,298000.0,2580920.0
299000.0,488.822204939,3.2637966930534147E-4,299000.0,1.0,1.0,1.0,?,1.0,1.7976931348623157E308,?,1.0,1.0,299000.0,2580920.0
300000.0,490.543623924,3.2752903640320143E-4,300000.0,1.0,1.0,1.0,?,1.0,1.7976931348623157E308,?,1.0,1.0,300000.0,2580920.0
301000.0,492.131696816,3.2858937020163926E-4,301000.0,1.0,1.0,1.0,?,1.0,1.7976931348623157E308,?,1.0,1.0,301000.0,2580920.0
302000.0,493.949078353,3.298028101375802E-4,302000.0,1.0,1.0,1.0,?,1.0,1.7976931348623157E308,?,1.0,1.0,302000.0,2580920.0
303000.0,495.698552059,3.309709089756719E-4,303000.0,1.0,1.0,1.0,?,1.0,1.7976931348623157E308,?,1.0,1.0,303000.0,2580920.0
304000.0,497.276421766,3.320244302518624E-4,304000.0,1.0,1.0,1.0,?,1.0,1.7976931348623157E308,?,1.0,1.0,304000.0,2580920.0
305000.0,499.137846235,3.332672770302834E-4,305000.0,1.0,1.0,1.0,?,1.0,1.7976931348623157E308,?,1.0,1.0,305000.0,2580920.0
306000.0,501.463925338,3.348203671328698E-4,306000.0,1.0,1.0,1.0,?,1.0,1.7976931348623157E308,?,1.0,1.0,306000.0,2580920.0
307000.0,504.03818429,3.365391634088387E-4,307000.0,1.0,1.0,1.0,?,1.0,1.7976931348623157E308,?,1.0,1.0,307000.0,2580920.0
308000.0,506.414218265,3.38125607672588E-4,308000.0,1.0,1.0,1.0,?,1.0,1.7976931348623157E308,?,1.0,1.0,308000.0,2580920.0
309000.0,508.353104197,3.3942017437375887E-4,309000.0,1.0,1.0,1.0,?,1.0,1.7976931348623157E308,?,1.0,1.0,309000.0,2580920.0
310000.0,510.223894596,3.406692746511111E-4,310000.0,1.0,1.0,1.0,?,1.0,1.7976931348623157E308,?,1.0,1.0,310000.0,2580920.0
311000.0,512.036536877,3.418795502528823E-4,311000.0,1.0,1.0,1.0,?,1.0,1.7976931348623157E308,?,1.0,1.0,311000.0,2580920.0
312000.0,514.167316573,3.433022417049406E-4,312000.0,1.0,1.0,1.0,?,1.0,1.7976931348623157E308,?,1.0,1.0,312000.0,2580920.0
313000.0,516.010225878,3.445327261703521E-4,313000.0,0.9993324432576769,0.9878504672897196,0.9991,0.9934694967449068,1.0,12.35113484646195,0.9939738319685203,1.0,0.6317647058823505,313000.0,2580920.0
314000.0,518.090613116,3.459217712912672E-4,314000.0,0.9993760555555555,0.9899949185185105,0.9983,0.9905513561582924,1.0,9.0,0.9950472908918003,0.9991111111111111,0.4746062992125955,314000.0,2580920.0
315000.0,519.580774538,3.46916730986653E-4,315000.0,0.9993760555555555,0.9899949185185105,0.9983,0.9905513561582924,1.0,9.0,0.9950472908918003,0.9991111111111111,0.47293307086612646,315000.0,2580920.0
316000.0,521.215850054,3.480084477720391E-4,316000.0,0.9993760555555555,0.9899949185185105,0.9983,0.9905513561582924,1.0,9.0,0.9950472908918003,0.9991111111111111,0.4712598425196763,316000.0,2580920.0
317000.0,523.302944871,3.494019714485389E-4,317000.0,0.9993760555555555,0.9899949185185105,0.9983,0.9905513561582924,1.0,9.0,0.9950472908918003,0.9991111111111111,0.46958661417322656,317000.0,2580920.0
318000.0,525.073808327,3.5058435192003633E-4,318000.0,0.9993760555555555,0.9899949185185105,0.9983,0.9905513561582924,1.0,9.0,0.9950472908918003,0.9991111111111111,0.46791338582676284,318000.0,2580920.0
319000.0,527.123198092,3.5195270046684983E-4,319000.0,0.9988762765182367,0.9885071997306609,0.9982,0.9900000011111109,1.0,8.99000999000999,0.9945500909156618,0.9991110123347039,0.4353982300884915,319000.0,2580920.0
320000.0,529.114527345,3.5328228283136885E-4,320000.0,0.9988762765182367,0.9885071997306609,0.9982,0.9900000011111109,1.0,8.99000999000999,0.9945500909156618,0.9991110123347039,0.4336283185840689,320000.0,2580920.0
321000.0,531.111875889,3.5461588419131437E-4,321000.0,0.9978800273230845,0.9837557773481855,0.9978,0.9877994743791736,0.9988762765182367,8.950248756218905,0.9925687170999986,0.9991106170094497,0.30832517140059185,321000.0,2580920.0
322000.0,532.881573605,3.5579748631470924E-4,322000.0,0.9978800273230845,0.9837557773481855,0.9978,0.9877994743791736,0.9988762765182367,8.950248756218905,0.9925687170999986,0.9991106170094497,0.3061704211557331,322000.0,2580920.0
323000.0,535.150133822,3.573121718710172E-4,323000.0,0.9940175524681856,0.9745537585095148,0.9987,0.9740901249095154,0.9988762765182367,38.0625,0.9897796560076559,0.9991789819376026,0.5887365328109818,323000.0,2580920.0
324000.0,536.904170793,3.584833175365783E-4,324000.0,0.9528169107590987,0.6924393625839582,0.9986,0.8471392103211668,0.9988762765182367,187.67924528301887,0.8578164469184381,1.0,0.5756782039289142,324000.0,2580920.0
325000.0,538.807460207,3.597541169463784E-4,325000.0,0.9974443773654182,0.9829038993760764,0.9978,0.9878318368705078,0.9988762765182367,8.920634920634921,0.9925894357983673,0.9991103202846975,0.6467391304347836,325000.0,2580920.0
326000.0,540.588234343,3.6094311463867373E-4,326000.0,0.9974443773654182,0.9829038993760764,0.9978,0.9878318368705078,0.9988762765182367,8.920634920634921,0.9925894357983673,0.9991103202846975,0.6456521739130475,326000.0,2580920.0
327000.0,542.473897642,3.622021453409014E-4,327000.0,0.9974443773654182,0.9829038993760764,0.9978,0.9878318368705078,0.9988762765182367,8.920634920634921,0.9925894357983673,0.9991103202846975,0.6445652173913056,327000.0,2580920.0
328000.0,544.304017373,3.634240903887282E-4,328000.0,0.9974443773654182,0.9829038993760764,0.9978,0.9878318368705078,0.9988762765182367,8.920634920634921,0.9925894357983673,0.9991103202846975,0.6434782608695688,328000.0,2580920.0
329000.0,546.328292325,3.6477567013028125E-4,329000.0,0.9979393108465362,0.9843756595077862,0.9979,0.988379796073168,0.9988762765182367,8.930486593843098,0.9930822074753062,0.9991104192149449,0.6586462450592906,329000.0,2580920.0
330000.0,548.275603289,3.660758621061026E-4,330000.0,0.9979393108465362,0.9843756595077862,0.9979,0.988379796073168,0.9988762765182367,8.930486593843098,0.9930822074753062,0.9991104192149449,0.657608695652175,330000.0,2580920.0
331000.0,550.158559218,3.673330851356911E-4,331000.0,0.9986737430607862,0.9836949635633037,0.9975,0.9881501064878833,0.9979393108465362,7.312551953449709,0.9924576120919426,0.999090599067864,0.6279226618705086,331000.0,2580920.0
332000.0,552.030023153,3.6858263512349986E-4,332000.0,0.9986737430607862,0.9836949635633037,0.9975,0.9881501064878833,0.9979393108465362,7.312551953449709,0.9924576120919426,0.999090599067864,0.6267985611510885,332000.0,2580920.0
333000.0,553.956002452,3.6986858424844805E-4,333000.0,0.9986737430607862,0.9836949635633037,0.9975,0.9881501064878833,0.9979393108465362,7.312551953449709,0.9924576120919426,0.999090599067864,0.6256744604316617,333000.0,2580920.0
334000.0,555.830331484,3.71120047220982E-4,334000.0,0.999499264632108,0.9917126730439523,0.9984,0.9921691272737059,0.9979393108465362,7.658008658008658,0.9960800128362617,0.9990955342001131,0.7597122302158217,334000.0,2580920.0
335000.0,558.055173905,3.7260554302351637E-4,335000.0,0.9975,0.9575,0.9992,0.9791840133222308,0.9979393108465362,49.0,0.9797958971132712,1.0,0.8794964028776936,335000.0,2580920.0
336000.0,560.089048709,3.7396353245041E-4,336000.0,0.9975,0.9575,0.9992,0.9791840133222308,0.9979393108465362,49.0,0.9797958971132712,1.0,0.8791366906474789,336000.0,2580920.0
337000.0,561.976732069,3.752239119187831E-4,337000.0,0.9975,0.9575,0.9992,0.9791840133222308,0.9979393108465362,49.0,0.9797958971132712,1.0,0.8787769784172627,337000.0,2580920.0
338000.0,563.904761733,3.765112300434287E-4,338000.0,0.9975,0.9575,0.9992,0.9791840133222308,0.9979393108465362,49.0,0.9797958971132712,1.0,0.8784172661870479,338000.0,2580920.0
339000.0,565.906106835,3.778474998485987E-4,339000.0,0.9975,0.9575,0.9992,0.9791840133222308,0.9979393108465362,49.0,0.9797958971132712,1.0,0.8780575539568313,339000.0,2580920.0
340000.0,568.335463119,3.7946954666354593E-4,340000.0,0.9975,0.9575,0.9992,0.9791840133222308,0.9979393108465362,49.0,0.9797958971132712,1.0,0.8776978417266159,340000.0,2580920.0
341000.0,570.262161207,3.807559757137384E-4,341000.0,1.0,1.0,1.0,?,0.9975,1.7976931348623157E308,?,1.0,1.0,341000.0,2580920.0
342000.0,572.027707825,3.8193480620773757E-4,342000.0,1.0,1.0,1.0,?,0.9975,1.7976931348623157E308,?,1.0,1.0,342000.0,2580920.0
343000.0,574.104677426,3.83321569420788E-4,343000.0,1.0,1.0,1.0,?,0.9975,1.7976931348623157E308,?,1.0,1.0,343000.0,2580920.0
344000.0,576.118316602,3.846660478052042E-4,344000.0,1.0,1.0,1.0,?,0.9975,1.7976931348623157E308,?,1.0,1.0,344000.0,2580920.0
345000.0,578.396867308,3.8618740386965004E-4,345000.0,1.0,1.0,1.0,?,0.9975,1.7976931348623157E308,?,1.0,1.0,345000.0,2580920.0
346000.0,580.572530523,3.876400634122339E-4,346000.0,1.0,1.0,1.0,?,0.9975,1.7976931348623157E308,?,1.0,1.0,346000.0,2580920.0
347000.0,582.52999068,3.889470318606082E-4,347000.0,1.0,1.0,1.0,?,0.9975,1.7976931348623157E308,?,1.0,1.0,347000.0,2580920.0
348000.0,583.969037196,3.89907862856544E-4,348000.0,1.0,1.0,1.0,?,0.9975,1.7976931348623157E308,?,1.0,1.0,348000.0,2580920.0
349000.0,585.718889266,3.910762143229246E-4,349000.0,0.5,-0.5,0.9999,0.0,0.9975,9999.0,0.0,1.0,0.9843146067415747,349000.0,2580920.0
350000.0,587.426498762,3.922163610203863E-4,350000.0,0.5,-0.5,0.9999,0.0,0.9975,9999.0,0.0,1.0,0.98426966292135,350000.0,2580920.0
351000.0,588.9803801,3.932538656020357E-4,351000.0,0.5,-0.5,0.9999,0.0,0.5,9999.0,0.0,1.0,0.9842247191011254,351000.0,2580920.0
352000.0,590.731501576,3.944230646328402E-4,352000.0,0.5,-0.5,0.9999,0.0,0.5,9999.0,0.0,1.0,0.9841797752809007,352000.0,2580920.0
353000.0,592.478407475,3.9558944898253297E-4,353000.0,0.5,-0.5,0.9999,0.0,0.5,9999.0,0.0,1.0,0.984134831460676,353000.0,2580920.0
354000.0,594.071350459,3.9665303447248646E-4,354000.0,0.5,-0.5,0.9999,0.0,0.5,9999.0,0.0,1.0,0.9840898876404511,354000.0,2580920.0
355000.0,595.905661757,3.978777781702876E-4,355000.0,0.5,-0.5,0.9999,0.0,0.5,9999.0,0.0,1.0,0.9840449438202264,355000.0,2580920.0
356000.0,597.739636917,3.9910229743350255E-4,356000.0,0.5,-0.5,0.9999,0.0,0.5,9999.0,0.0,1.0,0.9840000000000017,356000.0,2580920.0
357000.0,599.520460091,4.002913278677766E-4,357000.0,0.5,-0.5,0.9999,0.0,0.5,9999.0,0.0,1.0,0.983955056179777,357000.0,2580920.0
358000.0,601.012306946,4.012874129029273E-4,358000.0,0.5,-0.5,0.9999,0.0,0.5,9999.0,0.0,1.0,0.9839101123595524,358000.0,2580920.0
359000.0,603.302264624,4.0281638524116656E-4,359000.0,1.0,1.0,1.0,?,0.5,1.7976931348623157E308,?,1.0,1.0,359000.0,2580920.0
360000.0,605.428664287,4.042361522071691E-4,360000.0,1.0,1.0,1.0,?,0.5,1.7976931348623157E308,?,1.0,1.0,360000.0,2580920.0
361000.0,607.656131516,4.057234005568635E-4,361000.0,1.0,1.0,1.0,?,1.0,1.7976931348623157E308,?,1.0,1.0,361000.0,2580920.0
362000.0,609.577225386,4.070060877499982E-4,362000.0,1.0,1.0,1.0,?,1.0,1.7976931348623157E308,?,1.0,1.0,362000.0,2580920.0
363000.0,611.545757348,4.0832044868590277E-4,363000.0,1.0,1.0,1.0,?,1.0,1.7976931348623157E308,?,1.0,1.0,363000.0,2580920.0
364000.0,612.577404081,4.090092646115183E-4,364000.0,1.0,1.0,1.0,?,1.0,1.7976931348623157E308,?,1.0,1.0,364000.0,2580920.0
365000.0,614.086550398,4.1001690025265554E-4,365000.0,1.0,1.0,1.0,?,1.0,1.7976931348623157E308,?,1.0,1.0,365000.0,2580920.0
366000.0,615.982374636,4.112827152700742E-4,366000.0,1.0,1.0,1.0,?,1.0,1.7976931348623157E308,?,1.0,1.0,366000.0,2580920.0
367000.0,618.160207849,4.127368236896167E-4,367000.0,1.0,1.0,1.0,?,1.0,1.7976931348623157E308,?,1.0,1.0,367000.0,2580920.0
368000.0,619.650251245,4.1373170458071243E-4,368000.0,1.0,1.0,1.0,?,1.0,1.7976931348623157E308,?,1.0,1.0,368000.0,2580920.0
369000.0,621.223422021,4.14782088447165E-4,369000.0,1.0,1.0,1.0,?,1.0,1.7976931348623157E308,?,1.0,1.0,369000.0,2580920.0
370000.0,623.15724412,4.16073274098696E-4,370000.0,1.0,1.0,1.0,?,1.0,1.7976931348623157E308,?,1.0,1.0,370000.0,2580920.0
371000.0,624.43857172,4.1692879840617294E-4,371000.0,1.0,1.0,1.0,?,1.0,1.7976931348623157E308,?,1.0,1.0,371000.0,2580920.0
372000.0,625.819047754,4.1785052272006146E-4,372000.0,1.0,1.0,1.0,?,1.0,1.7976931348623157E308,?,1.0,1.0,372000.0,2580920.0
373000.0,627.595392893,4.190365632337311E-4,373000.0,1.0,1.0,1.0,?,1.0,1.7976931348623157E308,?,1.0,1.0,373000.0,2580920.0
374000.0,629.21381708,4.201171621623635E-4,374000.0,1.0,1.0,1.0,?,1.0,1.7976931348623157E308,?,1.0,1.0,374000.0,2580920.0
375000.0,630.713242212,4.21118307105833E-4,375000.0,1.0,1.0,1.0,?,1.0,1.7976931348623157E308,?,1.0,1.0,375000.0,2580920.0
376000.0,632.136409167,4.220685355435881E-4,376000.0,1.0,1.0,1.0,?,1.0,1.7976931348623157E308,?,1.0,1.0,376000.0,2580920.0
377000.0,633.73174487,4.2313371861816044E-4,377000.0,1.0,1.0,1.0,?,1.0,1.7976931348623157E308,?,1.0,1.0,377000.0,2580920.0
378000.0,635.682884951,4.2443646724121993E-4,378000.0,1.0,1.0,1.0,?,1.0,1.7976931348623157E308,?,1.0,1.0,378000.0,2580920.0
379000.0,637.825405347,4.25866997792535E-4,379000.0,1.0,1.0,1.0,?,1.0,1.7976931348623157E308,?,1.0,1.0,379000.0,2580920.0
380000.0,639.595091081,4.2704859191571807E-4,380000.0,1.0,1.0,1.0,?,1.0,1.7976931348623157E308,?,1.0,1.0,380000.0,2580920.0
381000.0,641.128874532,4.280726774226067E-4,381000.0,1.0,1.0,1.0,?,1.0,1.7976931348623157E308,?,1.0,1.0,381000.0,2580920.0
382000.0,643.015588575,4.2933240969173495E-4,382000.0,1.0,1.0,1.0,?,1.0,1.7976931348623157E308,?,1.0,1.0,382000.0,2580920.0
383000.0,644.639014559,4.3041634824944787E-4,383000.0,1.0,1.0,1.0,?,1.0,1.7976931348623157E308,?,1.0,1.0,383000.0,2580920.0
384000.0,645.880639019,4.3124536333215426E-4,384000.0,1.0,1.0,1.0,?,1.0,1.7976931348623157E308,?,1.0,1.0,384000.0,2580920.0
385000.0,647.572740382,4.323751554686551E-4,385000.0,0.4998999899989999,-0.4998999899989999,0.9999,0.0,1.0,9999.0,0.0,1.0,0.9827044025157253,385000.0,2580920.0
386000.0,649.059498397,4.333678427573459E-4,386000.0,0.4998999899989999,-0.4998999899989999,0.9999,0.0,1.0,9999.0,0.0,1.0,0.9826594788858958,386000.0,2580920.0
387000.0,650.319375141,4.342090446318056E-4,387000.0,0.4998999899989999,-0.4998999899989999,0.9999,0.0,1.0,9999.0,0.0,1.0,0.9826145552560667,387000.0,2580920.0
388000.0,651.846767949,4.3522886319679205E-4,388000.0,0.4998999899989999,-0.4998999899989999,0.9999,0.0,1.0,9999.0,0.0,1.0,0.9825696316262373,388000.0,2580920.0
389000.0,653.345805331,4.3622974924507327E-4,389000.0,0.4998999899989999,-0.4998999899989999,0.9999,0.0,1.0,9999.0,0.0,1.0,0.9825247079964079,389000.0,2580920.0
390000.0,654.984019146,4.373235614282941E-4,390000.0,0.4998999899989999,-0.4998999899989999,0.9999,0.0,1.0,9999.0,0.0,1.0,0.9824797843665787,390000.0,2580920.0
391000.0,656.347767047,4.3823411660448493E-4,391000.0,0.4998999899989999,-0.4998999899989999,0.9999,0.0,0.4998999899989999,9999.0,0.0,1.0,0.9824348607367495,391000.0,2580920.0
392000.0,657.624909213,4.3908684635690485E-4,392000.0,0.4998999899989999,-0.4998999899989999,0.9999,0.0,0.4998999899989999,9999.0,0.0,1.0,0.9823899371069201,392000.0,2580920.0
393000.0,659.25526207,4.401754098897032E-4,393000.0,0.4998999899989999,-0.4998999899989999,0.9999,0.0,0.4998999899989999,9999.0,0.0,1.0,0.9823450134770907,393000.0,2580920.0
394000.0,660.687126339,4.4113144540094734E-4,394000.0,0.4998999899989999,-0.4998999899989999,0.9999,0.0,0.4998999899989999,9999.0,0.0,1.0,0.9823000898472616,394000.0,2580920.0
395000.0,661.878627797,4.4192699406446885E-4,395000.0,1.0,1.0,1.0,?,0.4998999899989999,1.7976931348623157E308,?,1.0,1.0,395000.0,2580920.0
396000.0,663.487317618,4.430010934946663E-4,396000.0,1.0,1.0,1.0,?,0.4998999899989999,1.7976931348623157E308,?,1.0,1.0,396000.0,2580920.0
397000.0,665.303491182,4.4421372688412824E-4,397000.0,1.0,1.0,1.0,?,0.4998999899989999,1.7976931348623157E308,?,1.0,1.0,397000.0,2580920.0
398000.0,667.676853055,4.457983870231829E-4,398000.0,1.0,1.0,1.0,?,0.4998999899989999,1.7976931348623157E308,?,1.0,1.0,398000.0,2580920.0
399000.0,669.734400428,4.471721822894262E-4,399000.0,1.0,1.0,1.0,?,0.4998999899989999,1.7976931348623157E308,?,1.0,1.0,399000.0,2580920.0
400000.0,671.513890881,4.483603228847468E-4,400000.0,1.0,1.0,1.0,?,0.4998999899989999,1.7976931348623157E308,?,1.0,1.0,400000.0,2580920.0
401000.0,673.330732761,4.495734024993451E-4,401000.0,1.0,1.0,1.0,?,1.0,1.7976931348623157E308,?,1.0,1.0,401000.0,2580920.0
402000.0,674.832590909,4.505761719331701E-4,402000.0,1.0,1.0,1.0,?,1.0,1.7976931348623157E308,?,1.0,1.0,402000.0,2580920.0
403000.0,676.508264514,4.516949954881104E-4,403000.0,1.0,1.0,1.0,?,1.0,1.7976931348623157E308,?,1.0,1.0,403000.0,2580920.0
404000.0,678.15678619,4.527956900842626E-4,404000.0,1.0,1.0,1.0,?,1.0,1.7976931348623157E308,?,1.0,1.0,404000.0,2580920.0
405000.0,679.743307566,4.538549879574215E-4,405000.0,1.0,1.0,1.0,?,1.0,1.7976931348623157E308,?,1.0,1.0,405000.0,2580920.0
406000.0,681.307805576,4.548995811407373E-4,406000.0,1.0,1.0,1.0,?,1.0,1.7976931348623157E308,?,1.0,1.0,406000.0,2580920.0
407000.0,683.286981059,4.562210486050056E-4,407000.0,1.0,1.0,1.0,?,1.0,1.7976931348623157E308,?,1.0,1.0,407000.0,2580920.0
408000.0,685.009518928,4.573711627658799E-4,408000.0,1.0,1.0,1.0,?,1.0,1.7976931348623157E308,?,1.0,1.0,408000.0,2580920.0
409000.0,686.319283726,4.5824567418806944E-4,409000.0,1.0,1.0,1.0,?,1.0,1.7976931348623157E308,?,1.0,1.0,409000.0,2580920.0
410000.0,687.982322473,4.5935606162710886E-4,410000.0,1.0,1.0,1.0,?,1.0,1.7976931348623157E308,?,1.0,1.0,410000.0,2580920.0
411000.0,689.295487836,4.602328435584302E-4,411000.0,0.5,-0.5,0.9999,0.0,1.0,9999.0,0.0,1.0,0.9815446789402805,411000.0,2580920.0
412000.0,690.914157218,4.6131360620029453E-4,412000.0,0.5,-0.5,0.9998,0.0,1.0,4999.0,0.0,1.0,0.9630161579892318,412000.0,2580920.0
413000.0,692.687355267,4.624975454465031E-4,413000.0,0.5,-0.5,0.9998,0.0,1.0,4999.0,0.0,1.0,0.9629263913824102,413000.0,2580920.0
414000.0,694.377141328,4.636257916886205E-4,414000.0,0.5,-0.5,0.9998,0.0,1.0,4999.0,0.0,1.0,0.9628366247755875,414000.0,2580920.0
415000.0,695.76874041,4.6455494270426523E-4,415000.0,0.5,-0.5,0.9998,0.0,1.0,4999.0,0.0,1.0,0.9627468581687655,415000.0,2580920.0
416000.0,697.219922434,4.6552387640717277E-4,416000.0,0.5,-0.5,0.9998,0.0,1.0,4999.0,0.0,1.0,0.9626570915619428,416000.0,2580920.0
417000.0,698.333527081,4.662674144722451E-4,417000.0,0.5,-0.5,0.9998,0.0,1.0,4999.0,0.0,1.0,0.9625673249551212,417000.0,2580920.0
418000.0,699.979480617,4.6736639435765903E-4,418000.0,0.5,-0.5,0.9998,0.0,1.0,4999.0,0.0,1.0,0.9624775583482985,418000.0,2580920.0
419000.0,701.911319339,4.686562557364323E-4,419000.0,0.5,-0.5,0.9998,0.0,1.0,4999.0,0.0,1.0,0.962387791741476,419000.0,2580920.0
420000.0,703.562292276,4.697585870048684E-4,420000.0,0.5,-0.5,0.9998,0.0,1.0,4999.0,0.0,1.0,0.9622980251346542,420000.0,2580920.0
421000.0,705.762887009,4.712278929692348E-4,421000.0,0.5,-0.5,0.9999,0.0,0.5,9999.0,0.0,1.0,0.9811041292639161,421000.0,2580920.0
422000.0,708.244997819,4.728851632347051E-4,422000.0,1.0,1.0,1.0,?,0.5,1.7976931348623157E308,?,1.0,1.0,422000.0,2580920.0
423000.0,710.029612117,4.7407672494882876E-4,423000.0,1.0,1.0,1.0,?,0.5,1.7976931348623157E308,?,1.0,1.0,423000.0,2580920.0
424000.0,711.488939244,4.7505109702175455E-4,424000.0,1.0,1.0,1.0,?,0.5,1.7976931348623157E308,?,1.0,1.0,424000.0,2580920.0
425000.0,713.413472789,4.7633608083721464E-4,425000.0,1.0,1.0,1.0,?,0.5,1.7976931348623157E308,?,1.0,1.0,425000.0,2580920.0
426000.0,715.029044,4.7741477487414207E-4,426000.0,1.0,1.0,1.0,?,0.5,1.7976931348623157E308,?,1.0,1.0,426000.0,2580920.0
427000.0,716.755309985,4.78567378245316E-4,427000.0,1.0,1.0,1.0,?,0.5,1.7976931348623157E308,?,1.0,1.0,427000.0,2580920.0
428000.0,718.289701084,4.795918694701759E-4,428000.0,1.0,1.0,1.0,?,0.5,1.7976931348623157E308,?,1.0,1.0,428000.0,2580920.0
429000.0,719.918381387,4.806793162623354E-4,429000.0,1.0,1.0,1.0,?,0.5,1.7976931348623157E308,?,1.0,1.0,429000.0,2580920.0
430000.0,721.439168212,4.816947241059487E-4,430000.0,1.0,1.0,1.0,?,0.5,1.7976931348623157E308,?,1.0,1.0,430000.0,2580920.0
431000.0,723.536392194,4.830950108825893E-4,431000.0,1.0,1.0,1.0,?,1.0,1.7976931348623157E308,?,1.0,1.0,431000.0,2580920.0
432000.0,725.306722119,4.8427703512298766E-4,432000.0,1.0,1.0,1.0,?,1.0,1.7976931348623157E308,?,1.0,1.0,432000.0,2580920.0
433000.0,726.579134364,4.851266067740852E-4,433000.0,1.0,1.0,1.0,?,1.0,1.7976931348623157E308,?,1.0,1.0,433000.0,2580920.0
434000.0,727.942197224,4.860367045580938E-4,434000.0,1.0,1.0,1.0,?,1.0,1.7976931348623157E308,?,1.0,1.0,434000.0,2580920.0
435000.0,730.368894842,4.8765697621937345E-4,435000.0,1.0,1.0,1.0,?,1.0,1.7976931348623157E308,?,1.0,1.0,435000.0,2580920.0
436000.0,732.041126309,4.887735015074781E-4,436000.0,1.0,1.0,1.0,?,1.0,1.7976931348623157E308,?,1.0,1.0,436000.0,2580920.0
437000.0,733.841724848,4.899757356731372E-4,437000.0,1.0,1.0,1.0,?,1.0,1.7976931348623157E308,?,1.0,1.0,437000.0,2580920.0
438000.0,735.707404741,4.91221423737948E-4,438000.0,1.0,1.0,1.0,?,1.0,1.7976931348623157E308,?,1.0,1.0,438000.0,2580920.0
439000.0,737.439790733,4.923781133511964E-4,439000.0,1.0,1.0,1.0,?,1.0,1.7976931348623157E308,?,1.0,1.0,439000.0,2580920.0
440000.0,739.104432754,4.93489571273599E-4,440000.0,1.0,1.0,1.0,?,1.0,1.7976931348623157E308,?,1.0,1.0,440000.0,2580920.0
441000.0,740.674195843,4.945376798756612E-4,441000.0,1.0,1.0,1.0,?,1.0,1.7976931348623157E308,?,1.0,1.0,441000.0,2580920.0
442000.0,742.033346613,4.954451656125336E-4,442000.0,1.0,1.0,1.0,?,1.0,1.7976931348623157E308,?,1.0,1.0,442000.0,2580920.0
443000.0,743.414371795,4.963672565847712E-4,443000.0,1.0,1.0,1.0,?,1.0,1.7976931348623157E308,?,1.0,1.0,443000.0,2580920.0
444000.0,744.796916254,4.972903619567636E-4,444000.0,1.0,1.0,1.0,?,1.0,1.7976931348623157E308,?,1.0,1.0,444000.0,2580920.0
445000.0,746.158174134,4.98199254581167E-4,445000.0,1.0,1.0,1.0,?,1.0,1.7976931348623157E308,?,1.0,1.0,445000.0,2580920.0
446000.0,747.806645667,4.992999156975477E-4,446000.0,1.0,1.0,1.0,?,1.0,1.7976931348623157E308,?,1.0,1.0,446000.0,2580920.0
447000.0,749.770899845,5.00611420417607E-4,447000.0,1.0,1.0,1.0,?,1.0,1.7976931348623157E308,?,1.0,1.0,447000.0,2580920.0
448000.0,751.286886092,5.016236229832188E-4,448000.0,1.0,1.0,1.0,?,1.0,1.7976931348623157E308,?,1.0,1.0,448000.0,2580920.0
449000.0,753.191933679,5.028955963002525E-4,449000.0,1.0,1.0,1.0,?,1.0,1.7976931348623157E308,?,1.0,1.0,449000.0,2580920.0
450000.0,754.710808587,5.039097275839389E-4,450000.0,1.0,1.0,1.0,?,1.0,1.7976931348623157E308,?,1.0,1.0,450000.0,2580920.0
451000.0,756.112597236,5.048456820292851E-4,451000.0,1.0,1.0,1.0,?,1.0,1.7976931348623157E308,?,1.0,1.0,451000.0,2580920.0
452000.0,757.700323669,5.059057845019511E-4,452000.0,0.7499499899979996,-0.21666833366673344,0.9998,0.0,1.0,4999.0,0.0,1.0,0.9594618834080758,452000.0,2580920.0
453000.0,759.167005359,5.068850671125234E-4,453000.0,0.7499499899979996,-0.21666833366673344,0.9998,0.0,1.0,4999.0,0.0,1.0,0.9593721973094211,453000.0,2580920.0
454000.0,760.622161585,5.078566543338706E-4,454000.0,0.7499499899979996,-0.21666833366673344,0.9998,0.0,1.0,4999.0,0.0,1.0,0.9592825112107669,454000.0,2580920.0
455000.0,762.816757413,5.093219549142542E-4,455000.0,0.7499499899979996,-0.21666833366673344,0.9998,0.0,1.0,4999.0,0.0,1.0,0.9591928251121122,455000.0,2580920.0
456000.0,764.660100194,5.105527288054571E-4,456000.0,0.7499499899979996,-0.21666833366673344,0.9998,0.0,1.0,4999.0,0.0,1.0,0.9591031390134578,456000.0,2580920.0
457000.0,766.338541614,5.116734003913077E-4,457000.0,0.7499499899979996,-0.21666833366673344,0.9998,0.0,1.0,4999.0,0.0,1.0,0.9590134529148032,457000.0,2580920.0
458000.0,767.865676206,5.126930465491247E-4,458000.0,0.7499499899979996,-0.21666833366673344,0.9998,0.0,1.0,4999.0,0.0,1.0,0.958923766816148,458000.0,2580920.0
459000.0,769.394795376,5.137140177815902E-4,459000.0,0.7499499899979996,-0.21666833366673344,0.9998,0.0,1.0,4999.0,0.0,1.0,0.9588340807174933,459000.0,2580920.0
460000.0,770.909600538,5.147254317534602E-4,460000.0,0.7499499899979996,-0.21666833366673344,0.9998,0.0,1.0,4999.0,0.0,1.0,0.9587443946188389,460000.0,2580920.0
461000.0,772.801537749,5.159886514579532E-4,461000.0,0.7499499899979996,-0.21666833366673344,0.9998,0.0,0.7499499899979996,4999.0,0.0,1.0,0.9586547085201844,461000.0,2580920.0
462000.0,774.081430266,5.168432175808178E-4,462000.0,1.0,1.0,1.0,?,0.7499499899979996,1.7976931348623157E308,?,1.0,1.0,462000.0,2580920.0
463000.0,775.649482864,5.17890184112243E-4,463000.0,1.0,1.0,1.0,?,0.7499499899979996,1.7976931348623157E308,?,1.0,1.0,463000.0,2580920.0
464000.0,777.436123169,5.190830985625722E-4,464000.0,1.0,1.0,1.0,?,0.7499499899979996,1.7976931348623157E308,?,1.0,1.0,464000.0,2580920.0
465000.0,779.309819084,5.20334138811844E-4,465000.0,1.0,1.0,1.0,?,0.7499499899979996,1.7976931348623157E308,?,1.0,1.0,465000.0,2580920.0
466000.0,780.938488337,5.214215782260749E-4,466000.0,1.0,1.0,1.0,?,0.7499499899979996,1.7976931348623157E308,?,1.0,1.0,466000.0,2580920.0
467000.0,782.330878483,5.223512574239587E-4,467000.0,1.0,1.0,1.0,?,0.7499499899979996,1.7976931348623157E308,?,1.0,1.0,467000.0,2580920.0
468000.0,784.363961032,5.237087178733994E-4,468000.0,1.0,1.0,1.0,?,0.7499499899979996,1.7976931348623157E308,?,1.0,1.0,468000.0,2580920.0
469000.0,786.081138344,5.248552528662177E-4,469000.0,1.0,1.0,1.0,?,0.7499499899979996,1.7976931348623157E308,?,1.0,1.0,469000.0,2580920.0
470000.0,787.565481827,5.258463280060582E-4,470000.0,1.0,1.0,1.0,?,0.7499499899979996,1.7976931348623157E308,?,1.0,1.0,470000.0,2580920.0
471000.0,789.107687048,5.268760366096062E-4,471000.0,1.0,1.0,1.0,?,1.0,1.7976931348623157E308,?,1.0,1.0,471000.0,2580920.0
472000.0,790.616088703,5.278831750504632E-4,472000.0,1.0,1.0,1.0,?,1.0,1.7976931348623157E308,?,1.0,1.0,472000.0,2580920.0
473000.0,791.681900848,5.285948027382237E-4,473000.0,1.0,1.0,1.0,?,1.0,1.7976931348623157E308,?,1.0,1.0,473000.0,2580920.0
474000.0,793.243826617,5.296376784726215E-4,474000.0,1.0,1.0,1.0,?,1.0,1.7976931348623157E308,?,1.0,1.0,474000.0,2580920.0
475000.0,795.196921551,5.309417323233676E-4,475000.0,1.0,1.0,1.0,?,1.0,1.7976931348623157E308,?,1.0,1.0,475000.0,2580920.0
476000.0,796.651645414,5.319130308620577E-4,476000.0,1.0,1.0,1.0,?,1.0,1.7976931348623157E308,?,1.0,1.0,476000.0,2580920.0
477000.0,797.90173692,5.327476992715678E-4,477000.0,1.0,1.0,1.0,?,1.0,1.7976931348623157E308,?,1.0,1.0,477000.0,2580920.0
478000.0,800.004276213,5.341515350061505E-4,478000.0,1.0,1.0,1.0,?,1.0,1.7976931348623157E308,?,1.0,1.0,478000.0,2580920.0
479000.0,801.523245358,5.351657292105483E-4,479000.0,1.0,1.0,1.0,?,1.0,1.7976931348623157E308,?,1.0,1.0,479000.0,2580920.0
480000.0,803.173129159,5.362673332782886E-4,480000.0,1.0,1.0,1.0,?,1.0,1.7976931348623157E308,?,1.0,1.0,480000.0,2580920.0
481000.0,804.788117704,5.373456382773727E-4,481000.0,1.0,1.0,1.0,?,1.0,1.7976931348623157E308,?,1.0,1.0,481000.0,2580920.0
482000.0,806.569087417,5.385347665536636E-4,482000.0,1.0,1.0,1.0,?,1.0,1.7976931348623157E308,?,1.0,1.0,482000.0,2580920.0
483000.0,808.123999425,5.395729592990877E-4,483000.0,1.0,1.0,1.0,?,1.0,1.7976931348623157E308,?,1.0,1.0,483000.0,2580920.0
484000.0,809.680833212,5.406124351891567E-4,484000.0,1.0,1.0,1.0,?,1.0,1.7976931348623157E308,?,1.0,1.0,484000.0,2580920.0
485000.0,811.480806396,5.418142518141312E-4,485000.0,1.0,1.0,1.0,?,1.0,1.7976931348623157E308,?,1.0,1.0,485000.0,2580920.0
486000.0,813.573628142,5.432115992800872E-4,486000.0,0.9980392156862745,0.9666666666666667,0.9992,0.983653553410992,1.0,38.21568627450981,0.9841887273182883,1.0,0.843541247484904,486000.0,2580920.0
487000.0,815.213991812,5.443068468910707E-4,487000.0,0.9979980033616312,0.9622472358858164,0.9978,0.9764404471260454,1.0,18.960079840319363,0.9787660449712203,0.9998947257606063,0.607689491028927,487000.0,2580920.0
488000.0,816.565776147,5.452094141635301E-4,488000.0,0.9979980033616312,0.9622472358858164,0.9978,0.9764404471260454,1.0,18.960079840319363,0.9787660449712203,0.9998947257606063,0.6068839253020912,488000.0,2580920.0
489000.0,818.570136803,5.465476974114352E-4,489000.0,0.9979980033616312,0.9622472358858164,0.9978,0.9764404471260454,1.0,18.960079840319363,0.9787660449712203,0.9998947257606063,0.6060783595752517,489000.0,2580920.0
490000.0,820.493376519,5.4783181735558E-4,490000.0,0.9979980033616312,0.9622472358858164,0.9978,0.9764404471260454,1.0,18.960079840319363,0.9787660449712203,0.9998947257606063,0.6052727938484069,490000.0,2580920.0
491000.0,822.321100342,5.490521626895377E-4,491000.0,0.9979980033616312,0.9622472358858164,0.9978,0.9764404471260454,0.9979980033616312,18.960079840319363,0.9787660449712203,0.9998947257606063,0.6044672281215729,491000.0,2580920.0
492000.0,823.994714344,5.501696110766987E-4,492000.0,0.9979980033616312,0.9622472358858164,0.9978,0.9764404471260454,0.9979980033616312,18.960079840319363,0.9787660449712203,0.9998947257606063,0.6036616623947318,492000.0,2580920.0
493000.0,825.639388486,5.512677367288425E-4,493000.0,0.9979980033616312,0.9622472358858164,0.9978,0.9764404471260454,0.9979980033616312,18.960079840319363,0.9787660449712203,0.9998947257606063,0.6028560966678878,493000.0,2580920.0
494000.0,827.71040458,5.526505248695123E-4,494000.0,0.9979980033616312,0.9622472358858164,0.9978,0.9764404471260454,0.9979980033616312,18.960079840319363,0.9787660449712203,0.9998947257606063,0.6020505309410533,494000.0,2580920.0
495000.0,829.340324051,5.53738799036611E-4,495000.0,0.9979980033616312,0.9622472358858164,0.9978,0.9764404471260454,0.9979980033616312,18.960079840319363,0.9787660449712203,0.9998947257606063,0.6012449652142096,495000.0,2580920.0
496000.0,831.29175391,5.550417411403407E-4,496000.0,0.9979614367088924,0.9577672394009173,0.9986,0.9701165794924609,0.9979980033616312,39.65040650406504,0.9731687250081441,0.999897477957761,0.7457341633101511,496000.0,2580920.0
497000.0,833.305565876,5.563863348941948E-4,497000.0,1.0,1.0,1.0,?,0.9979980033616312,1.7976931348623157E308,?,1.0,1.0,497000.0,2580920.0
498000.0,834.778319314,5.573696715249903E-4,498000.0,1.0,1.0,1.0,?,0.9979980033616312,1.7976931348623157E308,?,1.0,1.0,498000.0,2580920.0
499000.0,836.246847867,5.583501872598542E-4,499000.0,1.0,1.0,1.0,?,0.9979980033616312,1.7976931348623157E308,?,1.0,1.0,499000.0,2580920.0
500000.0,837.80540148,5.593908114534075E-4,500000.0,1.0,1.0,1.0,?,0.9979980033616312,1.7976931348623157E308,?,1.0,1.0,500000.0,2580920.0
501000.0,838.946850804,5.60152941015305E-4,501000.0,1.0,1.0,1.0,?,1.0,1.7976931348623157E308,?,1.0,1.0,501000.0,2580920.0
502000.0,840.426869231,5.611411283764548E-4,502000.0,1.0,1.0,1.0,?,1.0,1.7976931348623157E308,?,1.0,1.0,502000.0,2580920.0
503000.0,842.050064799,5.62224913088665E-4,503000.0,1.0,1.0,1.0,?,1.0,1.7976931348623157E308,?,1.0,1.0,503000.0,2580920.0
504000.0,843.625729392,5.632769620414405E-4,504000.0,1.0,1.0,1.0,?,1.0,1.7976931348623157E308,?,1.0,1.0,504000.0,2580920.0
505000.0,844.873750383,5.641102479973833E-4,505000.0,1.0,1.0,1.0,?,1.0,1.7976931348623157E308,?,1.0,1.0,505000.0,2580920.0
506000.0,846.40104974,5.651300041664594E-4,506000.0,1.0,1.0,1.0,?,1.0,1.7976931348623157E308,?,1.0,1.0,506000.0,2580920.0
507000.0,848.277469365,5.663828629983572E-4,507000.0,1.0,1.0,1.0,?,1.0,1.7976931348623157E308,?,1.0,1.0,507000.0,2580920.0
508000.0,849.749187277,5.673655082230953E-4,508000.0,1.0,1.0,1.0,?,1.0,1.7976931348623157E308,?,1.0,1.0,508000.0,2580920.0
509000.0,851.391501724,5.684620583402778E-4,509000.0,1.0,1.0,1.0,?,1.0,1.7976931348623157E308,?,1.0,1.0,509000.0,2580920.0
510000.0,852.845445728,5.694328361781487E-4,510000.0,1.0,1.0,1.0,?,1.0,1.7976931348623157E308,?,1.0,1.0,510000.0,2580920.0
511000.0,854.380894205,5.70458033399337E-4,511000.0,1.0,1.0,1.0,?,1.0,1.7976931348623157E308,?,1.0,1.0,511000.0,2580920.0
512000.0,855.938727407,5.714981765846596E-4,512000.0,1.0,1.0,1.0,?,1.0,1.7976931348623157E308,?,1.0,1.0,512000.0,2580920.0
513000.0,857.959640195,5.728475114568851E-4,513000.0,1.0,1.0,1.0,?,1.0,1.7976931348623157E308,?,1.0,1.0,513000.0,2580920.0
514000.0,859.486215922,5.738667844684498E-4,514000.0,1.0,1.0,1.0,?,1.0,1.7976931348623157E308,?,1.0,1.0,514000.0,2580920.0
515000.0,861.227114626,5.75029157899044E-4,515000.0,1.0,1.0,1.0,?,1.0,1.7976931348623157E308,?,1.0,1.0,515000.0,2580920.0
516000.0,863.025817173,5.762301261376734E-4,516000.0,0.995049504950495,0.9498349834983498,0.9991,0.9767563664312342,1.0,48.504950495049506,0.9774689481279983,1.0,0.8416638254347054,516000.0,2580920.0
517000.0,864.924810987,5.774980574361371E-4,517000.0,0.995049504950495,0.9498349834983498,0.9991,0.9767563664312342,1.0,48.504950495049506,0.9774689481279983,1.0,0.8413569723832242,517000.0,2580920.0
518000.0,866.475879921,5.785336842154318E-4,518000.0,0.995049504950495,0.9498349834983498,0.9991,0.9767563664312342,1.0,48.504950495049506,0.9774689481279983,1.0,0.8410501193317411,518000.0,2580920.0
519000.0,868.108206165,5.796235653508062E-4,519000.0,0.995049504950495,0.9498349834983498,0.9991,0.9767563664312342,1.0,48.504950495049506,0.9774689481279983,1.0,0.8407432662802574,519000.0,2580920.0
520000.0,869.502518339,5.805545278595886E-4,520000.0,0.995049504950495,0.9498349834983498,0.9991,0.9767563664312342,1.0,48.504950495049506,0.9774689481279983,1.0,0.8404364132287743,520000.0,2580920.0
521000.0,870.853539239,5.814565853973013E-4,521000.0,0.995049504950495,0.9498349834983498,0.9991,0.9767563664312342,0.995049504950495,48.504950495049506,0.9774689481279983,1.0,0.8401295601772906,521000.0,2580920.0
522000.0,872.504949658,5.825592087662783E-4,522000.0,0.9926458078127127,0.9383922709549328,0.9989,0.9717314923510559,0.995049504950495,48.01960784313726,0.9726656318450596,1.0,0.8043611584327087,522000.0,2580920.0
523000.0,874.146640753,5.83655342680151E-4,523000.0,0.9926458078127127,0.9383922709549328,0.9989,0.9717314923510559,0.995049504950495,48.01960784313726,0.9726656318450596,1.0,0.8039863713798993,523000.0,2580920.0
524000.0,875.664230473,5.846686158619954E-4,524000.0,0.9926458078127127,0.9383922709549328,0.9989,0.9717314923510559,0.995049504950495,48.01960784313726,0.9726656318450596,1.0,0.8036115843270869,524000.0,2580920.0
525000.0,876.997740432,5.855589815921858E-4,525000.0,0.9926458078127127,0.9383922709549328,0.9989,0.9717314923510559,0.995049504950495,48.01960784313726,0.9726656318450596,1.0,0.8032367972742762,525000.0,2580920.0
526000.0,878.716050747,5.86706273075075E-4,526000.0,0.7499499799919968,-0.21666833400026686,0.9996,0.0,0.995049504950495,2499.0,0.0,1.0,0.9283622744296983,526000.0,2580920.0
527000.0,880.824040648,5.88113748103492E-4,527000.0,0.7499499799919968,-0.21666833400026686,0.9996,0.0,0.995049504950495,2499.0,0.0,1.0,0.9282260810350771,527000.0,2580920.0
528000.0,882.420248562,5.891795135410071E-4,528000.0,0.7499499799919968,-0.21666833400026686,0.9996,0.0,0.995049504950495,2499.0,0.0,1.0,0.9280898876404577,528000.0,2580920.0
529000.0,883.688604843,5.900263770823345E-4,529000.0,0.7499499799919968,-0.21666833400026686,0.9996,0.0,0.995049504950495,2499.0,0.0,1.0,0.9279536942458364,529000.0,2580920.0
530000.0,885.337342822,5.911272161009391E-4,530000.0,0.7499499799919968,-0.21666833400026686,0.9996,0.0,0.995049504950495,2499.0,0.0,1.0,0.9278175008512165,530000.0,2580920.0
531000.0,887.280465095,5.924246113470506E-4,531000.0,0.7499499799919968,-0.21666833400026686,0.9996,0.0,0.7499499799919968,2499.0,0.0,1.0,0.9276813074565957,531000.0,2580920.0
532000.0,888.765946661,5.934164463688061E-4,532000.0,0.75,-0.21666666666666667,0.9998,0.0,0.7499499799919968,4999.0,0.0,1.0,0.9637725570309877,532000.0,2580920.0
533000.0,890.352586144,5.944758231003377E-4,533000.0,0.75,-0.21666666666666679,0.9996,0.0,0.7499499799919968,2499.0,0.0,1.0,0.9274583191561829,533000.0,2580920.0
534000.0,892.105928221,5.956465047950079E-4,534000.0,0.75,-0.21666666666666679,0.9996,0.0,0.7499499799919968,2499.0,0.0,1.0,0.927322218441655,534000.0,2580920.0
535000.0,894.039260401,5.96937363334555E-4,535000.0,0.75,-0.21666666666666679,0.9996,0.0,0.7499499799919968,2499.0,0.0,1.0,0.9271861177271256,535000.0,2580920.0
536000.0,895.615053115,5.979894978319092E-4,536000.0,0.6666666666666666,-0.3111111111111112,0.9997,0.0,0.7499499799919968,3332.3333333333335,0.0,1.0,0.9453061224489854,536000.0,2580920.0
537000.0,897.180571634,5.990347723946439E-4,537000.0,0.6666666666666666,-0.3111111111111112,0.9997,0.0,0.7499499799919968,3332.3333333333335,0.0,1.0,0.9452040816326589,537000.0,2580920.0
538000.0,898.794679217,6.001124891878664E-4,538000.0,0.6666666666666666,-0.3111111111111112,0.9997,0.0,0.7499499799919968,3332.3333333333335,0.0,1.0,0.9451020408163325,538000.0,2580920.0
539000.0,900.341590925,6.011453402461865E-4,539000.0,0.6666666666666666,-0.3111111111111112,0.9997,0.0,0.7499499799919968,3332.3333333333335,0.0,1.0,0.9450000000000064,539000.0,2580920.0
540000.0,902.542412853,6.026147979054395E-4,540000.0,0.6666666666666666,-0.3111111111111112,0.9997,0.0,0.7499499799919968,3332.3333333333335,0.0,1.0,0.9448979591836798,540000.0,2580920.0
541000.0,904.098394482,6.036537048216701E-4,541000.0,0.6666666666666666,-0.3111111111111112,0.9997,0.0,0.6666666666666666,3332.3333333333335,0.0,1.0,0.9447959183673525,541000.0,2580920.0
542000.0,905.868257973,6.048354176306867E-4,542000.0,0.6666666666666666,-0.3111111111111112,0.9997,0.0,0.6666666666666666,3332.3333333333335,0.0,1.0,0.944693877551027,542000.0,2580920.0
543000.0,907.807416003,6.061301660078419E-4,543000.0,0.5,-0.5,0.9999,0.0,0.6666666666666666,9999.0,0.0,1.0,0.9815306122448999,543000.0,2580920.0
544000.0,909.467231146,6.072384010921051E-4,544000.0,0.5,-0.5,0.9999,0.0,0.6666666666666666,9999.0,0.0,1.0,0.9814965986394577,544000.0,2580920.0
545000.0,911.189017098,6.083880132086384E-4,545000.0,0.997213165802809,0.9700199430296306,0.9989,0.9842150790193145,0.6666666666666666,26.3224043715847,0.9861929996825413,0.9998962009549512,0.8186081694402453,545000.0,2580920.0
546000.0,912.761544322,6.09437967384527E-4,546000.0,0.9985756836874693,0.974047121771122,0.999,0.9856309245494217,0.6666666666666666,26.397260273972602,0.9875430302748174,0.9998962117280747,0.8347957639939484,546000.0,2580920.0
547000.0,914.703752119,6.107347520479532E-4,547000.0,0.99828541659056,0.9701494184452374,0.9982,0.98391719571647,0.6666666666666666,15.583747927031508,0.9857505829206583,0.9998935830584229,0.7220999153259912,547000.0,2580920.0
548000.0,915.973022911,6.115822261953349E-4,548000.0,0.99828541659056,0.9701494184452374,0.9982,0.98391719571647,0.6666666666666666,15.583747927031508,0.9857505829206583,0.9998935830584229,0.7215918712955096,548000.0,2580920.0
549000.0,917.899410907,6.128684482014868E-4,549000.0,0.99828541659056,0.9701494184452374,0.9982,0.98391719571647,0.6666666666666666,15.583747927031508,0.9857505829206583,0.9998935830584229,0.7210838272650281,549000.0,2580920.0
550000.0,919.650859562,6.140378656850798E-4,550000.0,0.99828541659056,0.9701494184452374,0.9982,0.98391719571647,0.6666666666666666,15.583747927031508,0.9857505829206583,0.9998935830584229,0.7205757832345447,550000.0,2580920.0
551000.0,921.877918737,6.155248415828925E-4,551000.0,0.99828541659056,0.9701494184452374,0.9982,0.98391719571647,0.99828541659056,15.583747927031508,0.9857505829206583,0.9998935830584229,0.7200677392040605,551000.0,2580920.0
552000.0,923.808819967,6.168140770115231E-4,552000.0,0.998074254274534,0.9669693534895314,0.9974,0.9821537977473422,0.99828541659056,11.453300124533001,0.9842567773368384,0.9998912688920301,0.6165642532727703,552000.0,2580920.0
553000.0,925.189789277,6.177361306788169E-4,553000.0,0.9974546174088237,0.9651448877837918,0.9973,0.9814781378915588,0.99828541659056,11.437810945273633,0.983644481087068,0.9998912570682905,0.6012019230769158,553000.0,2580920.0
554000.0,927.24665029,6.191094676722003E-4,554000.0,0.9974546174088237,0.9651448877837918,0.9973,0.9814781378915588,0.99828541659056,11.437810945273633,0.983644481087068,0.9998912570682905,0.600480769230761,554000.0,2580920.0
555000.0,928.944070157,6.20242810898564E-4,555000.0,0.9965831435079726,0.9578587699316629,0.9983,0.9793676400124082,0.99828541659056,21.779043280182233,0.980446646393209,1.0,0.7479967948717883,555000.0,2580920.0
556000.0,930.917217776,6.21560253643335E-4,556000.0,0.9965831435079726,0.9578587699316629,0.9983,0.9793676400124082,0.99828541659056,21.779043280182233,0.980446646393209,1.0,0.7475427350427288,556000.0,2580920.0
557000.0,932.27381815,6.22466036516887E-4,557000.0,0.9950248756218906,0.9502487562189055,0.9991,0.9766404624565509,0.99828541659056,48.75124378109453,0.9773555548504418,1.0,0.8661057692307683,557000.0,2580920.0
558000.0,933.582666765,6.233399362166515E-4,558000.0,0.9925742574257426,0.943069306930693,0.999,0.9741095765569464,0.99828541659056,48.504950495049506,0.974933356442865,1.0,0.8510013351134854,558000.0,2580920.0
559000.0,935.036725534,6.24310790681489E-4,559000.0,0.9925742574257426,0.943069306930693,0.999,0.9741095765569464,0.99828541659056,48.504950495049506,0.974933356442865,1.0,0.8507343124165543,559000.0,2580920.0
560000.0,936.253251212,6.251230476626068E-4,560000.0,0.9925742574257426,0.943069306930693,0.999,0.9741095765569464,0.99828541659056,48.504950495049506,0.974933356442865,1.0,0.850467289719625,560000.0,2580920.0
561000.0,937.297839126,6.258205042316557E-4,561000.0,0.9925742574257426,0.943069306930693,0.999,0.9741095765569464,0.9925742574257426,48.504950495049506,0.974933356442865,1.0,0.8502002670226976,561000.0,2580920.0
562000.0,938.525711006,6.266403369112978E-4,562000.0,0.5,-0.5,0.9998,0.0,0.9925742574257426,4999.0,0.0,1.0,0.9699866488651571,562000.0,2580920.0
563000.0,939.68678597,6.274155702353165E-4,563000.0,0.5,-0.5,0.9999,0.0,0.9925742574257426,9999.0,0.0,1.0,0.9849666221628856,563000.0,2580920.0
564000.0,941.301225553,6.284935087002412E-4,564000.0,0.5,-0.5,0.9999,0.0,0.9925742574257426,9999.0,0.0,1.0,0.9849399198931926,564000.0,2580920.0
565000.0,942.750631985,6.294612568654952E-4,565000.0,0.5,-0.5,0.9999,0.0,0.9925742574257426,9999.0,0.0,1.0,0.9849132176234996,565000.0,2580920.0
566000.0,944.156004398,6.303996041393533E-4,566000.0,0.5,-0.5,0.9999,0.0,0.9925742574257426,9999.0,0.0,1.0,0.9848865153538066,566000.0,2580920.0
567000.0,945.609478305,6.313700681001093E-4,567000.0,0.5,-0.5,0.9999,0.0,0.9925742574257426,9999.0,0.0,1.0,0.9848598130841137,567000.0,2580920.0
568000.0,947.273781175,6.324812995761882E-4,568000.0,1.0,1.0,1.0,?,0.9925742574257426,1.7976931348623157E308,?,1.0,1.0,568000.0,2580920.0
569000.0,948.666463603,6.334111739266276E-4,569000.0,1.0,1.0,1.0,?,0.9925742574257426,1.7976931348623157E308,?,1.0,1.0,569000.0,2580920.0
570000.0,949.865253845,6.342115892080882E-4,570000.0,0.9966666666666667,0.9431527777777778,0.9984,0.9717793142373352,0.9925742574257426,32.333333333333336,0.972967967955095,1.0,0.7745364647713173,570000.0,2580920.0
571000.0,951.288079046,6.351615894615334E-4,571000.0,0.9966625429553264,0.9431126403207386,0.9984,0.9717793142373352,0.9966666666666667,32.333333333333336,0.972967967955095,1.0,0.7741409147095121,571000.0,2580920.0
572000.0,952.918537748,6.362502236655405E-4,572000.0,0.9966625429553264,0.9431126403207386,0.9984,0.9717793142373352,0.9966666666666667,32.333333333333336,0.972967967955095,1.0,0.7737453646477067,572000.0,2580920.0
573000.0,954.562009486,6.373475464895478E-4,573000.0,0.9966625429553264,0.9431126403207386,0.9984,0.9717793142373352,0.9966666666666667,32.333333333333336,0.972967967955095,1.0,0.7733498145859017,573000.0,2580920.0
574000.0,956.420144995,6.385881972759162E-4,574000.0,0.9966625429553264,0.9431126403207386,0.9984,0.9717793142373352,0.9966666666666667,32.333333333333336,0.972967967955095,1.0,0.7729542645240988,574000.0,2580920.0
575000.0,957.974843616,6.3962624754586E-4,575000.0,0.9966625429553264,0.9431126403207386,0.9984,0.9717793142373352,0.9966666666666667,32.333333333333336,0.972967967955095,1.0,0.7725587144622913,575000.0,2580920.0
576000.0,959.714687167,6.407879164657269E-4,576000.0,0.9966625429553264,0.9431126403207386,0.9984,0.9717793142373352,0.9966666666666667,32.333333333333336,0.972967967955095,1.0,0.7721631644004884,576000.0,2580920.0
577000.0,961.891660676,6.422414508730736E-4,577000.0,0.9966625429553264,0.9431126403207386,0.9984,0.9717793142373352,0.9966666666666667,32.333333333333336,0.972967967955095,1.0,0.7717676143386818,577000.0,2580920.0
578000.0,963.548382167,6.433476203696723E-4,578000.0,0.9966625429553264,0.9431126403207386,0.9984,0.9717793142373352,0.9966666666666667,32.333333333333336,0.972967967955095,1.0,0.771372064276879,578000.0,2580920.0
579000.0,965.207984218,6.444557131754224E-4,579000.0,0.9966625429553264,0.9431126403207386,0.9984,0.9717793142373352,0.9966666666666667,32.333333333333336,0.972967967955095,1.0,0.7709765142150752,579000.0,2580920.0
580000.0,966.713110001,6.454606643628993E-4,580000.0,1.0,1.0,1.0,?,0.9966666666666667,1.7976931348623157E308,?,1.0,1.0,580000.0,2580920.0
581000.0,968.746155485,6.468181000645639E-4,581000.0,1.0,1.0,1.0,?,1.0,1.7976931348623157E308,?,1.0,1.0,581000.0,2580920.0
582000.0,970.148773608,6.477546083379627E-4,582000.0,1.0,1.0,1.0,?,1.0,1.7976931348623157E308,?,1.0,1.0,582000.0,2580920.0
583000.0,971.884232621,6.48913349763849E-4,583000.0,1.0,1.0,1.0,?,1.0,1.7976931348623157E308,?,1.0,1.0,583000.0,2580920.0
584000.0,973.348787796,6.498912125304466E-4,584000.0,1.0,1.0,1.0,?,1.0,1.7976931348623157E308,?,1.0,1.0,584000.0,2580920.0
585000.0,974.847251588,6.508917156008012E-4,585000.0,1.0,1.0,1.0,?,1.0,1.7976931348623157E308,?,1.0,1.0,585000.0,2580920.0
586000.0,976.73535548,6.521523758524401E-4,586000.0,1.0,1.0,1.0,?,1.0,1.7976931348623157E308,?,1.0,1.0,586000.0,2580920.0
587000.0,978.541518677,6.533583254615048E-4,587000.0,1.0,1.0,1.0,?,1.0,1.7976931348623157E308,?,1.0,1.0,587000.0,2580920.0
588000.0,980.109028154,6.544049293587236E-4,588000.0,1.0,1.0,1.0,?,1.0,1.7976931348623157E308,?,1.0,1.0,588000.0,2580920.0
589000.0,982.12943245,6.55753924718036E-4,589000.0,1.0,1.0,1.0,?,1.0,1.7976931348623157E308,?,1.0,1.0,589000.0,2580920.0
590000.0,983.546060745,6.566997873850325E-4,590000.0,1.0,1.0,1.0,?,1.0,1.7976931348623157E308,?,1.0,1.0,590000.0,2580920.0
591000.0,984.946394618,6.576347704970288E-4,591000.0,1.0,1.0,1.0,?,1.0,1.7976931348623157E308,?,1.0,1.0,591000.0,2580920.0
592000.0,986.730146668,6.588257565003639E-4,592000.0,1.0,1.0,1.0,?,1.0,1.7976931348623157E308,?,1.0,1.0,592000.0,2580920.0
593000.0,988.283308436,6.598627806353064E-4,593000.0,1.0,1.0,1.0,?,1.0,1.7976931348623157E308,?,1.0,1.0,593000.0,2580920.0
594000.0,989.786345762,6.608663373895964E-4,594000.0,1.0,1.0,1.0,?,1.0,1.7976931348623157E308,?,1.0,1.0,594000.0,2580920.0
595000.0,991.10802312,6.617488026595328E-4,595000.0,1.0,1.0,1.0,?,1.0,1.7976931348623157E308,?,1.0,1.0,595000.0,2580920.0
596000.0,992.93450852,6.629683211159773E-4,596000.0,1.0,1.0,1.0,?,1.0,1.7976931348623157E308,?,1.0,1.0,596000.0,2580920.0
597000.0,994.789327892,6.642067577645949E-4,597000.0,1.0,1.0,1.0,?,1.0,1.7976931348623157E308,?,1.0,1.0,597000.0,2580920.0
598000.0,996.188963877,6.651412749066489E-4,598000.0,1.0,1.0,1.0,?,1.0,1.7976931348623157E308,?,1.0,1.0,598000.0,2580920.0
599000.0,997.434395137,6.659728317358483E-4,599000.0,1.0,1.0,1.0,?,1.0,1.7976931348623157E308,?,1.0,1.0,599000.0,2580920.0
600000.0,998.775253915,6.668681041684978E-4,600000.0,1.0,1.0,1.0,?,1.0,1.7976931348623157E308,?,1.0,1.0,600000.0,2580920.0
601000.0,1000.729262137,6.681727678087182E-4,601000.0,1.0,1.0,1.0,?,1.0,1.7976931348623157E308,?,1.0,1.0,601000.0,2580920.0
602000.0,1002.560264305,6.693953020472432E-4,602000.0,1.0,1.0,1.0,?,1.0,1.7976931348623157E308,?,1.0,1.0,602000.0,2580920.0
603000.0,1004.09164224,6.704177814251371E-4,603000.0,1.0,1.0,1.0,?,1.0,1.7976931348623157E308,?,1.0,1.0,603000.0,2580920.0
604000.0,1005.549473635,6.713911548189715E-4,604000.0,1.0,1.0,1.0,?,1.0,1.7976931348623157E308,?,1.0,1.0,604000.0,2580920.0
605000.0,1007.187859011,6.724850815510444E-4,605000.0,1.0,1.0,1.0,?,1.0,1.7976931348623157E308,?,1.0,1.0,605000.0,2580920.0
606000.0,1008.950048878,6.736616707898995E-4,606000.0,1.0,1.0,1.0,?,1.0,1.7976931348623157E308,?,1.0,1.0,606000.0,2580920.0
607000.0,1010.612541817,6.747716938006607E-4,607000.0,1.0,1.0,1.0,?,1.0,1.7976931348623157E308,?,1.0,1.0,607000.0,2580920.0
608000.0,1012.109502953,6.75771193568867E-4,608000.0,1.0,1.0,1.0,?,1.0,1.7976931348623157E308,?,1.0,1.0,608000.0,2580920.0
609000.0,1014.102823722,6.771021056404388E-4,609000.0,1.0,1.0,1.0,?,1.0,1.7976931348623157E308,?,1.0,1.0,609000.0,2580920.0
610000.0,1016.150179777,6.784690963078627E-4,610000.0,1.0,1.0,1.0,?,1.0,1.7976931348623157E308,?,1.0,1.0,610000.0,2580920.0
611000.0,1017.806838188,6.79575223686838E-4,611000.0,1.0,1.0,1.0,?,1.0,1.7976931348623157E308,?,1.0,1.0,611000.0,2580920.0
612000.0,1019.21929174,6.805182989370068E-4,612000.0,1.0,1.0,1.0,?,1.0,1.7976931348623157E308,?,1.0,1.0,612000.0,2580920.0
613000.0,1020.722992082,6.815222983776983E-4,613000.0,1.0,1.0,1.0,?,1.0,1.7976931348623157E308,?,1.0,1.0,613000.0,2580920.0
614000.0,1022.253471407,6.825441777664107E-4,614000.0,1.0,1.0,1.0,?,1.0,1.7976931348623157E308,?,1.0,1.0,614000.0,2580920.0
615000.0,1023.605740584,6.834470687610131E-4,615000.0,1.0,1.0,1.0,?,1.0,1.7976931348623157E308,?,1.0,1.0,615000.0,2580920.0
616000.0,1025.319590527,6.845913821166331E-4,616000.0,1.0,1.0,1.0,?,1.0,1.7976931348623157E308,?,1.0,1.0,616000.0,2580920.0
617000.0,1026.827641272,6.855982862598484E-4,617000.0,1.0,1.0,1.0,?,1.0,1.7976931348623157E308,?,1.0,1.0,617000.0,2580920.0
618000.0,1028.355540887,6.866184432126974E-4,618000.0,1.0,1.0,1.0,?,1.0,1.7976931348623157E308,?,1.0,1.0,618000.0,2580920.0
619000.0,1030.207675817,6.87855087497377E-4,619000.0,1.0,1.0,1.0,?,1.0,1.7976931348623157E308,?,1.0,1.0,619000.0,2580920.0
620000.0,1031.88762091,6.889767630644124E-4,620000.0,1.0,1.0,1.0,?,1.0,1.7976931348623157E308,?,1.0,1.0,620000.0,2580920.0
621000.0,1033.269519674,6.8989943731499E-4,621000.0,1.0,1.0,1.0,?,1.0,1.7976931348623157E308,?,1.0,1.0,621000.0,2580920.0
622000.0,1034.911318232,6.90995642980387E-4,622000.0,1.0,1.0,1.0,?,1.0,1.7976931348623157E308,?,1.0,1.0,622000.0,2580920.0
623000.0,1036.459470402,6.920293222776317E-4,623000.0,1.0,1.0,1.0,?,1.0,1.7976931348623157E308,?,1.0,1.0,623000.0,2580920.0
623091.0,1036.703751681,6.921924254309908E-4,623091.0,1.0,1.0,1.0,?,1.0,1.7976931348623157E308,?,1.0,1.0,623091.0,2580920.0
