learning evaluation instances,evaluation time (cpu seconds),model cost (RAM-Hours),classified instances,AUC,sAUC,Accuracy,Kappa,Periodical holdout AUC,Pos/Neg ratio,G-Mean,Recall,KappaM,model training instances,model serialized size (bytes)
1000.0,0.144424973,1.5943771610642887E-8,1000.0,1.0,1.0,0.998,0.0,0.0,1.7976931348623157E308,?,0.998,-Infinity,1000.0,426728.0
2000.0,0.23184329,2.5822263648340272E-8,2000.0,1.0,1.0,0.999,0.0,0.0,1.7976931348623157E308,?,0.999,-Infinity,2000.0,436808.0
3000.0,0.360814397,4.073264495249631E-8,3000.0,1.0,1.0,0.9993333333333333,0.0,0.0,1.7976931348623157E308,?,0.9993333333333333,-Infinity,3000.0,446888.0
4000.0,0.498114621,5.660595751533285E-8,4000.0,1.0,1.0,0.9995,0.0,0.0,1.7976931348623157E308,?,0.9995,-Infinity,4000.0,446888.0
5000.0,0.641662524,7.320156577929855E-8,5000.0,1.0,1.0,0.9996,0.0,0.0,1.7976931348623157E308,?,0.9996,-Infinity,5000.0,446888.0
6000.0,0.782514811,8.985283417732972E-8,6000.0,1.0,1.0,0.9996666666666667,0.0,0.0,1.7976931348623157E308,?,0.9996666666666667,-Infinity,6000.0,456968.0
7000.0,0.891676095,1.0275765721763794E-7,7000.0,1.0,1.0,0.9997142857142857,0.0,0.0,1.7976931348623157E308,?,0.9997142857142857,-Infinity,7000.0,456968.0
8000.0,0.975023181,1.1261077873053029E-7,8000.0,1.0,1.0,0.99975,0.0,0.0,1.7976931348623157E308,?,0.99975,-Infinity,8000.0,456968.0
9000.0,1.067309141,1.2352063558880033E-7,9000.0,1.0,1.0,0.9997777777777778,0.0,0.0,1.7976931348623157E308,?,0.9997777777777778,-Infinity,9000.0,456968.0
10000.0,1.202009181,1.3944459796837842E-7,10000.0,1.0,1.0,0.9998,0.0,0.0,1.7976931348623157E308,?,0.9998,-Infinity,10000.0,456968.0
11000.0,1.291009082,1.5019806900074498E-7,11000.0,1.0,1.0,1.0,?,1.0,1.7976931348623157E308,?,1.0,?,11000.0,467048.0
12000.0,1.376536395,1.6053196232520665E-7,12000.0,1.0,1.0,1.0,?,1.0,1.7976931348623157E308,?,1.0,?,12000.0,467048.0
13000.0,1.46393775,1.7109228799548E-7,13000.0,1.0,1.0,1.0,?,1.0,1.7976931348623157E308,?,1.0,?,13000.0,467048.0
14000.0,1.623367176,1.9733402278331416E-7,14000.0,0.49914991499149913,-0.49914991499149913,0.9999,0.0,1.0,9999.0,0.0,1.0,-0.39999999999906743,14000.0,636248.0
15000.0,1.816207215,2.3327443155634525E-7,15000.0,0.9256979885920145,0.3812479181793236,0.9997,0.727133813577867,1.0,1427.5714285714287,0.7559289460184544,1.0,0.35714285714285715,15000.0,720424.0
16000.0,1.961924671,2.640700364149755E-7,16000.0,0.9627514234213613,0.6747163740237756,0.9997,0.879851977636462,1.0,713.2857142857143,0.8864052604279183,1.0,0.6571428571428789,16000.0,816920.0
17000.0,2.129859763,2.9994164489851853E-7,17000.0,0.9627514234213613,0.6747163740237756,0.9997,0.879851977636462,1.0,713.2857142857143,0.8864052604279183,1.0,0.6357142857143089,17000.0,825680.0
18000.0,2.249857869,3.2555882018680996E-7,18000.0,0.9627514234213613,0.6747163740237756,0.9997,0.879851977636462,1.0,713.2857142857143,0.8864052604279183,1.0,0.614285714285751,18000.0,825200.0
19000.0,2.413317591,3.604541738772206E-7,19000.0,0.9627514234213613,0.6747163740237756,0.9997,0.879851977636462,1.0,713.2857142857143,0.8864052604279183,1.0,0.5928571428571816,19000.0,825200.0
20000.0,2.524033335,3.8408975210227695E-7,20000.0,0.9627514234213613,0.6747163740237756,0.9997,0.879851977636462,1.0,713.2857142857143,0.8864052604279183,1.0,0.5714285714286395,20000.0,825200.0
21000.0,2.636003943,4.082852045947127E-7,21000.0,0.9627514234213613,0.6747163740237756,0.9997,0.879851977636462,0.9627514234213613,713.2857142857143,0.8864052604279183,1.0,0.550000000000075,21000.0,835280.0
22000.0,2.756431885,4.3430818153007787E-7,22000.0,0.9627514234213613,0.6747163740237756,0.9997,0.879851977636462,0.9627514234213613,713.2857142857143,0.8864052604279183,1.0,0.5285714285714959,22000.0,835280.0
23000.0,2.897404119,4.6477052384851503E-7,23000.0,0.9627514234213613,0.6747163740237756,0.9997,0.879851977636462,0.9627514234213613,713.2857142857143,0.8864052604279183,1.0,0.5071428571429157,23000.0,835280.0
24000.0,3.054783865,4.987783249637381E-7,24000.0,0.999060316873474,0.764366772378261,0.9998,0.9165672426308116,0.9627514234213613,768.2307692307693,0.9198662110077999,1.0,0.6571428571429224,24000.0,835280.0
25000.0,3.207713026,5.317816822302798E-7,25000.0,0.9372998398718975,0.7848597767922764,0.9999,0.9332835183603823,0.9627514234213613,1249.0,0.9354143466934853,1.0,0.8333333333333641,25000.0,834200.0
26000.0,3.388420657,5.740190174556731E-7,26000.0,0.4985998599859986,-0.4985998599859986,0.9999,0.0,0.9627514234213613,9999.0,0.0,1.0,0.8266666666666718,26000.0,903488.0
27000.0,3.601245003,6.27991528410775E-7,27000.0,0.8300323430362442,-0.16125133714624518,0.9997,0.0,0.9627514234213613,3332.3333333333335,0.0,1.0,0.5235294117647712,27000.0,980288.0
28000.0,3.797664939,6.77650606237712E-7,28000.0,0.8285819079057051,-0.16077079820540796,0.9997,0.0,0.9627514234213613,3332.3333333333335,0.0,1.0,0.5058823529411893,28000.0,977272.0
29000.0,4.03545015,7.409025076238501E-7,29000.0,0.8708733493397359,-0.061970067729966716,0.9996,0.0,0.9627514234213613,2499.0,0.0,1.0,0.3555555555555794,29000.0,1028232.0
30000.0,4.268083257,8.057420098388444E-7,30000.0,0.8702981192476991,-0.0618033332891571,0.9995,-1.600256040124292E-4,0.9627514234213613,2499.0,0.0,0.9998999599839936,0.16666666666682087,30000.0,1077384.0
31000.0,4.508513541,8.779849717295419E-7,31000.0,0.8689600840336135,-0.06136945466027566,0.9995,-1.600256040124292E-4,0.8702981192476991,2499.0,0.0,0.9998999599839936,0.13888888888895792,31000.0,1161472.0
32000.0,4.749374677,9.500398566959882E-7,32000.0,0.9961271080816755,0.9180915707320676,0.9989,0.9576182374118463,0.8702981192476991,72.52941176470588,0.9624846304249267,0.9998986212489862,0.7653333333333333,32000.0,1156376.0
33000.0,5.018602629,1.0478538919662353E-6,33000.0,0.9973718764761927,0.9448839472576446,0.9989,0.9718701731774432,0.8702981192476991,48.01960784313726,0.9751324595753562,0.999897917517354,0.8334862385321119,33000.0,1404376.0
34000.0,5.170792032,1.1041252251990988E-6,34000.0,0.9973601169745154,0.9448654999359284,0.9989,0.9718701731774432,0.8702981192476991,48.01960784313726,0.9751324595753562,0.999897917517354,0.8284403669724782,34000.0,1429240.0
35000.0,5.392835107,1.187486074778688E-6,35000.0,0.999864239128194,0.951910980241297,0.999,0.9743644301340997,0.8702981192476991,48.26108374384236,0.9775313181326003,0.9998979279371236,0.8394495412844046,35000.0,1451200.0
36000.0,5.638478046,1.2822025953906111E-6,36000.0,0.9998652447642814,0.9519118167904933,0.999,0.9743644301340997,0.8702981192476991,48.26108374384236,0.9775313181326003,0.9998979279371236,0.8348623853211018,36000.0,1490472.0
37000.0,5.870800498,1.3729633233817087E-6,37000.0,0.9999898456487843,0.9613375874530696,0.9992,0.9793899953885108,0.8702981192476991,48.75124378109453,0.9823826302141351,0.9998979487702827,0.8642201834862343,37000.0,1510112.0
38000.0,6.013566517,1.4287683277749993E-6,38000.0,0.9999898456487843,0.9613454885520929,0.9992,0.9793899953885108,0.8702981192476991,48.75124378109453,0.9823826302141351,0.9998979487702827,0.8605504587155922,38000.0,1510952.0
39000.0,6.210379071,1.50646749136891E-6,39000.0,0.999990306122449,0.9649715292363275,0.9993,0.9819214876033049,0.8702981192476991,49.0,0.9848355296231769,0.9998979591836735,0.8747706422018295,39000.0,1526040.0
40000.0,6.425795986,1.5921783855315007E-6,40000.0,0.9999938775510204,0.9650334389649547,0.9994,0.9844656172328075,0.8702981192476991,49.0,0.9848857801796105,1.0,0.8899082568807248,40000.0,1538008.0
41000.0,6.621867398,1.6702597850530137E-6,41000.0,0.9999938775510204,0.9650243656910206,0.9994,0.9844656172328075,0.9999938775510204,49.0,0.9848857801796105,1.0,0.8871559633027439,41000.0,1539344.0
42000.0,6.77478458,1.7315214341336403E-6,42000.0,1.0,0.9987105768943021,1.0,1.0,0.9999938775510204,146.05882352941177,1.0,1.0,1.0,42000.0,1548584.0
43000.0,6.965052125,1.8077877245063125E-6,43000.0,1.0,1.0,1.0,?,0.9999938775510204,1.7976931348623157E308,?,1.0,1.0,43000.0,1549424.0
44000.0,7.119997378,1.8703835981337102E-6,44000.0,0.9990999099909991,0.018974453613146647,0.9999,0.0,0.9999938775510204,9999.0,0.0,1.0,0.9799086757990891,44000.0,1561600.0
45000.0,7.329949457,1.954879104027483E-6,45000.0,0.9990999099909991,0.018978555385515294,0.9999,0.0,0.9999938775510204,9999.0,0.0,1.0,0.9794520547945229,45000.0,1555664.0
46000.0,7.580426418,2.0562753863233637E-6,46000.0,0.998999899989999,0.01897717810100663,0.9999,0.0,0.9999938775510204,9999.0,0.0,1.0,0.9789954337899566,46000.0,1564792.0
47000.0,7.857115764,2.1723496518703485E-6,47000.0,0.999499899979996,0.07066193314482472,0.9998,0.0,0.9999938775510204,4999.0,0.0,1.0,0.9572727272727317,47000.0,1621608.0
48000.0,8.127564414,2.287108908852593E-6,48000.0,0.9994498899779956,0.07065790530312199,0.9998,0.0,0.9999938775510204,4999.0,0.0,1.0,0.9563636363636416,48000.0,1640232.0
49000.0,8.35962427,2.3864513348773345E-6,49000.0,0.9995499099819964,0.07066709395203719,0.9998,0.0,0.9999938775510204,4999.0,0.0,1.0,0.9554545454545509,49000.0,1654768.0
50000.0,8.623041799,2.5044169469775793E-6,50000.0,0.9993497398959584,0.04774152441606816,0.9996,0.0,0.9999938775510204,2499.0,0.0,1.0,0.9099099099099198,50000.0,1731064.0
51000.0,8.897655149,2.634193718218033E-6,51000.0,0.9995248099239696,0.04774028507705097,0.9996,0.0,0.9993497398959584,2499.0,0.0,1.0,0.9081081081081176,51000.0,1826744.0
52000.0,9.192838336,2.788185899994131E-6,52000.0,0.9999576533609998,0.9227515986673835,0.9996,0.9634355249470311,0.9993497398959584,174.43859649122808,0.964274111134126,1.0,0.9243636363636444,52000.0,2016552.0
53000.0,9.405016597,2.8998686484578185E-6,53000.0,0.9999849878701991,0.9738988277440406,0.9995,0.9873991681434855,0.9993497398959584,48.01960784313726,0.9900970033271517,0.999897917517354,0.937203791469201,53000.0,2034640.0
54000.0,9.648514291,3.02995025829954E-6,54000.0,0.9999899436391255,0.978595570072064,0.9996,0.989894891716187,0.9993497398959584,48.26108374384236,0.9925326751639475,0.9998979279371236,0.9488151658767829,54000.0,2065016.0
55000.0,9.937071098,3.184781815633922E-6,55000.0,0.9999904464571692,0.9785949967576891,0.9996,0.989894891716187,0.9993497398959584,48.26108374384236,0.9925326751639475,0.9998979279371236,0.9478672985782048,55000.0,2074104.0
56000.0,10.168808589,3.3091535253573843E-6,56000.0,0.9999909492752129,0.9785970577663893,0.9996,0.989894891716187,0.9993497398959584,48.26108374384236,0.9925326751639475,0.9998979279371236,0.9469194312796269,56000.0,2074568.0
57000.0,10.489270061,3.5031910872948887E-6,57000.0,0.999787458502362,0.9462036033698001,0.9988,0.9702615349310495,0.9993497398959584,46.39336492890995,0.9735350372424859,0.9998978445193585,0.8412993039443173,57000.0,2340520.0
58000.0,10.776705268,3.6822123471147E-6,58000.0,0.9997317813446663,0.9461840187252324,0.9988,0.9702615349310495,0.9993497398959584,46.39336492890995,0.9735350372424859,0.9998978445193585,0.8385150812064992,58000.0,2407504.0
59000.0,11.021574286,3.8353807153575175E-6,59000.0,0.9997037006912198,0.9461791721883636,0.9988,0.9702615349310495,0.9993497398959584,46.39336492890995,0.9735350372424859,0.9998978445193585,0.8357308584686811,59000.0,2417896.0
60000.0,11.223246263,3.961720001670837E-6,60000.0,0.9997155868659774,0.9550028411155946,0.999,0.975099489987754,0.9993497398959584,46.84688995215311,0.9781820191410643,0.9998978653865795,0.8607888631090483,60000.0,2421560.0
61000.0,11.508860853,4.144785459341517E-6,61000.0,0.9997091298214894,0.950847781584331,0.9989,0.972674745005689,0.9997155868659774,46.61904761904762,0.9758502299967935,0.9998978549540347,0.8446759259259264,61000.0,2477584.0
62000.0,11.754076361,4.3033967900476885E-6,62000.0,0.9995884430139172,0.9381182970036205,0.9989,0.9633764026837776,0.9997155868659774,62.69426751592356,0.9675797685274885,0.9998984049578381,0.8421296296296313,62000.0,2500280.0
63000.0,12.083033166,4.521030244261104E-6,63000.0,0.9950072959285857,0.1178414980938628,0.9986,0.0,0.9997155868659774,713.2857142857143,0.0,1.0,0.7977064220183537,63000.0,2557344.0
64000.0,12.444938238,4.771147079947271E-6,64000.0,0.9929186575491402,0.11773188822482683,0.9986,0.0,0.9997155868659774,713.2857142857143,0.0,1.0,0.794495412844043,64000.0,2671472.0
65000.0,12.719296659,4.961907518765085E-6,65000.0,0.9924680266659037,0.11768217078281384,0.9986,0.0,0.9997155868659774,713.2857142857143,0.0,1.0,0.7912844036697311,65000.0,2687648.0
66000.0,12.963851927,5.144699975822745E-6,66000.0,0.9919244084575548,0.11763292426048222,0.9986,0.0,0.9997155868659774,713.2857142857143,0.0,1.0,0.7880733944954197,66000.0,2735624.0
67000.0,13.289228402,5.374972819653498E-6,67000.0,0.9989794897448724,0.10470961131905476,0.9995,0.0,0.9997155868659774,1999.0,0.0,1.0,0.9231651376146879,67000.0,2735640.0
68000.0,13.606550132,5.60054739489832E-6,68000.0,0.9990195097548774,0.10473310180134554,0.9995,0.0,0.9997155868659774,1999.0,0.0,1.0,0.9220183486238617,68000.0,2747848.0
69000.0,13.975030877,5.873413015163569E-6,69000.0,0.999142256722563,0.13045261585074142,0.9993,0.0,0.9997155868659774,1427.5714285714287,0.0,1.0,0.8897260273972545,69000.0,2862440.0
70000.0,14.249102793,6.078317560575839E-6,70000.0,0.9991136652799817,0.13044212043060122,0.9993,0.0,0.9997155868659774,1427.5714285714287,0.0,1.0,0.888127853881273,70000.0,2889944.0
71000.0,14.582363781,6.330362208726914E-6,71000.0,0.9992566224928878,0.19836632273166854,0.9994,0.24986872702716006,0.9991136652799817,1427.5714285714287,0.3779644730092272,1.0,0.9029612756264166,71000.0,2923448.0
72000.0,14.87583665,6.556295294651334E-6,72000.0,0.9990850738374004,0.19828086880426377,0.9994,0.24986872702716006,0.9991136652799817,1427.5714285714287,0.3779644730092272,1.0,0.901594533029605,72000.0,2975872.0
73000.0,15.233361435,6.832138750002581E-6,73000.0,0.9998999699909973,0.32000205297869566,0.9998,0.4999249887482129,0.9991136652799817,3332.3333333333335,0.5773502691896257,1.0,0.9667425968109378,73000.0,2982352.0
74000.0,15.565332109,7.108547942509293E-6,74000.0,0.9998999699909973,0.32014171363145216,0.9998,0.4999249887482129,0.9991136652799817,3332.3333333333335,0.5773502691896257,1.0,0.9662870159453342,74000.0,2988984.0
75000.0,15.931582512,7.391776922231306E-6,75000.0,0.9998999699909973,0.3202061918476725,0.9998,0.4999249887482129,0.9991136652799817,3332.3333333333335,0.5773502691896257,1.0,0.9658314350797307,75000.0,2989248.0
76000.0,16.275297626,7.659929214994169E-6,76000.0,0.9998999699909973,0.3202256858167498,0.9998,0.4999249887482129,0.9991136652799817,3332.3333333333335,0.5773502691896257,1.0,0.9653758542141269,76000.0,3015680.0
77000.0,16.600100754,7.918392967560877E-6,77000.0,0.9999929943394262,0.9715970954707103,0.9996,0.9898949070331459,0.9991136652799817,48.01960784313726,0.9901475429766743,1.0,0.951875000000005,77000.0,3075968.0
78000.0,16.977230508,8.228413840010715E-6,78000.0,0.9999138435488489,0.9668454250227275,0.9995,0.9873991935483885,0.9991136652799817,47.78048780487805,0.9877295966495896,1.0,0.9391575663026585,78000.0,3177624.0
79000.0,17.23871968,8.443792993206343E-6,79000.0,0.9999426390507438,0.9783683480851162,0.9997,0.9936351138041659,0.9991136652799817,40.1522633744856,0.9938079899999065,1.0,0.9651982378854663,79000.0,3183848.0
80000.0,17.574475685,8.72652819448072E-6,80000.0,0.999964570424666,0.9778154181108779,0.9993,0.99167033965023,0.9991136652799817,21.573363431151243,0.9920678634036051,1.0,0.9364358683314383,80000.0,3255056.0
81000.0,17.895617304,9.003204419316264E-6,81000.0,0.9999604699671167,0.978702865817476,0.9993,0.9916522170518965,0.999964570424666,21.624434389140273,0.9920498454853979,1.0,0.9356413166855813,81000.0,3330256.0
82000.0,18.206401302,9.271273597973771E-6,82000.0,0.9999697015316823,0.9788030215307856,0.9993,0.9916522170518965,0.999964570424666,21.624434389140273,0.9920498454853979,1.0,0.9348467650397242,82000.0,3334192.0
83000.0,18.569876736,9.587686097612903E-6,83000.0,0.9999718318927359,0.9788081468403537,0.9993,0.9916522170518965,0.999964570424666,21.624434389140273,0.9920498454853979,1.0,0.9340522133938675,83000.0,3364968.0
84000.0,18.9443954,9.915031951191485E-6,84000.0,0.9999659142231425,0.9787803073586684,0.9993,0.9916522170518965,0.999964570424666,21.624434389140273,0.9920498454853979,1.0,0.9332576617480104,84000.0,3378592.0
85000.0,19.27803496,1.0219329428397907E-5,85000.0,0.9999649673960076,0.9787739623305867,0.9993,0.9916522170518965,0.999964570424666,21.624434389140273,0.9920498454853979,1.0,0.9324631101021533,85000.0,3385344.0
86000.0,19.652768058,1.0546726210004929E-5,86000.0,0.9999700029595505,0.9776616204820375,0.9992,0.9904700527363454,0.999964570424666,21.573363431151243,0.9909295178039047,1.0,0.9219954648526058,86000.0,3377184.0
87000.0,20.015675586,1.0863770949568543E-5,87000.0,0.9999559590012179,0.9746717617133259,0.9994,0.9871404027968756,0.999964570424666,40.32231404958678,0.9875254992000196,1.0,0.940816326530608,87000.0,3376968.0
88000.0,20.396962857,1.1198487202299199E-5,88000.0,0.9999995748152891,0.9786887033022718,0.9995,0.9892617403540374,0.999964570424666,40.49377593360996,0.9895721863680259,1.0,0.9501133786848126,88000.0,3393336.0
89000.0,20.721311225,1.1483264133203653E-5,89000.0,0.9999994922824392,0.974827489311408,0.9995,0.9871505198385708,0.999964570424666,48.75124378109453,0.9874838622020375,1.0,0.9495464852607763,89000.0,3393872.0
90000.0,21.142231186,1.1862566486323773E-5,90000.0,1.0,0.9117116377400502,0.9997,0.9728222466218082,0.999964570424666,174.43859649122808,0.9733285267845752,1.0,0.97121535181237,90000.0,3483280.0
91000.0,21.612242988,1.2306722084235311E-5,91000.0,0.9999939369319664,0.9738767563006786,0.9995,0.9873379126194428,1.0,48.504950495049506,0.992445173848427,0.9997958767095325,0.9579870729455264,91000.0,3652824.0
92000.0,21.959651043,1.2636949818079364E-5,92000.0,0.9999939369319664,0.9738529834650256,0.9995,0.9873379126194428,1.0,48.504950495049506,0.992445173848427,0.9997958767095325,0.9575253924284444,92000.0,3674312.0
93000.0,22.305102861,1.296586785226004E-5,93000.0,0.9999939369319664,0.9738656857427536,0.9995,0.9873379126194428,1.0,48.504950495049506,0.992445173848427,0.9997958767095325,0.957063711911362,93000.0,3680464.0
94000.0,22.623415629,1.3268523468282388E-5,94000.0,0.9999939369319664,0.9738928927879076,0.9995,0.9873379126194428,1.0,48.504950495049506,0.992445173848427,0.9997958767095325,0.9566020313942798,94000.0,3675336.0
95000.0,23.196058613,1.3722320304406782E-5,95000.0,0.999965514839545,0.9450715906373132,0.9985,0.9739322474782066,1.0,32.11258278145695,0.9781391985110699,0.9997937719117344,0.8795435333896917,95000.0,3063232.0
96000.0,23.574059285,1.4030773548375268E-5,96000.0,0.9999599232581775,0.9465726810512799,0.9986,0.9756302114357678,1.0,32.222591362126245,0.9797626775960186,0.9997937931745541,0.8863905325443818,96000.0,3154272.0
96554.0,23.852884914,1.4258150421086118E-5,96554.0,0.9999592381856677,0.9465484379546444,0.9986,0.9756302114357678,1.0,32.222591362126245,0.9797626775960186,0.9997937931745541,0.885734911242607,96554.0,3152216.0
