learning evaluation instances,evaluation time (cpu seconds),model cost (RAM-Hours),classified instances,AUC,sAUC,Accuracy,Kappa,Periodical holdout AUC,Pos/Neg ratio,G-Mean,Recall,KappaM,model training instances,model serialized size (bytes),member weight 1,member weight 2,[avg] model training instances,[err] model training instances,[avg] model serialized size (bytes),[err] model serialized size (bytes),[avg] tree size (nodes),[err] tree size (nodes),[avg] tree size (leaves),[err] tree size (leaves),[avg] active learning leaves,[err] active learning leaves,[avg] tree depth,[err] tree depth,[avg] active leaf byte size estimate,[err] active leaf byte size estimate,[avg] inactive leaf byte size estimate,[err] inactive leaf byte size estimate,[avg] byte size estimate overhead,[err] byte size estimate overhead
1000.0,0.051517533,2.584279338630537E-9,1000.0,1.0,1.0,0.998,0.0,0.0,1.7976931348623157E308,?,0.998,-Infinity,1000.0,193904.0,0.5,0.5,1000.0,0.0,83520.0,88880.49396802428,0.0,0.0,0.0,0.0,0.0,0.0,0.0,0.0,0.0,0.0,0.0,0.0,0.0,0.0
2000.0,0.09563704,4.837718436508958E-9,2000.0,1.0,1.0,0.999,0.0,0.0,1.7976931348623157E308,?,0.999,-Infinity,2000.0,197432.0,0.5,0.5,2000.0,0.0,85284.0,91137.57881357173,0.0,0.0,0.0,0.0,0.0,0.0,0.0,0.0,0.0,0.0,0.0,0.0,0.0,0.0
3000.0,0.13873526,7.0783300625512175E-9,3000.0,1.0,1.0,0.9993333333333333,0.0,0.0,1.7976931348623157E308,?,0.9993333333333333,-Infinity,3000.0,200960.0,0.5,0.5,3000.0,0.0,87048.0,93394.6636591192,0.0,0.0,0.0,0.0,0.0,0.0,0.0,0.0,0.0,0.0,0.0,0.0,0.0,0.0
4000.0,0.187497713,9.61341664167535E-9,4000.0,1.0,1.0,0.9995,0.0,0.0,1.7976931348623157E308,?,0.9995,-Infinity,4000.0,200960.0,0.5,0.5,4000.0,0.0,87048.0,93394.6636591192,0.0,0.0,0.0,0.0,0.0,0.0,0.0,0.0,0.0,0.0,0.0,0.0,0.0,0.0
5000.0,0.258468679,1.3303090403864367E-8,5000.0,1.0,1.0,0.9996,0.0,0.0,1.7976931348623157E308,?,0.9996,-Infinity,5000.0,200960.0,0.5,0.5,5000.0,0.0,87048.0,93394.6636591192,0.0,0.0,0.0,0.0,0.0,0.0,0.0,0.0,0.0,0.0,0.0,0.0,0.0,0.0
6000.0,0.331972255,1.7191517179051622E-8,6000.0,1.0,1.0,0.9996666666666667,0.0,0.0,1.7976931348623157E308,?,0.9996666666666667,-Infinity,6000.0,204488.0,0.5,0.5,6000.0,0.0,88812.0,95651.74850466666,0.0,0.0,0.0,0.0,0.0,0.0,0.0,0.0,0.0,0.0,0.0,0.0,0.0,0.0
7000.0,0.392677882,2.0402917198981675E-8,7000.0,1.0,1.0,0.9997142857142857,0.0,0.0,1.7976931348623157E308,?,0.9997142857142857,-Infinity,7000.0,204488.0,0.5,0.5,7000.0,0.0,88812.0,95651.74850466666,0.0,0.0,0.0,0.0,0.0,0.0,0.0,0.0,0.0,0.0,0.0,0.0,0.0,0.0
8000.0,0.435098811,2.2647034902206313E-8,8000.0,1.0,1.0,0.99975,0.0,0.0,1.7976931348623157E308,?,0.99975,-Infinity,8000.0,204488.0,0.5,0.5,8000.0,0.0,88812.0,95651.74850466666,0.0,0.0,0.0,0.0,0.0,0.0,0.0,0.0,0.0,0.0,0.0,0.0,0.0,0.0
9000.0,0.478247492,2.4929651553597716E-8,9000.0,1.0,1.0,0.9997777777777778,0.0,0.0,1.7976931348623157E308,?,0.9997777777777778,-Infinity,9000.0,204488.0,0.5,0.5,9000.0,0.0,88812.0,95651.74850466666,0.0,0.0,0.0,0.0,0.0,0.0,0.0,0.0,0.0,0.0,0.0,0.0,0.0,0.0
10000.0,0.520836665,2.7182669564942934E-8,10000.0,1.0,1.0,0.9998,0.0,0.0,1.7976931348623157E308,?,0.9998,-Infinity,10000.0,204488.0,0.5,0.5,10000.0,0.0,88812.0,95651.74850466666,0.0,0.0,0.0,0.0,0.0,0.0,0.0,0.0,0.0,0.0,0.0,0.0,0.0,0.0
11000.0,0.56535326,2.9578280620945413E-8,11000.0,1.0,1.0,1.0,?,1.0,1.7976931348623157E308,?,1.0,?,11000.0,208016.0,0.5,0.5,11000.0,0.0,90576.0,97908.83335021412,0.0,0.0,0.0,0.0,0.0,0.0,0.0,0.0,0.0,0.0,0.0,0.0,0.0,0.0
12000.0,0.60858187,3.190458019645471E-8,12000.0,1.0,1.0,1.0,?,1.0,1.7976931348623157E308,?,1.0,?,12000.0,208016.0,0.5,0.5,12000.0,0.0,90576.0,97908.83335021412,0.0,0.0,0.0,0.0,0.0,0.0,0.0,0.0,0.0,0.0,0.0,0.0,0.0,0.0
13000.0,0.66901018,3.515646250083008E-8,13000.0,1.0,1.0,1.0,?,1.0,1.7976931348623157E308,?,1.0,?,13000.0,208016.0,0.5,0.5,13000.0,0.0,90576.0,97908.83335021412,0.0,0.0,0.0,0.0,0.0,0.0,0.0,0.0,0.0,0.0,0.0,0.0,0.0,0.0
14000.0,0.791794846,4.434071745213329E-8,14000.0,0.4958995899589959,-0.4958995899589959,0.9999,0.0,1.0,9999.0,0.0,1.0,-0.39999999999906743,14000.0,289136.0,0.44751381215469616,0.5524861878453038,14000.0,0.0,131068.0,126470.29045590115,0.0,0.0,0.0,0.0,0.0,0.0,0.0,0.0,0.0,0.0,0.0,0.0,0.0,0.0
15000.0,0.884567111,5.257069162712951E-8,15000.0,0.9206230075338451,0.21862564733132706,0.9995,0.44427155114926886,1.0,1427.5714285714287,0.5345224838248488,1.0,-0.07142857142857142,15000.0,342912.0,0.30092770179611456,0.6990722982038854,15000.0,0.0,157888.0,128229.57212749327,0.0,0.0,0.0,0.0,0.0,0.0,0.0,0.0,0.0,0.0,0.0,0.0,0.0,0.0
16000.0,0.950704219,5.88466727514296E-8,16000.0,0.9515321450030042,0.4935080169090718,0.9995,0.7823702491425593,1.0,713.2857142857143,0.8017837257372732,1.0,0.4285714285714648,16000.0,366808.0,0.13050633460109906,0.8694936653989009,16000.0,0.0,169836.0,143463.48062137625,0.0,0.0,0.0,0.0,0.0,0.0,0.0,0.0,0.0,0.0,0.0,0.0,0.0,0.0
17000.0,1.009436499,6.450993286007602E-8,17000.0,0.9471188234957512,0.49497085864907286,0.9995,0.7823702491425593,1.0,713.2857142857143,0.8017837257372732,1.0,0.3928571428571814,17000.0,372728.0,0.1190088419153384,0.8809911580846617,17000.0,0.0,172736.0,148073.81683471255,0.0,0.0,0.0,0.0,0.0,0.0,0.0,0.0,0.0,0.0,0.0,0.0,0.0,0.0
18000.0,1.066622436,7.032316321393061E-8,18000.0,0.9467289920173958,0.49512463958230235,0.9995,0.7823702491425593,1.0,713.2857142857143,0.8017837257372732,1.0,0.3571428571429183,18000.0,392944.0,0.10839798964516677,0.8916020103548332,18000.0,0.0,182836.0,133790.25985474428,0.0,0.0,0.0,0.0,0.0,0.0,0.0,0.0,0.0,0.0,0.0,0.0,0.0,0.0
19000.0,1.12719645,7.648607347717094E-8,19000.0,0.9462175617292782,0.49541450100170253,0.9995,0.7823702491425593,1.0,713.2857142857143,0.8017837257372732,1.0,0.321428571428636,19000.0,393280.0,0.10839798964516677,0.8916020103548332,19000.0,0.0,183004.0,133552.6719762656,0.0,0.0,0.0,0.0,0.0,0.0,0.0,0.0,0.0,0.0,0.0,0.0,0.0,0.0
20000.0,1.188015765,8.26792277340239E-8,20000.0,0.9457848130239478,0.49559077764055015,0.9995,0.7823702491425593,1.0,713.2857142857143,0.8017837257372732,1.0,0.285714285714399,20000.0,393616.0,0.10839798964516677,0.8916020103548332,20000.0,0.0,183172.0,133315.08409778692,0.0,0.0,0.0,0.0,0.0,0.0,0.0,0.0,0.0,0.0,0.0,0.0,0.0,0.0
21000.0,1.287278586,9.287763258695187E-8,21000.0,0.9446153185888816,0.4960003866842723,0.9995,0.7823702491425593,0.9457848130239478,713.2857142857143,0.8017837257372732,1.0,0.2500000000001249,21000.0,397144.0,0.10839798964516677,0.8916020103548332,21000.0,0.0,184936.0,135572.16894333437,0.0,0.0,0.0,0.0,0.0,0.0,0.0,0.0,0.0,0.0,0.0,0.0,0.0,0.0
22000.0,1.375540097,1.019610910318771E-7,22000.0,0.943839232067752,0.4963052457158568,0.9995,0.7823702491425593,0.9457848130239478,713.2857142857143,0.8017837257372732,1.0,0.21428571428582643,22000.0,397816.0,0.10839798964516677,0.8916020103548332,22000.0,0.0,185272.0,135096.99318637702,0.0,0.0,0.0,0.0,0.0,0.0,0.0,0.0,0.0,0.0,0.0,0.0,0.0,0.0
23000.0,1.434925641,1.0807277114069915E-7,23000.0,0.9433850247489343,0.496468486076895,0.9995,0.7823702491425593,0.9457848130239478,713.2857142857143,0.8017837257372732,1.0,0.17857142857152628,23000.0,397816.0,0.10839798964516677,0.8916020103548332,23000.0,0.0,185272.0,135096.99318637702,0.0,0.0,0.0,0.0,0.0,0.0,0.0,0.0,0.0,0.0,0.0,0.0,0.0,0.0
24000.0,1.493242823,1.1407703503623396E-7,24000.0,0.9854272092181374,0.565107469476933,0.9996,0.8179882238381015,0.9457848130239478,768.2307692307693,0.8320502943378437,1.0,0.3142857142858448,24000.0,397984.0,0.10839798964516677,0.8916020103548332,24000.0,0.0,185356.0,134978.19924713767,0.0,0.0,0.0,0.0,0.0,0.0,0.0,0.0,0.0,0.0,0.0,0.0,0.0,0.0
25000.0,1.595075225,1.2458412195256392E-7,25000.0,0.9765562449959968,0.6673549402566383,0.9999,0.9332835183603823,0.9457848130239478,1249.0,0.9354143466934853,1.0,0.8333333333333641,25000.0,398840.0,0.10839798964516677,0.8916020103548332,25000.0,0.0,185784.0,132562.72248260444,0.0,0.0,0.0,0.0,0.0,0.0,0.0,0.0,0.0,0.0,0.0,0.0,0.0,0.0
26000.0,1.670243713,1.327122980047369E-7,26000.0,0.8933893389338934,1.4347222811172955E-4,0.9999,0.0,0.9457848130239478,9999.0,0.0,1.0,0.8266666666666718,26000.0,417984.0,0.10839798964516677,0.8916020103548332,26000.0,0.0,195356.0,145861.98682316102,0.0,0.0,0.0,0.0,0.0,0.0,0.0,0.0,0.0,0.0,0.0,0.0,0.0,0.0
27000.0,1.747359872,1.416795860699709E-7,27000.0,0.9686572638458204,0.0019464803636642936,0.9997,0.0,0.9457848130239478,3332.3333333333335,0.0,1.0,0.5235294117647712,27000.0,449488.0,0.10839798964516677,0.8916020103548332,27000.0,0.0,211108.0,167901.09097918333,0.0,0.0,0.0,0.0,0.0,0.0,0.0,0.0,0.0,0.0,0.0,0.0,0.0,0.0
28000.0,1.809711721,1.489381675940669E-7,28000.0,0.9670567837017772,0.001942055310519275,0.9997,0.0,0.9457848130239478,3332.3333333333335,0.0,1.0,0.5058823529411893,28000.0,449992.0,0.10839798964516677,0.8916020103548332,28000.0,0.0,211360.0,167544.70916146532,0.0,0.0,0.0,0.0,0.0,0.0,0.0,0.0,0.0,0.0,0.0,0.0,0.0,0.0
29000.0,1.882405893,1.5770373539851768E-7,29000.0,0.9761154461784713,0.09070039019462739,0.9996,0.0,0.9457848130239478,2499.0,0.0,1.0,0.3555555555555794,29000.0,466104.0,0.10839798964516677,0.8916020103548332,29000.0,0.0,219416.0,178926.299911444,0.0,0.0,0.0,0.0,0.0,0.0,0.0,0.0,0.0,0.0,0.0,0.0,0.0,0.0
30000.0,1.964974862,1.6796795557620002E-7,30000.0,0.9751150460184074,0.0906885070503588,0.9996,0.0,0.9457848130239478,2499.0,0.0,1.0,0.3333333333334567,30000.0,480520.0,0.11900884191533839,0.8809911580846616,30000.0,0.0,226624.0,189119.95126902926,0.0,0.0,0.0,0.0,0.0,0.0,0.0,0.0,0.0,0.0,0.0,0.0,0.0,0.0
31000.0,2.068619698,1.8167368517876706E-7,31000.0,0.9754401760704282,0.09068515628369278,0.9996,0.0,0.9751150460184074,2499.0,0.0,1.0,0.31111111111116635,31000.0,511160.0,0.11900884191533839,0.8809911580846616,31000.0,0.0,241944.0,210785.70304458507,0.0,0.0,0.0,0.0,0.0,0.0,0.0,0.0,0.0,0.0,0.0,0.0,0.0,0.0
32000.0,2.174222313,1.9564836006447672E-7,32000.0,0.9989578860741377,0.9053890233568416,0.9986,0.9450294014173005,0.9751150460184074,72.52941176470588,0.9471318934179187,1.0,0.7013333333333397,32000.0,511528.0,0.10839798964516685,0.8916020103548332,32000.0,0.0,242072.0,158086.44885631406,0.0,0.0,0.0,0.0,0.0,0.0,0.0,0.0,0.0,0.0,0.0,0.0,0.0,0.0
33000.0,2.290391678,2.1413365988805476E-7,33000.0,0.9992974323253189,0.9367780286031749,0.9986,0.9637538576251538,0.9751150460184074,48.01960784313726,0.9650764472411539,1.0,0.7880733944954197,33000.0,615088.0,0.08964874287800159,0.9103512571219984,33000.0,0.0,293852.0,221629.89264086197,0.0,0.0,0.0,0.0,0.0,0.0,0.0,0.0,0.0,0.0,0.0,0.0,0.0,0.0
34000.0,2.393639696,2.306395791823003E-7,34000.0,0.9993559796315423,0.936771097023793,0.9986,0.9637538576251538,0.9751150460184074,48.01960784313726,0.9650764472411539,1.0,0.7816513761467953,34000.0,617960.0,0.08141373246706932,0.9185862675329307,34000.0,0.0,295288.0,222710.351802515,0.0,0.0,0.0,0.0,0.0,0.0,0.0,0.0,0.0,0.0,0.0,0.0,0.0,0.0
35000.0,2.501097536,2.448108339467976E-7,35000.0,0.9996299259198176,0.9413856828056796,0.9987,0.9662588311020911,0.9751150460184074,48.26108374384236,0.967450562629949,1.0,0.7912844036697314,35000.0,509768.0,0.07387379334513523,0.9261262066548648,35000.0,0.0,241392.0,310120.0636656713,0.0,0.0,0.0,0.0,0.0,0.0,0.0,0.0,0.0,0.0,0.0,0.0,0.0,0.0
36000.0,2.613339205,2.5990008524077016E-7,36000.0,0.9996319371919925,0.9413869241436844,0.9987,0.9662588311020911,0.9751150460184074,48.26108374384236,0.967450562629949,1.0,0.7853211009174378,36000.0,519656.0,0.07387379334513523,0.9261262066548648,36000.0,0.0,246336.0,316161.5840041291,0.0,0.0,0.0,0.0,0.0,0.0,0.0,0.0,0.0,0.0,0.0,0.0,0.0,0.0
37000.0,2.727730892,2.7564888202377286E-7,37000.0,0.9997786351434987,0.9507695047050544,0.9989,0.9713064936013482,0.9751150460184074,48.75124378109453,0.9722518356068021,1.0,0.8133027522935792,37000.0,532176.0,0.07387379334513523,0.9261262066548648,37000.0,0.0,252596.0,324539.3851476273,0.0,0.0,0.0,0.0,0.0,0.0,0.0,0.0,0.0,0.0,0.0,0.0,0.0,0.0
38000.0,2.831891533,2.9001628859354185E-7,38000.0,0.9998156985254358,0.9507829180321938,0.9989,0.9713064936013482,0.9751150460184074,48.75124378109453,0.9722518356068021,1.0,0.8082568807339465,38000.0,533184.0,0.07387379334513523,0.9261262066548648,38000.0,0.0,253100.0,325252.1487830634,0.0,0.0,0.0,0.0,0.0,0.0,0.0,0.0,0.0,0.0,0.0,0.0,0.0,0.0
39000.0,2.945906051,3.0592505555273553E-7,39000.0,0.9998464285714286,0.9537408496734666,0.999,0.9738493723849372,0.9751150460184074,49.0,0.9746794344808963,1.0,0.8211009174311936,39000.0,539360.0,0.07387379334513523,0.9261262066548648,39000.0,0.0,256188.0,329619.2402636715,0.0,0.0,0.0,0.0,0.0,0.0,0.0,0.0,0.0,0.0,0.0,0.0,0.0,0.0
40000.0,3.032007949,3.180151861037418E-7,40000.0,0.9999045918367347,0.9537939331661296,0.999,0.9738493723849372,0.9751150460184074,49.0,0.9746794344808963,1.0,0.8165137614678882,40000.0,542776.0,0.07387379334513523,0.9261262066548648,40000.0,0.0,257896.0,331559.5412712474,0.0,0.0,0.0,0.0,0.0,0.0,0.0,0.0,0.0,0.0,0.0,0.0,0.0,0.0
41000.0,3.101145448,3.2772995956063067E-7,41000.0,0.999938775510204,0.9538048192863188,0.999,0.9738493723849372,0.9999045918367347,49.0,0.9746794344808963,1.0,0.8119266055045872,41000.0,543152.0,0.07387379334513523,0.9261262066548648,41000.0,0.0,258084.0,331825.4134209735,0.0,0.0,0.0,0.0,0.0,0.0,0.0,0.0,0.0,0.0,0.0,0.0,0.0,0.0
42000.0,3.203482192,3.4217195368269875E-7,42000.0,1.0,0.9997795070302591,1.0,1.0,0.9999045918367347,146.05882352941177,1.0,1.0,1.0,42000.0,545504.0,0.07387379334513523,0.9261262066548648,42000.0,0.0,259260.0,333488.5285703243,0.0,0.0,0.0,0.0,0.0,0.0,0.0,0.0,0.0,0.0,0.0,0.0,0.0,0.0
43000.0,3.315240755,3.5797271965234855E-7,43000.0,1.0,1.0,1.0,?,0.9999045918367347,1.7976931348623157E308,?,1.0,1.0,43000.0,546512.0,0.07387379334513523,0.9261262066548648,43000.0,0.0,259764.0,334201.2922057603,0.0,0.0,0.0,0.0,0.0,0.0,0.0,0.0,0.0,0.0,0.0,0.0,0.0,0.0
44000.0,3.415935095,3.723879972064433E-7,44000.0,0.9997999799979999,0.02364814657822001,0.9999,0.0,0.9999045918367347,9999.0,0.0,1.0,0.9799086757990891,44000.0,553376.0,0.06698122976317449,0.9330187702368256,44000.0,0.0,263136.0,338121.49220065854,0.0,0.0,0.0,0.0,0.0,0.0,0.0,0.0,0.0,0.0,0.0,0.0,0.0,0.0
45000.0,3.503756787,3.854235573371852E-7,45000.0,0.9997999799979999,0.0236501820392071,0.9999,0.0,0.9999045918367347,9999.0,0.0,1.0,0.9794520547945229,45000.0,573760.0,0.060689613279991575,0.9393103867200084,45000.0,0.0,273320.0,323719.1412814509,0.0,0.0,0.0,0.0,0.0,0.0,0.0,0.0,0.0,0.0,0.0,0.0,0.0,0.0
46000.0,3.62797066,4.0387708177597163E-7,46000.0,0.9997999799979999,0.023649376616448614,0.9999,0.0,0.9999045918367347,9999.0,0.0,1.0,0.9789954337899566,46000.0,574264.0,0.060689613279991575,0.9393103867200084,46000.0,0.0,273572.0,323362.75946373295,0.0,0.0,0.0,0.0,0.0,0.0,0.0,0.0,0.0,0.0,0.0,0.0,0.0,0.0
47000.0,3.739447727,4.217677660008748E-7,47000.0,0.9997999599919984,0.06036158875355058,0.9998,0.0,0.9999045918367347,4999.0,0.0,1.0,0.9572727272727317,47000.0,620360.0,0.0497320483250827,0.9502679516749173,47000.0,0.0,296552.0,325732.98139427026,0.0,0.0,0.0,0.0,0.0,0.0,0.0,0.0,0.0,0.0,0.0,0.0,0.0,0.0
48000.0,3.814319361,4.3390831665622075E-7,48000.0,0.999749949989998,0.06034886912786841,0.9998,0.0,0.9999045918367347,4999.0,0.0,1.0,0.9563636363636416,48000.0,626792.0,0.0497320483250827,0.9502679516749173,48000.0,0.0,299768.0,329330.7406969474,0.0,0.0,0.0,0.0,0.0,0.0,0.0,0.0,0.0,0.0,0.0,0.0,0.0,0.0
49000.0,3.893190051,4.4677730369849137E-7,49000.0,0.9998499699939988,0.06035365792916736,0.9998,0.0,0.9999045918367347,4999.0,0.0,1.0,0.9554545454545509,49000.0,630712.0,0.0497320483250827,0.9502679516749173,49000.0,0.0,301728.0,330914.6598868053,0.0,0.0,0.0,0.0,0.0,0.0,0.0,0.0,0.0,0.0,0.0,0.0,0.0,0.0
50000.0,4.02407065,4.6855860156844684E-7,50000.0,0.9987244897959183,0.05419242867918783,0.9996,0.0,0.9999045918367347,2499.0,0.0,1.0,0.9099099099099198,50000.0,643296.0,0.0497320483250827,0.9502679516749173,50000.0,0.0,308020.0,336792.1314520278,0.0,0.0,0.0,0.0,0.0,0.0,0.0,0.0,0.0,0.0,0.0,0.0,0.0,0.0
51000.0,4.150846481,4.916707773499915E-7,51000.0,0.997874149659864,0.054185780796491056,0.9996,0.0,0.9987244897959183,2499.0,0.0,1.0,0.9081081081081176,51000.0,704704.0,0.0497320483250827,0.9502679516749173,51000.0,0.0,338724.0,379976.55679265264,0.0,0.0,0.0,0.0,0.0,0.0,0.0,0.0,0.0,0.0,0.0,0.0,0.0,0.0
52000.0,4.296880312,5.213548398704393E-7,52000.0,0.9998447289903326,0.9061979394877706,0.9996,0.9634355249470311,0.9987244897959183,174.43859649122808,0.964274111134126,1.0,0.9243636363636444,52000.0,785728.0,0.0497320483250827,0.9502679516749173,52000.0,0.0,379228.0,409595.8456429948,0.0,0.0,0.0,0.0,0.0,0.0,0.0,0.0,0.0,0.0,0.0,0.0,0.0,0.0
53000.0,4.438497745,5.504635897299462E-7,53000.0,0.9999359482461829,0.9721017278537577,0.9996,0.9898949070331459,0.9987244897959183,48.01960784313726,0.9901475429766743,1.0,0.9497630331753608,53000.0,794528.0,0.0497320483250827,0.9502679516749173,53000.0,0.0,383628.0,415343.20956047904,0.0,0.0,0.0,0.0,0.0,0.0,0.0,0.0,0.0,0.0,0.0,0.0,0.0,0.0
54000.0,4.590338269,5.823153429738992E-7,54000.0,0.999921057567135,0.9767457298343052,0.9997,0.9924027552674238,0.9987244897959183,48.26108374384236,0.9925833339709302,1.0,0.9616113744075873,54000.0,810864.0,0.0497320483250827,0.9502679516749173,54000.0,0.0,391796.0,426894.5059379425,0.0,0.0,0.0,0.0,0.0,0.0,0.0,0.0,0.0,0.0,0.0,0.0,0.0,0.0
55000.0,4.730092409,6.117540690053069E-7,55000.0,0.9999235716573537,0.9767461075422985,0.9997,0.9924027552674238,0.9987244897959183,48.26108374384236,0.9925833339709302,1.0,0.9609004739336536,55000.0,814248.0,0.0497320483250827,0.9502679516749173,55000.0,0.0,393488.0,428812.1795285204,0.0,0.0,0.0,0.0,0.0,0.0,0.0,0.0,0.0,0.0,0.0,0.0,0.0,0.0
56000.0,4.874126919,6.422187456341897E-7,56000.0,0.9999125096603917,0.976742611817561,0.9997,0.9924027552674238,0.9987244897959183,48.26108374384236,0.9925833339709302,1.0,0.9601895734597201,56000.0,817584.0,0.0497320483250827,0.9502679516749173,56000.0,0.0,395156.0,431171.0877505587,0.0,0.0,0.0,0.0,0.0,0.0,0.0,0.0,0.0,0.0,0.0,0.0,0.0,0.0
57000.0,5.104170892,7.001896731251997E-7,57000.0,0.9972943322105914,0.9456953437033934,0.999,0.9752179457758741,0.9987244897959183,46.39336492890995,0.9760156940700749,1.0,0.8677494199535953,57000.0,974096.0,0.029976777402664332,0.9700232225973356,57000.0,0.0,473192.0,397065.91348036914,0.0,0.0,0.0,0.0,0.0,0.0,0.0,0.0,0.0,0.0,0.0,0.0,0.0,0.0
58000.0,5.239161392,7.360586210461066E-7,58000.0,0.9972691564523289,0.9456919956094159,0.999,0.9752179457758741,0.9987244897959183,46.39336492890995,0.9760156940700749,1.0,0.8654292343387469,58000.0,1027112.0,0.029976777402664332,0.9700232225973356,58000.0,0.0,499700.0,430990.06841457495,0.0,0.0,0.0,0.0,0.0,0.0,0.0,0.0,0.0,0.0,0.0,0.0,0.0,0.0
59000.0,5.347736368,7.649368914681944E-7,59000.0,0.9972556002748031,0.9456952422817131,0.999,0.9752179457758741,0.9987244897959183,46.39336492890995,0.9760156940700749,1.0,0.8631090487238985,59000.0,1028120.0,0.029976777402664332,0.9700232225973356,59000.0,0.0,500204.0,430277.30477913894,0.0,0.0,0.0,0.0,0.0,0.0,0.0,0.0,0.0,0.0,0.0,0.0,0.0,0.0
60000.0,5.462546786,7.955064264383396E-7,60000.0,0.9973352150862109,0.9542850948569733,0.9992,0.9800795919902026,0.9987244897959183,46.84688995215311,0.9806745066729723,1.0,0.8886310904872355,60000.0,1029224.0,0.029976777402664332,0.9700232225973356,60000.0,0.0,500756.0,430345.1870301328,0.0,0.0,0.0,0.0,0.0,0.0,0.0,0.0,0.0,0.0,0.0,0.0,0.0,0.0
61000.0,5.581952156,8.239570923041782E-7,61000.0,0.9973272046305754,0.9497122947344342,0.9991,0.9776429731864722,0.9973352150862109,46.61904761904762,0.9783367810436533,1.0,0.8729166666666642,61000.0,921024.0,0.022032052659823588,0.9779679473401764,61000.0,0.0,447012.0,572807.4044493489,0.0,0.0,0.0,0.0,0.0,0.0,0.0,0.0,0.0,0.0,0.0,0.0,0.0,0.0
62000.0,5.67309362,8.457597206298988E-7,62000.0,0.9964325256851032,0.9427661084131786,0.9991,0.9700352385594537,0.9973352150862109,62.69426751592356,0.9709145993524193,1.0,0.8708333333333319,62000.0,924688.0,0.022032052659823588,0.9779679473401764,62000.0,0.0,448844.0,574685.4800601804,0.0,0.0,0.0,0.0,0.0,0.0,0.0,0.0,0.0,0.0,0.0,0.0,0.0,0.0
63000.0,5.80575896,8.783286146064084E-7,63000.0,0.9568503047123115,0.1471517461172568,0.9987,0.13317152535134588,0.9973352150862109,713.2857142857143,0.2672612419124244,1.0,0.8121559633027559,63000.0,948960.0,0.019872630878842425,0.9801273691211576,63000.0,0.0,460920.0,589251.8797526233,0.0,0.0,0.0,0.0,0.0,0.0,0.0,0.0,0.0,0.0,0.0,0.0,0.0,0.0
64000.0,5.93235872,9.110305428688209E-7,64000.0,0.9548010071242596,0.14775083156660518,0.9987,0.13317152535134588,0.9973352150862109,713.2857142857143,0.2672612419124244,1.0,0.8091743119266102,64000.0,998488.0,0.01792098149598381,0.9820790185040162,64000.0,0.0,485676.0,595219.8609858378,0.0,0.0,0.0,0.0,0.0,0.0,0.0,0.0,0.0,0.0,0.0,0.0,0.0,0.0
65000.0,6.088885631,9.516271824670192E-7,65000.0,0.9541429429773111,0.14778075087622322,0.9987,0.13317152535134588,0.9973352150862109,713.2857142857143,0.2672612419124244,1.0,0.8061926605504633,65000.0,1002544.0,0.01792098149598381,0.9820790185040162,65000.0,0.0,487704.0,597850.2982118517,0.0,0.0,0.0,0.0,0.0,0.0,0.0,0.0,0.0,0.0,0.0,0.0,0.0,0.0
66000.0,6.254931622,9.952779152003513E-7,66000.0,0.9535742897198936,0.1478416634905816,0.9987,0.13317152535134588,0.9973352150862109,713.2857142857143,0.2672612419124244,1.0,0.8032110091743171,66000.0,1016168.0,0.01792098149598381,0.9820790185040162,66000.0,0.0,494516.0,606771.1573633011,0.0,0.0,0.0,0.0,0.0,0.0,0.0,0.0,0.0,0.0,0.0,0.0,0.0,0.0
67000.0,6.409468704,1.0359098633871478E-6,67000.0,0.9856728364182091,0.13755920200217153,0.9995,0.0,0.9973352150862109,1999.0,0.0,1.0,0.9231651376146879,67000.0,1016336.0,0.01792098149598381,0.9820790185040162,67000.0,0.0,494600.0,606652.3634240618,0.0,0.0,0.0,0.0,0.0,0.0,0.0,0.0,0.0,0.0,0.0,0.0,0.0,0.0
68000.0,6.55707816,1.0747331834131482E-6,68000.0,0.9883341670835418,0.13758372313070455,0.9995,0.0,0.9973352150862109,1999.0,0.0,1.0,0.9220183486238617,68000.0,1016672.0,0.01792098149598381,0.9820790185040162,68000.0,0.0,494768.0,606414.7755455831,0.0,0.0,0.0,0.0,0.0,0.0,0.0,0.0,0.0,0.0,0.0,0.0,0.0,0.0
69000.0,6.700663164,1.1141145911734306E-6,69000.0,0.9911223570785264,0.16639708343896265,0.9993,0.0,0.9973352150862109,1427.5714285714287,0.0,1.0,0.8897260273972545,69000.0,1060192.0,0.01792098149598381,0.9820790185040162,69000.0,0.0,516528.0,634167.3024935927,0.0,0.0,0.0,0.0,0.0,0.0,0.0,0.0,0.0,0.0,0.0,0.0,0.0,0.0
70000.0,6.855884301,1.1569206943889834E-6,70000.0,0.9921230575688696,0.1664006801110698,0.9993,0.0,0.9973352150862109,1427.5714285714287,0.0,1.0,0.888127853881273,70000.0,1066000.0,0.01792098149598381,0.9820790185040162,70000.0,0.0,519432.0,638274.1786787242,0.0,0.0,0.0,0.0,0.0,0.0,0.0,0.0,0.0,0.0,0.0,0.0,0.0,0.0
71000.0,6.987569556,1.1936542617102838E-6,71000.0,0.9943674858114966,0.23267578124331123,0.9993,0.0,0.9921230575688696,1427.5714285714287,0.0,1.0,0.8867881548974891,71000.0,1078272.0,0.01792098149598381,0.9820790185040162,71000.0,0.0,525568.0,646714.2052189668,0.0,0.0,0.0,0.0,0.0,0.0,0.0,0.0,0.0,0.0,0.0,0.0,0.0,0.0
72000.0,7.090935214,1.2227595571744194E-6,72000.0,0.993566925419222,0.23263136608465396,0.9993,0.0,0.9921230575688696,1427.5714285714287,0.0,1.0,0.8851936218678755,72000.0,1088424.0,0.01792098149598381,0.9820790185040162,72000.0,0.0,530644.0,653417.5775046153,0.0,0.0,0.0,0.0,0.0,0.0,0.0,0.0,0.0,0.0,0.0,0.0,0.0,0.0
73000.0,7.224826275,1.2605977951130975E-6,73000.0,0.9998332833183289,0.31808700704888715,0.9997,0.0,0.9921230575688696,3332.3333333333335,0.0,1.0,0.9501138952164067,73000.0,1092400.0,0.01792098149598381,0.9820790185040162,73000.0,0.0,532632.0,655991.4461881344,0.0,0.0,0.0,0.0,0.0,0.0,0.0,0.0,0.0,0.0,0.0,0.0,0.0,0.0
74000.0,7.341437298,1.2935576818819986E-6,74000.0,0.9998332833183289,0.3182101757926057,0.9997,0.0,0.9921230575688696,3332.3333333333335,0.0,1.0,0.9494305239180013,74000.0,1092568.0,0.01792098149598381,0.9820790185040162,74000.0,0.0,532716.0,655872.652248895,0.0,0.0,0.0,0.0,0.0,0.0,0.0,0.0,0.0,0.0,0.0,0.0,0.0,0.0
75000.0,7.441513192,1.3218439454759347E-6,75000.0,0.9998332833183289,0.3183036879619032,0.9997,0.0,0.9921230575688696,3332.3333333333335,0.0,1.0,0.948747152619596,75000.0,1092568.0,0.01792098149598381,0.9820790185040162,75000.0,0.0,532716.0,655872.652248895,0.0,0.0,0.0,0.0,0.0,0.0,0.0,0.0,0.0,0.0,0.0,0.0,0.0,0.0
76000.0,7.610033121,1.3698412978513788E-6,76000.0,0.9998666266546631,0.31835056394170247,0.9997,0.0,0.9921230575688696,3332.3333333333335,0.0,1.0,0.9480637813211903,76000.0,1100952.0,0.01792098149598381,0.9820790185040162,76000.0,0.0,536908.0,661801.035502363,0.0,0.0,0.0,0.0,0.0,0.0,0.0,0.0,0.0,0.0,0.0,0.0,0.0,0.0
77000.0,7.770125549,1.4183076563412781E-6,77000.0,0.9999954963610598,0.9738141294749586,0.9996,0.9898949070331459,0.9921230575688696,48.01960784313726,0.9901475429766743,1.0,0.951875000000005,77000.0,1170232.0,0.005127349998021074,0.994872650001979,77000.0,0.0,571492.0,647308.1749151635,0.0,0.0,0.0,0.0,0.0,0.0,0.0,0.0,0.0,0.0,0.0,0.0,0.0,0.0
78000.0,7.988474475,1.4845746169226122E-6,78000.0,0.9999606568806882,0.9690766601570547,0.9995,0.9873991935483885,0.9921230575688696,47.78048780487805,0.9877295966495896,1.0,0.9391575663026585,78000.0,1173136.0,0.004616982286630789,0.9953830177133692,78000.0,0.0,572972.0,679495.6755947752,0.0,0.0,0.0,0.0,0.0,0.0,0.0,0.0,0.0,0.0,0.0,0.0,0.0,0.0
79000.0,8.157574126,1.5361919839618212E-6,79000.0,0.9999784896440289,0.980212652100853,0.9997,0.9936351138041659,0.9921230575688696,40.1522633744856,0.9938079899999065,1.0,0.9651982378854663,79000.0,1179928.0,0.004616982286630789,0.9953830177133692,79000.0,0.0,576368.0,684060.7569741156,0.0,0.0,0.0,0.0,0.0,0.0,0.0,0.0,0.0,0.0,0.0,0.0,0.0,0.0
80000.0,8.327426276,1.5935763029908453E-6,80000.0,0.999986772958542,0.9817508370676084,0.9993,0.99167033965023,0.9921230575688696,21.573363431151243,0.9920678634036051,1.0,0.9364358683314383,80000.0,1165800.0,0.005127349998021074,0.994872650001979,80000.0,0.0,569272.0,710512.207444742,0.0,0.0,0.0,0.0,0.0,0.0,0.0,0.0,0.0,0.0,0.0,0.0,0.0,0.0
81000.0,8.483142237,1.6416055861180216E-6,81000.0,0.9999846140590574,0.9828502871144488,0.9994,0.9928525276321276,0.999986772958542,21.624434389140273,0.9931894780788386,1.0,0.9448354143019254,81000.0,1192272.0,0.004616982286630789,0.9953830177133692,81000.0,0.0,582508.0,723449.433113331,0.0,0.0,0.0,0.0,0.0,0.0,0.0,0.0,0.0,0.0,0.0,0.0,0.0,0.0
82000.0,8.600444224,1.6781680335627063E-6,82000.0,0.9999886380743809,0.9829008602627474,0.9994,0.9928525276321276,0.999986772958542,21.624434389140273,0.9931894780788386,1.0,0.9441543700340478,82000.0,1204848.0,0.004616982286630789,0.9953830177133692,82000.0,0.0,588796.0,731866.8322365757,0.0,0.0,0.0,0.0,0.0,0.0,0.0,0.0,0.0,0.0,0.0,0.0,0.0,0.0
83000.0,8.778550582,1.7342339736707696E-6,83000.0,0.9999881646608134,0.9828846763007795,0.9994,0.9928525276321276,0.999986772958542,21.624434389140273,0.9931894780788386,1.0,0.9434733257661706,83000.0,1216808.0,0.004616982286630789,0.9953830177133692,83000.0,0.0,594776.0,739611.0657041307,0.0,0.0,0.0,0.0,0.0,0.0,0.0,0.0,0.0,0.0,0.0,0.0,0.0,0.0
84000.0,8.900898672,1.7728741717284939E-6,84000.0,0.999986744420111,0.9828575135516253,0.9994,0.9928525276321276,0.999986772958542,21.624434389140273,0.9931894780788386,1.0,0.9427922814982931,84000.0,1220800.0,0.004616982286630789,0.9953830177133692,84000.0,0.0,596772.0,742196.2480961487,0.0,0.0,0.0,0.0,0.0,0.0,0.0,0.0,0.0,0.0,0.0,0.0,0.0,0.0
85000.0,9.0831127,1.830445098069751E-6,85000.0,0.999986744420111,0.9828553965192003,0.9994,0.9928525276321276,0.999986772958542,21.624434389140273,0.9931894780788386,1.0,0.9421112372304157,85000.0,1221304.0,0.004616982286630789,0.9953830177133692,85000.0,0.0,597024.0,741839.8662784308,0.0,0.0,0.0,0.0,0.0,0.0,0.0,0.0,0.0,0.0,0.0,0.0,0.0,0.0
86000.0,9.208925094,1.8702976124180045E-6,86000.0,0.9999886625358931,0.9825008410763679,0.9994,0.9928680259099859,0.999986772958542,21.573363431151243,0.9932049043079224,1.0,0.9414965986394516,86000.0,1224432.0,0.004616982286630789,0.9953830177133692,86000.0,0.0,598588.0,743802.7947030046,0.0,0.0,0.0,0.0,0.0,0.0,0.0,0.0,0.0,0.0,0.0,0.0,0.0,0.0
87000.0,9.403499691,1.9319397973455983E-6,87000.0,0.9999839080965989,0.9815854004086075,0.9995,0.9893054808127504,0.999986772958542,40.32231404958678,0.98961550259442,1.0,0.9506802721088491,87000.0,1224600.0,0.004616982286630789,0.9953830177133692,87000.0,0.0,598672.0,743684.0007637653,0.0,0.0,0.0,0.0,0.0,0.0,0.0,0.0,0.0,0.0,0.0,0.0,0.0,0.0
88000.0,9.600119296,1.9953419770069913E-6,88000.0,0.9999987244458673,0.9855796200966199,0.9996,0.9914269168235194,0.999986772958542,40.49377593360996,0.9916665213803257,1.0,0.96009070294785,88000.0,1246464.0,0.004616982286630789,0.9953830177133692,88000.0,0.0,609596.0,731979.9693215655,0.0,0.0,0.0,0.0,0.0,0.0,0.0,0.0,0.0,0.0,0.0,0.0,0.0,0.0
89000.0,9.786161625,2.055333396315773E-6,89000.0,0.9999984768473177,0.9827582702772123,0.9996,0.9897457089637384,0.999986772958542,48.75124378109453,0.9899997487310601,1.0,0.9596371882086211,89000.0,1246464.0,0.004616982286630789,0.9953830177133692,89000.0,0.0,609596.0,731979.9693215655,0.0,0.0,0.0,0.0,0.0,0.0,0.0,0.0,0.0,0.0,0.0,0.0,0.0,0.0
90000.0,9.985758777,2.118456870006323E-6,90000.0,0.9999982355567083,0.9048790715322674,0.9998,0.9820423262370612,0.999986772958542,174.43859649122808,0.9822994862575031,1.0,0.9808102345415799,90000.0,1222472.0,0.004616982286630789,0.9953830177133692,90000.0,0.0,597516.0,637759.4049420204,0.0,0.0,0.0,0.0,0.0,0.0,0.0,0.0,0.0,0.0,0.0,0.0,0.0,0.0
91000.0,10.184625796,2.1846325802442888E-6,91000.0,0.9999964632103137,0.972813626990844,0.9997,0.9924027475716657,0.9999982355567083,48.504950495049506,0.9949864113479617,0.9998979383547663,0.9747922437673159,91000.0,1286288.0,0.004616982286630789,0.9953830177133692,91000.0,0.0,629424.0,665506.2750357805,0.0,0.0,0.0,0.0,0.0,0.0,0.0,0.0,0.0,0.0,0.0,0.0,0.0,0.0
92000.0,10.340130244,2.236285150772081E-6,92000.0,0.9999964632103137,0.9727799644827824,0.9997,0.9924027475716657,0.9999982355567083,48.504950495049506,0.9949864113479617,0.9998979383547663,0.9745152354570666,92000.0,1283960.0,0.004616982286630789,0.9953830177133692,92000.0,0.0,628260.0,662434.6031783062,0.0,0.0,0.0,0.0,0.0,0.0,0.0,0.0,0.0,0.0,0.0,0.0,0.0,0.0
93000.0,10.544456021,2.2983143937000034E-6,93000.0,0.9999964632103137,0.9728091235922719,0.9997,0.9924027475716657,0.9999982355567083,48.504950495049506,0.9949864113479617,0.9998979383547663,0.9742382271468172,93000.0,1173480.0,0.004616982286630789,0.9953830177133692,93000.0,0.0,573180.0,749448.335243998,0.0,0.0,0.0,0.0,0.0,0.0,0.0,0.0,0.0,0.0,0.0,0.0,0.0,0.0
94000.0,10.711587292,2.349110234710421E-6,94000.0,0.9999964632103137,0.9728357704598904,0.9997,0.9924027475716657,0.9999982355567083,48.504950495049506,0.9949864113479617,0.9998979383547663,0.9739612188365678,94000.0,1174824.0,0.004616982286630789,0.9953830177133692,94000.0,0.0,573852.0,748497.9837300832,0.0,0.0,0.0,0.0,0.0,0.0,0.0,0.0,0.0,0.0,0.0,0.0,0.0,0.0
95000.0,11.025979826,2.4400320604004587E-6,95000.0,0.9999511744757914,0.9443236585580459,0.9984,0.9722397266168269,0.9999982355567083,32.11258278145695,0.9780887568639998,0.9996906578676016,0.8715131022823295,95000.0,1117888.0,0.005693811757167655,0.9943061882428323,95000.0,0.0,545328.0,641430.703349941,0.0,0.0,0.0,0.0,0.0,0.0,0.0,0.0,0.0,0.0,0.0,0.0,0.0,0.0
96000.0,11.228885251,2.499913841512758E-6,96000.0,0.9999479344892562,0.9447303167562613,0.9984,0.9721488130694472,0.9999982355567083,32.222591362126245,0.9780156848972351,0.9996906897618311,0.870160608622143,96000.0,1140784.0,0.004616982286630789,0.9953830177133692,96000.0,0.0,556776.0,655957.5050626374,0.0,0.0,0.0,0.0,0.0,0.0,0.0,0.0,0.0,0.0,0.0,0.0,0.0,0.0
96554.0,11.383169799,2.545581936498889E-6,96554.0,0.9999479344892562,0.9447304841769745,0.9984,0.9721488130694472,0.9999982355567083,32.222591362126245,0.9780156848972351,0.9996906897618311,0.8694113271344002,96554.0,1144176.0,0.004616982286630789,0.9953830177133692,96554.0,0.0,558472.0,657880.8355074648,0.0,0.0,0.0,0.0,0.0,0.0,0.0,0.0,0.0,0.0,0.0,0.0,0.0,0.0
