learning evaluation instances,evaluation time (cpu seconds),model cost (RAM-Hours),classified instances,AUC,sAUC,Accuracy,Kappa,Periodical holdout AUC,Pos/Neg ratio,G-Mean,Recall,KappaM,model training instances,model serialized size (bytes),ensemble size,[avg] model training instances,[err] model training instances,[avg] model serialized size (bytes),[err] model serialized size (bytes),[avg] tree size (nodes),[err] tree size (nodes),[avg] tree size (leaves),[err] tree size (leaves),[avg] active learning leaves,[err] active learning leaves,[avg] tree depth,[err] tree depth,[avg] active leaf byte size estimate,[err] active leaf byte size estimate,[avg] inactive leaf byte size estimate,[err] inactive leaf byte size estimate,[avg] byte size estimate overhead,[err] byte size estimate overhead
1000.0,0.267950949,1.0096743140872568E-8,1000.0,1.0,1.0,0.997,0.0,0.0,1.7976931348623157E308,?,0.997,-Infinity,1000.0,145656.0,5.0,609.4,226.83650499864436,20504.0,0.0,1.0,0.0,1.0,0.0,1.0,0.0,0.0,0.0,0.0,0.0,0.0,0.0,1.0,0.0
2000.0,0.456575676,1.7253557941429314E-8,2000.0,1.0,1.0,0.9985,0.0,0.0,1.7976931348623157E308,?,0.9985,-Infinity,2000.0,146664.0,5.0,1212.2,457.1495378976118,20705.6,75.13188404399283,1.0,0.0,1.0,0.0,1.0,0.0,0.0,0.0,0.0,0.0,0.0,0.0,1.0,0.0
3000.0,0.521113961,1.970227482302114E-8,3000.0,1.0,1.0,0.999,0.0,0.0,1.7976931348623157E308,?,0.999,-Infinity,3000.0,146664.0,5.0,1794.0,665.6181337674027,20705.6,75.13188404399283,1.0,0.0,1.0,0.0,1.0,0.0,0.0,0.0,0.0,0.0,0.0,0.0,1.0,0.0
4000.0,0.632736253,2.3961713428578026E-8,4000.0,1.0,1.0,0.99925,0.0,0.0,1.7976931348623157E308,?,0.99925,-Infinity,4000.0,147504.0,5.0,2387.2,893.73720969869,20873.6,75.13188404399283,1.0,0.0,1.0,0.0,1.0,0.0,0.0,0.0,0.0,0.0,0.0,0.0,1.0,0.0
5000.0,0.67059128,2.54062381783314E-8,5000.0,1.0,1.0,0.9994,0.0,0.0,1.7976931348623157E308,?,0.9994,-Infinity,5000.0,147504.0,5.0,2982.0,1133.504962494651,20873.6,75.13188404399283,1.0,0.0,1.0,0.0,1.0,0.0,0.0,0.0,0.0,0.0,0.0,0.0,1.0,0.0
6000.0,0.706025181,2.675837423610811E-8,6000.0,1.0,1.0,0.9995,0.0,0.0,1.7976931348623157E308,?,0.9995,-Infinity,6000.0,147504.0,5.0,3582.4,1351.1738600195017,20873.6,75.13188404399283,1.0,0.0,1.0,0.0,1.0,0.0,0.0,0.0,0.0,0.0,0.0,0.0,1.0,0.0
7000.0,0.737788264,2.7975956030034764E-8,7000.0,1.0,1.0,0.9995714285714286,0.0,0.0,1.7976931348623157E308,?,0.9995714285714286,-Infinity,7000.0,148176.0,5.0,4178.6,1605.9854607062919,21008.0,0.0,1.0,0.0,1.0,0.0,1.0,0.0,0.0,0.0,0.0,0.0,0.0,0.0,1.0,0.0
8000.0,0.758493302,2.877054703889414E-8,8000.0,1.0,1.0,0.999625,0.0,0.0,1.7976931348623157E308,?,0.999625,-Infinity,8000.0,148344.0,5.0,4780.8,1846.8232725412577,21041.6,75.13188404399283,1.0,0.0,1.0,0.0,1.0,0.0,0.0,0.0,0.0,0.0,0.0,0.0,1.0,0.0
9000.0,0.831307219,3.156490480670084E-8,9000.0,1.0,1.0,0.9996666666666667,0.0,0.0,1.7976931348623157E308,?,0.9996666666666667,-Infinity,9000.0,148344.0,5.0,5379.0,2069.1802724750687,21041.6,75.13188404399283,1.0,0.0,1.0,0.0,1.0,0.0,0.0,0.0,0.0,0.0,0.0,0.0,1.0,0.0
10000.0,0.967481001,3.6790805035407336E-8,10000.0,1.0,1.0,0.9997,0.0,0.0,1.7976931348623157E308,?,0.9997,-Infinity,10000.0,148344.0,5.0,5980.4,2289.7925233522797,21041.6,75.13188404399283,1.0,0.0,1.0,0.0,1.0,0.0,0.0,0.0,0.0,0.0,0.0,0.0,1.0,0.0
11000.0,1.071340671,4.0776596317949386E-8,11000.0,1.0,1.0,1.0,?,1.0,1.7976931348623157E308,?,1.0,?,11000.0,148344.0,5.0,6578.2,2527.2462681741167,21041.6,75.13188404399283,1.0,0.0,1.0,0.0,1.0,0.0,0.0,0.0,0.0,0.0,0.0,0.0,1.0,0.0
12000.0,1.120101719,4.264788437467068E-8,12000.0,1.0,1.0,1.0,?,1.0,1.7976931348623157E308,?,1.0,?,12000.0,148344.0,5.0,7176.0,2752.8461635187678,21041.6,75.13188404399283,1.0,0.0,1.0,0.0,1.0,0.0,0.0,0.0,0.0,0.0,0.0,0.0,1.0,0.0
13000.0,1.165612739,4.4396425072662525E-8,13000.0,1.0,1.0,1.0,?,1.0,1.7976931348623157E308,?,1.0,?,13000.0,148512.0,5.0,7772.4,2967.313313420071,21075.2,92.01738966086799,1.0,0.0,1.0,0.0,1.0,0.0,0.0,0.0,0.0,0.0,0.0,0.0,1.0,0.0
14000.0,1.246617462,4.79648093082942E-8,14000.0,0.4942994299429943,-0.4942994299429943,0.9999,0.0,1.0,9999.0,0.0,1.0,-0.39999999999906743,14000.0,170280.0,5.0,13929.4,1713.8107538465265,25305.6,8853.846892735382,3.0,0.0,2.0,0.0,2.0,0.0,1.0,0.0,0.0,0.0,0.0,0.0,1.0,0.0
15000.0,1.505384672,7.969109571877246E-8,15000.0,0.8446769881774385,-0.03475330748087113,0.9988,0.14225672256296953,1.0,1427.5714285714287,0.3778509872018322,0.9993995797057941,-1.5714285714288094,15000.0,473928.0,5.0,24742.0,6414.51124404658,85454.4,14280.958399211167,11.8,4.604345773288535,6.4,2.3021728866442674,6.4,2.3021728866442674,3.8,1.3038404810405297,0.0,0.0,0.0,0.0,1.0,0.0
16000.0,1.651829995,1.0280731837440076E-7,16000.0,0.9168836370919287,0.2095055028774988,0.9985,0.3992598881822655,1.0,713.2857142857143,0.5974347420496925,0.9993991588223513,-0.7142857142857324,16000.0,610160.0,5.0,27521.0,7397.581665652634,112662.4,53635.720157372736,14.2,5.585696017507576,7.6,2.792848008753788,7.6,2.792848008753788,4.0,2.345207879911715,0.0,0.0,0.0,0.0,1.0,0.0
17000.0,1.720992649,1.1375462155430061E-7,17000.0,0.9163257131412549,0.20978105160111105,0.9985,0.3992598881822655,1.0,713.2857142857143,0.5974347420496925,0.9993991588223513,-0.8214285714285907,17000.0,611840.0,5.0,28079.8,7304.3436529232395,112998.4,53459.29154786846,14.2,5.585696017507576,7.6,2.792848008753788,7.6,2.792848008753788,4.0,2.345207879911715,0.0,0.0,0.0,0.0,1.0,0.0
18000.0,1.808811405,1.286466876803111E-7,18000.0,0.9158822351291809,0.20990400051775782,0.9984,0.3838190892845792,1.0,713.2857142857143,0.5974048096995622,0.9992990186260765,-1.0571428571429469,18000.0,655496.0,5.0,29605.4,7675.121940399384,121651.2,62657.361221168576,15.4,6.06630035524124,8.2,3.0331501776206204,8.2,3.0331501776206204,4.2,2.04939015319192,0.0,0.0,0.0,0.0,1.0,0.0
19000.0,1.873711501,1.3967201437946206E-7,19000.0,0.9150381963320077,0.21032042912722737,0.9984,0.3838190892845792,1.0,713.2857142857143,0.5974048096995622,0.9992990186260765,-1.171428571428666,19000.0,656672.0,5.0,29951.6,7295.498838324903,121886.4,62405.99289170872,15.4,6.06630035524124,8.2,3.0331501776206204,8.2,3.0331501776206204,4.2,2.04939015319192,0.0,0.0,0.0,0.0,1.0,0.0
20000.0,1.939235211,1.5081752043608787E-7,20000.0,0.9147806929701582,0.21044743412910027,0.9984,0.3838190892845792,1.0,713.2857142857143,0.5974048096995622,0.9992990186260765,-1.2857142857142403,20000.0,657512.0,5.0,30306.6,6922.069798839074,122054.4,62297.48974718002,15.4,6.06630035524124,8.2,3.0331501776206204,8.2,3.0331501776206204,4.2,2.04939015319192,0.0,0.0,0.0,0.0,1.0,0.0
21000.0,2.005668348,1.6212349355332143E-7,21000.0,0.9144802723813339,0.21059185475881836,0.9984,0.3838190892845792,0.9147806929701582,713.2857142857143,0.5974048096995622,0.9992990186260765,-1.3999999999999333,21000.0,657848.0,5.0,30647.8,6567.792490631841,122121.6,62354.67748934317,15.4,6.06630035524124,8.2,3.0331501776206204,8.2,3.0331501776206204,4.2,2.04939015319192,0.0,0.0,0.0,0.0,1.0,0.0
22000.0,2.074290884,1.738110185375686E-7,22000.0,0.9140654058539097,0.21079445833919386,0.9984,0.3838190892845792,0.9147806929701582,713.2857142857143,0.5974048096995622,0.9992990186260765,-1.5142857142857042,22000.0,658352.0,5.0,31000.8,6206.114299624203,122222.4,62305.929964972034,15.4,6.06630035524124,8.2,3.0331501776206204,8.2,3.0331501776206204,4.2,2.04939015319192,0.0,0.0,0.0,0.0,1.0,0.0
23000.0,2.141363669,1.852550016142987E-7,23000.0,0.9138937369460102,0.21087713319315182,0.9984,0.3838190892845792,0.9147806929701582,713.2857142857143,0.5974048096995622,0.9992990186260765,-1.6285714285714807,23000.0,659528.0,5.0,31363.0,5861.505651281077,122457.6,62216.59981709062,15.4,6.06630035524124,8.2,3.0331501776206204,8.2,3.0331501776206204,4.2,2.04939015319192,0.0,0.0,0.0,0.0,1.0,0.0
24000.0,2.208980124,1.9680643950224133E-7,24000.0,0.9487564603214949,0.26195663772441125,0.9985,0.39925026432991373,0.9147806929701582,768.2307692307693,0.6199562915162339,0.9992990888154601,-1.5714285714282723,24000.0,660368.0,5.0,31717.8,5530.795756489296,122625.6,62208.212293876444,15.4,6.06630035524124,8.2,3.0331501776206204,8.2,3.0331501776206204,4.2,2.04939015319192,0.0,0.0,0.0,0.0,1.0,0.0
25000.0,2.293730738,2.1134607658132292E-7,25000.0,0.9895791633306645,0.3939832088549421,0.9995,0.6151477832512575,0.9147806929701582,1249.0,0.7070713966552277,0.9998999199359487,0.16666666666682087,25000.0,663152.0,5.0,34638.8,7625.31826876754,123110.4,62464.08411879582,16.6,6.6932802122726045,8.8,3.3466401061363023,8.8,3.3466401061363023,4.2,2.04939015319192,0.0,0.0,0.0,0.0,1.0,0.0
26000.0,2.371187181,2.2465966910473384E-7,26000.0,0.9147914791479148,2.900162297467812E-4,0.9998,-1.0001000150268746E-4,0.9147806929701582,9999.0,0.0,0.9998999899989999,0.6533333333333436,26000.0,664416.0,5.0,35019.0,7296.8279752232065,123339.2,62296.52821145011,17.0,6.928203230275509,9.0,3.4641016151377544,9.0,3.4641016151377544,4.2,2.04939015319192,0.0,0.0,0.0,0.0,1.0,0.0
27000.0,2.451914672,2.3909954745288736E-7,27000.0,0.971458104097896,0.1614641066584075,0.9996,-1.5002250357418483E-4,0.9147806929701582,3332.3333333333335,0.0,0.9998999699909973,0.3647058823530283,27000.0,691424.0,5.0,37423.0,9143.076396924615,128689.6,56463.05819560255,17.8,6.418722614352485,9.4,3.2093613071762426,9.4,3.2093613071762426,4.4,1.816590212458495,0.0,0.0,0.0,0.0,1.0,0.0
28000.0,2.528886951,2.5328366218283365E-7,28000.0,0.9709246107165483,0.16149186452010256,0.9997,0.0,0.9147806929701582,3332.3333333333335,0.0,1.0,0.5058823529411893,28000.0,712312.0,5.0,37781.0,8847.00881654359,132864.0,51903.81103541434,17.8,6.418722614352485,9.4,3.2093613071762426,9.4,3.2093613071762426,4.4,1.816590212458495,0.0,0.0,0.0,0.0,1.0,0.0
29000.0,2.619300918,2.706125881432949E-7,29000.0,0.9560074029611845,0.12254074967665396,0.9996,0.0,0.9147806929701582,2499.0,0.0,1.0,0.3555555555555794,29000.0,740864.0,5.0,38387.0,8535.75646911274,138547.2,55742.408014006716,18.2,6.723094525588645,9.6,3.361547262794322,9.6,3.361547262794322,4.4,1.816590212458495,0.0,0.0,0.0,0.0,1.0,0.0
30000.0,2.699752522,2.872157777591754E-7,30000.0,0.9299469787915166,0.1220086560395206,0.9995,-1.600256040124292E-4,0.9147806929701582,2499.0,0.0,0.9998999599839936,0.16666666666682087,30000.0,797736.0,5.0,38844.6,8290.939229062049,149888.0,65907.30775870002,18.6,6.985699678629192,9.8,3.492849839314596,9.8,3.492849839314596,4.4,1.816590212458495,0.0,0.0,0.0,0.0,1.0,0.0
31000.0,2.790482027,3.071264259401233E-7,31000.0,0.9054621848739496,0.12155099128858848,0.9995,-1.600256040124292E-4,0.9299469787915166,2499.0,0.0,0.9998999599839936,0.13888888888895792,31000.0,848280.0,5.0,39530.8,8109.145405034984,159966.4,74005.78083366192,19.0,7.3484692283495345,10.0,3.6742346141747673,10.0,3.6742346141747673,4.4,1.816590212458495,0.0,0.0,0.0,0.0,1.0,0.0
32000.0,2.873346312,3.262925204250279E-7,32000.0,0.9966582283765087,0.9330345590921978,0.9992,0.9695196293586922,0.9299469787915166,72.52941176470588,0.9738753775702728,0.9998986212489862,0.8293333333333268,32000.0,894064.0,5.0,42113.6,8144.98448740082,169044.8,69896.85168303363,20.2,7.9498427657407165,10.6,3.9749213828703582,10.6,3.9749213828703582,4.6,1.5165750888103102,0.0,0.0,0.0,0.0,1.0,0.0
33000.0,2.975616111,3.516686406796488E-7,33000.0,0.9976305855130946,0.9542358783021022,0.9992,0.9796913903680321,0.9299469787915166,48.01960784313726,0.9826432184966448,0.999897917517354,0.878899082568804,33000.0,959136.0,5.0,43154.8,8194.890157897175,182017.6,55503.07592197031,20.6,7.92464510246358,10.8,3.96232255123179,10.8,3.96232255123179,4.6,1.5165750888103102,0.0,0.0,0.0,0.0,1.0,0.0
34000.0,3.082867935,3.7833688284330696E-7,34000.0,0.9976360899606882,0.9542037418528584,0.9992,0.9796913903680321,0.9299469787915166,48.01960784313726,0.9826432184966448,0.999897917517354,0.8752293577981612,34000.0,961152.0,5.0,43688.6,8035.216630558258,182420.8,55621.63970254743,20.6,7.92464510246358,10.8,3.96232255123179,10.8,3.96232255123179,4.6,1.5165750888103102,0.0,0.0,0.0,0.0,1.0,0.0
35000.0,3.184079964,4.0352971878652155E-7,35000.0,0.999550480668909,0.9586675667337543,0.9993,0.9821865364824813,0.9299469787915166,48.26108374384236,0.9850605537727518,0.9998979279371236,0.8876146788990779,35000.0,962160.0,5.0,44060.2,7775.269107883019,182622.4,55425.67965122304,20.6,7.92464510246358,10.8,3.96232255123179,10.8,3.96232255123179,4.6,1.5165750888103102,0.0,0.0,0.0,0.0,1.0,0.0
36000.0,3.266071916,4.239281057640683E-7,36000.0,0.9993719802633861,0.9581291441410988,0.9993,0.9821865364824813,0.9299469787915166,48.26108374384236,0.9850605537727518,0.9998979279371236,0.8844036697247657,36000.0,961672.0,5.0,44623.8,7654.713430299007,182500.8,58262.04599222379,21.0,8.246211251235321,11.0,4.123105625617661,11.0,4.123105625617661,4.6,1.5165750888103102,0.0,0.0,0.0,0.0,1.0,0.0
37000.0,3.350508338,4.4496032904796516E-7,37000.0,0.999254670620771,0.9648597335767,0.9995,0.9872135973674345,0.9299469787915166,48.75124378109453,0.9899492320963171,0.9998979487702827,0.9151376146789082,37000.0,962848.0,5.0,44983.0,7424.845015217489,182736.0,58343.74468612724,21.0,8.246211251235321,11.0,4.123105625617661,11.0,4.123105625617661,4.6,1.5165750888103102,0.0,0.0,0.0,0.0,1.0,0.0
38000.0,3.435051146,4.6604109821898456E-7,38000.0,0.9991409418871557,0.9645697072941457,0.9995,0.9872135973674345,0.9299469787915166,48.75124378109453,0.9899492320963171,0.9998979487702827,0.9128440366972572,38000.0,963856.0,5.0,45349.4,7222.242678005219,182937.6,58394.09898953832,21.0,8.246211251235321,11.0,4.123105625617661,11.0,4.123105625617661,4.6,1.5165750888103102,0.0,0.0,0.0,0.0,1.0,0.0
39000.0,3.510070367,4.855189572179277E-7,39000.0,0.9995887755102041,0.969835575452044,0.9996,0.9897456931911415,0.9299469787915166,49.0,0.992421024462863,0.9998979591836735,0.9284403669724853,39000.0,1003624.0,5.0,45936.2,7128.954951463784,190884.8,65952.08360014111,21.0,8.246211251235321,11.0,4.123105625617661,11.0,4.123105625617661,4.6,1.5165750888103102,0.0,0.0,0.0,0.0,1.0,0.0
40000.0,3.592170842,5.068496535003704E-7,40000.0,0.9996183673469388,0.9706052234862619,0.9997,0.9922902960526324,0.9299469787915166,49.0,0.9924716620639604,1.0,0.9449541284403726,40000.0,1004296.0,5.0,46317.4,6944.776907863923,191019.2,65857.4036779465,21.0,8.246211251235321,11.0,4.123105625617661,11.0,4.123105625617661,4.6,1.5165750888103102,0.0,0.0,0.0,0.0,1.0,0.0
41000.0,3.654350332,5.230208515320699E-7,41000.0,0.9996387755102041,0.9712300477457679,0.9997,0.9922902960526324,0.9996183673469388,49.0,0.9924716620639604,1.0,0.9435779816513824,41000.0,1005304.0,5.0,46740.4,6825.957134351196,191220.8,65784.60989623638,21.0,8.246211251235321,11.0,4.123105625617661,11.0,4.123105625617661,4.6,1.5165750888103102,0.0,0.0,0.0,0.0,1.0,0.0
42000.0,3.7553553,5.492982825135503E-7,42000.0,1.0,0.9977641674271898,1.0,1.0,0.9996183673469388,146.05882352941177,1.0,1.0,1.0,42000.0,1005640.0,5.0,47107.6,6683.769430493545,191288.0,65818.99737917617,21.0,8.246211251235321,11.0,4.123105625617661,11.0,4.123105625617661,4.6,1.5165750888103102,0.0,0.0,0.0,0.0,1.0,0.0
43000.0,3.851472996,5.743125967323099E-7,43000.0,1.0,1.0,1.0,?,0.9996183673469388,1.7976931348623157E308,?,1.0,1.0,43000.0,1005976.0,5.0,47475.4,6566.69108455697,191355.2,65888.26313691992,21.0,8.246211251235321,11.0,4.123105625617661,11.0,4.123105625617661,4.6,1.5165750888103102,0.0,0.0,0.0,0.0,1.0,0.0
44000.0,3.972103508,6.021394325838467E-7,44000.0,0.9996999699969997,0.24411516844718872,0.9999,0.0,0.9996183673469388,9999.0,0.0,1.0,0.9799086757990891,44000.0,891680.0,5.0,49941.6,9014.516115688075,168520.0,98870.04027510053,22.2,7.8230428862431785,11.6,3.9115214431215892,11.6,3.9115214431215892,4.2,2.16794833886788,0.0,0.0,0.0,0.0,1.0,0.0
45000.0,4.0699121,6.252630729231219E-7,45000.0,0.9996999699969997,0.24415334131816024,0.9999,0.0,0.9996183673469388,9999.0,0.0,1.0,0.9794520547945229,45000.0,913864.0,5.0,50500.4,8934.921281130573,172929.6,91713.96044659722,22.6,8.294576541331088,11.8,4.147288270665544,11.8,4.147288270665544,4.2,2.16794833886788,0.0,0.0,0.0,0.0,1.0,0.0
46000.0,4.162886685,6.472681155348777E-7,46000.0,0.9997999799979999,0.2446041843314345,0.9999,0.0,0.9996183673469388,9999.0,0.0,1.0,0.9789954337899566,46000.0,914872.0,5.0,50918.8,8879.645021057991,173131.2,91724.72776301928,22.6,8.294576541331088,11.8,4.147288270665544,11.8,4.147288270665544,4.2,2.16794833886788,0.0,0.0,0.0,0.0,1.0,0.0
47000.0,4.263282501,6.720558247701286E-7,47000.0,0.9995999199839968,0.14305720209841488,0.9998,0.0,0.9996183673469388,4999.0,0.0,1.0,0.9572727272727317,47000.0,954384.0,5.0,52747.6,11019.161801153481,180976.0,92608.1247407591,23.6,9.736529155710468,12.6,5.366563145999495,12.6,5.366563145999495,4.2,2.16794833886788,0.0,0.0,0.0,0.0,1.0,0.0
48000.0,4.358648644,6.961373716655747E-7,48000.0,0.999499899979996,0.14333111710371516,0.9998,0.0,0.9996183673469388,4999.0,0.0,1.0,0.9563636363636416,48000.0,976096.0,5.0,53489.2,10950.05140170584,185291.2,96814.08634697742,24.0,9.9498743710662,12.8,5.449770637375485,12.8,5.449770637375485,4.4,2.3021728866442674,0.0,0.0,0.0,0.0,1.0,0.0
49000.0,4.447916843,7.18690724910893E-7,49000.0,0.9996999399879976,0.14343848648740964,0.9998,0.0,0.9996183673469388,4999.0,0.0,1.0,0.9554545454545509,49000.0,976600.0,5.0,53870.0,10845.014338395316,185392.0,96928.11901610388,24.0,9.9498743710662,12.8,5.449770637375485,12.8,5.449770637375485,4.4,2.3021728866442674,0.0,0.0,0.0,0.0,1.0,0.0
50000.0,4.543331342,7.418994202039246E-7,50000.0,0.8678221288515406,-0.023182053257435387,0.9996,0.0,0.9996183673469388,2499.0,0.0,1.0,0.9099099099099198,50000.0,940240.0,5.0,55508.0,10842.984321670856,177958.4,91954.38650113436,26.8,10.207840124139876,14.2,5.540758070878027,14.2,5.540758070878027,4.8,1.7888543819998317,0.0,0.0,0.0,0.0,1.0,0.0
51000.0,4.613470901,7.60431574125114E-7,51000.0,0.8653086234493798,-0.02102788816587664,0.9996,0.0,0.8678221288515406,2499.0,0.0,1.0,0.9081081081081176,51000.0,1021328.0,5.0,56253.4,10790.386753958359,194139.2,89152.51984773061,27.2,10.158740079360236,14.4,5.504543577809153,14.4,5.504543577809153,4.8,1.7888543819998317,0.0,0.0,0.0,0.0,1.0,0.0
52000.0,4.707119377,7.857428991255475E-7,52000.0,0.9904799462197684,0.8770192261510772,0.9996,0.9634355249470311,0.8678221288515406,174.43859649122808,0.964274111134126,1.0,0.9243636363636444,52000.0,1044760.0,5.0,58440.4,11130.249022371421,198798.4,91585.88090311737,27.6,10.188228501560022,14.6,5.504543577809153,14.6,5.504543577809153,4.8,1.7888543819998317,0.0,0.0,0.0,0.0,1.0,0.0
53000.0,4.809677601,8.140615483447558E-7,53000.0,0.9973060733072322,0.9645667241223023,0.9996,0.9898949070331459,0.8678221288515406,48.01960784313726,0.9901475429766743,1.0,0.9497630331753608,53000.0,1067344.0,5.0,59375.2,11097.099517441484,203312.0,89470.32097852338,27.6,10.188228501560022,14.6,5.504543577809153,14.6,5.504543577809153,4.8,1.7888543819998317,0.0,0.0,0.0,0.0,1.0,0.0
54000.0,4.909854548,8.427819055663464E-7,54000.0,0.9972405345760313,0.9678678951836603,0.9996,0.989894891716187,0.8678221288515406,48.26108374384236,0.9925326751639475,0.9998979279371236,0.9488151658767829,54000.0,1108216.0,5.0,59850.2,11028.93570114542,211480.0,94063.85864932397,27.6,10.188228501560022,14.6,5.504543577809153,14.6,5.504543577809153,4.8,1.7888543819998317,0.0,0.0,0.0,0.0,1.0,0.0
55000.0,5.005679169,8.707766415613642E-7,55000.0,0.9972453113474468,0.9681188238502711,0.9996,0.989894891716187,0.8678221288515406,48.26108374384236,0.9925326751639475,0.9998979279371236,0.9478672985782048,55000.0,1129280.0,5.0,60227.4,10980.408976900633,215689.6,95881.34273569597,27.6,10.188228501560022,14.6,5.504543577809153,14.6,5.504543577809153,4.8,1.7888543819998317,0.0,0.0,0.0,0.0,1.0,0.0
56000.0,5.103483264,8.993581735326226E-7,56000.0,0.9972566247534306,0.9681819596659071,0.9996,0.989894891716187,0.8678221288515406,48.26108374384236,0.9925326751639475,0.9998979279371236,0.9469194312796269,56000.0,1129616.0,5.0,60688.6,10942.345854523152,215756.8,95844.08164931207,27.6,10.188228501560022,14.6,5.504543577809153,14.6,5.504543577809153,4.8,1.7888543819998317,0.0,0.0,0.0,0.0,1.0,0.0
57000.0,5.192715421,9.280611602067327E-7,57000.0,0.9936116513409238,0.9427384361549287,0.9991,0.9778538511660683,0.8678221288515406,46.39336492890995,0.9808093727987154,0.9998978445193585,0.8809744779582342,57000.0,1243392.0,5.0,63101.6,11719.23008563276,238424.0,84705.09935062942,28.8,8.555699854482976,15.2,4.711687595755899,15.2,4.711687595755899,5.4,0.8944271909999159,0.0,0.0,0.0,0.0,1.0,0.0
58000.0,5.259733237,9.496564050153767E-7,58000.0,0.9935458070500838,0.9427482645951205,0.9991,0.9778538511660683,0.8678221288515406,46.39336492890995,0.9808093727987154,0.9998978445193585,0.8788863109048707,58000.0,1245576.0,5.0,63899.6,11911.277483964514,238860.8,84172.49196263588,28.8,8.555699854482976,15.2,4.711687595755899,15.2,4.711687595755899,5.4,0.8944271909999159,0.0,0.0,0.0,0.0,1.0,0.0
59000.0,5.358913574,9.816499084421061E-7,59000.0,0.9935738877035303,0.9428278002642292,0.9991,0.9778538511660683,0.8678221288515406,46.39336492890995,0.9808093727987154,0.9998978445193585,0.8767981438515071,59000.0,1246920.0,5.0,64275.2,11880.209455224265,239129.6,83831.54736016746,28.8,8.555699854482976,15.2,4.711687595755899,15.2,4.711687595755899,5.4,0.8944271909999159,0.0,0.0,0.0,0.0,1.0,0.0
60000.0,5.46778141,1.0167920544535482E-6,60000.0,0.9961755718438816,0.9535157244270422,0.9993,0.9826935210476444,0.8678221288515406,46.84688995215311,0.9854910773362957,0.9998978653865795,0.9025522041763292,60000.0,1247760.0,5.0,64637.2,11865.142927921266,239297.6,83778.3678809751,28.8,8.555699854482976,15.2,4.711687595755899,15.2,4.711687595755899,5.4,0.8944271909999159,0.0,0.0,0.0,0.0,1.0,0.0
61000.0,5.587123629,1.0567429035761229E-6,61000.0,0.9963660683885402,0.9527358085961709,0.9993,0.9827751667117784,0.9961755718438816,46.61904761904762,0.9855604216954387,0.9998978549540347,0.901157407407402,61000.0,1294000.0,5.0,65628.6,11867.517002305072,248539.2,90542.7069354567,28.8,8.555699854482976,15.2,4.711687595755899,15.2,4.711687595755899,5.4,0.8944271909999159,0.0,0.0,0.0,0.0,1.0,0.0
62000.0,5.681600793,1.088382276999307E-6,62000.0,0.9951904130517921,0.9554740035150135,0.9993,0.976990880499836,0.9961755718438816,62.69426751592356,0.9806557637934732,0.9998984049578381,0.8995370370370324,62000.0,1294504.0,5.0,65996.4,11869.733708049225,248640.0,90436.68742274896,28.8,8.555699854482976,15.2,4.711687595755899,15.2,4.711687595755899,5.4,0.8944271909999159,0.0,0.0,0.0,0.0,1.0,0.0
63000.0,5.796223254,1.1252320701429147E-6,63000.0,0.9423478584303739,0.28932862970533435,0.999,0.4995796469033979,0.9961755718438816,713.2857142857143,0.5975843813111624,0.9998998598037252,0.8555045871559623,63000.0,1242704.0,5.0,70586.8,9204.44765860505,238193.6,84004.8300325642,30.4,9.838699100999076,16.0,5.385164807134504,16.0,5.385164807134504,5.4,0.8944271909999159,0.0,0.0,0.0,0.0,1.0,0.0
64000.0,5.995077509,1.1983941196530376E-6,64000.0,0.9390003147263312,0.288340695941514,0.999,0.4995796469033979,0.9961755718438816,713.2857142857143,0.5975843813111624,0.9998998598037252,0.8532110091743118,64000.0,1422176.0,5.0,77124.6,12087.318304735752,273955.2,95150.82723339825,31.6,10.714476188783099,16.6,5.813776741499453,16.6,5.813776741499453,5.4,0.8944271909999159,0.0,0.0,0.0,0.0,1.0,0.0
65000.0,6.128760415,1.2471687105377786E-6,65000.0,0.9385318016651885,0.28832741820315844,0.999,0.4995796469033979,0.9961755718438816,713.2857142857143,0.5975843813111624,0.9998998598037252,0.8509174311926603,65000.0,1410328.0,5.0,77617.2,11975.334867969246,271572.8,95680.74558237933,32.0,11.313708498984761,16.8,6.1400325732035,16.8,6.1400325732035,5.4,0.8944271909999159,0.0,0.0,0.0,0.0,1.0,0.0
66000.0,6.256272661,1.2937639631798637E-6,66000.0,0.9375017882177906,0.2883969946660051,0.999,0.4995796469033979,0.9961755718438816,713.2857142857143,0.5975843813111624,0.9998998598037252,0.8486238532110093,66000.0,1412512.0,5.0,78418.2,12183.18518286577,272009.6,95652.10988159123,32.0,11.313708498984761,16.8,6.1400325732035,16.8,6.1400325732035,5.4,0.8944271909999159,0.0,0.0,0.0,0.0,1.0,0.0
67000.0,6.3930611,1.3437845728246434E-6,67000.0,0.9791095547773887,0.3199559618058131,0.9996,0.49981242966115225,0.9961755718438816,1999.0,0.6324238926463761,0.9998999499749875,0.9385321100917503,67000.0,1413520.0,5.0,78836.2,12015.158600701036,272211.2,95556.56931472583,32.0,11.313708498984761,16.8,6.1400325732035,16.8,6.1400325732035,5.4,0.8944271909999159,0.0,0.0,0.0,0.0,1.0,0.0
68000.0,6.523870671,1.391675690270561E-6,68000.0,0.9807303651825913,0.3199817034241489,0.9996,0.49981242966115225,0.9961755718438816,1999.0,0.6324238926463761,0.9998999499749875,0.9376146788990893,68000.0,1415200.0,5.0,79211.8,11836.750005808182,272547.2,95569.75079595008,32.0,11.313708498984761,16.8,6.1400325732035,16.8,6.1400325732035,5.4,0.8944271909999159,0.0,0.0,0.0,0.0,1.0,0.0
69000.0,6.676132692,1.439465885353136E-6,69000.0,0.971094051550371,0.2602750535550238,0.9994,0.3997478941155502,0.9961755718438816,1427.5714285714287,0.5344957383101426,0.9998999299509657,0.9054794520547871,69000.0,1213248.0,5.0,81042.4,12754.407857678067,232329.6,146682.9683255694,34.0,12.083045973594572,17.8,6.496152707564686,17.8,6.496152707564686,5.0,2.5495097567963922,0.0,0.0,0.0,0.0,1.0,0.0
70000.0,6.747881453,1.4620011260822086E-6,70000.0,0.9716658804019956,0.2602843197804324,0.9994,0.3997478941155502,0.9961755718438816,1427.5714285714287,0.5344957383101426,0.9998999299509657,0.9041095890410886,70000.0,1214088.0,5.0,81406.4,12572.27550207201,232497.6,146507.20876735044,34.0,12.083045973594572,17.8,6.496152707564686,17.8,6.496152707564686,5.0,2.5495097567963922,0.0,0.0,0.0,0.0,1.0,0.0
71000.0,6.852874762,1.4949916846634614E-6,71000.0,0.9707223627968149,0.29742144310588703,0.9994,0.3997478941155502,0.9716658804019956,1427.5714285714287,0.5344957383101426,0.9998999299509657,0.9029612756264166,71000.0,1214592.0,5.0,81768.4,12402.865789808418,232598.4,146572.40486803785,34.0,12.083045973594572,17.8,6.496152707564686,17.8,6.496152707564686,5.0,2.5495097567963922,0.0,0.0,0.0,0.0,1.0,0.0
72000.0,6.958753494,1.5293795399190072E-6,72000.0,0.9689925805206502,0.29738708861602126,0.9994,0.3997478941155502,0.9716658804019956,1427.5714285714287,0.5344957383101426,0.9998999299509657,0.901594533029605,72000.0,1255448.0,5.0,82190.6,12280.31550083303,240763.2,154438.06583611437,34.0,12.083045973594572,17.8,6.496152707564686,17.8,6.496152707564686,5.0,2.5495097567963922,0.0,0.0,0.0,0.0,1.0,0.0
73000.0,7.065596422,1.564085195434731E-6,73000.0,0.9768930679203761,0.40634236091165465,0.9997,0.3998559654317794,0.9716658804019956,3332.3333333333335,0.5773213922911562,0.9998999699909973,0.9501138952164067,73000.0,1255616.0,5.0,82552.8,12125.927457312286,240796.8,154462.065515129,34.0,12.083045973594572,17.8,6.496152707564686,17.8,6.496152707564686,5.0,2.5495097567963922,0.0,0.0,0.0,0.0,1.0,0.0
74000.0,7.164904954,1.5963564108205504E-6,74000.0,0.984595378613584,0.40790430289542656,0.9998,0.4999249887482129,0.9716658804019956,3332.3333333333335,0.5773502691896257,1.0,0.9662870159453342,74000.0,1256120.0,5.0,82924.6,11986.518773188485,240897.6,154471.51208167803,34.0,12.083045973594572,17.8,6.496152707564686,17.8,6.496152707564686,5.0,2.5495097567963922,0.0,0.0,0.0,0.0,1.0,0.0
75000.0,7.27168237,1.631068630535768E-6,75000.0,0.9861625154212931,0.4079146986481841,0.9998,0.4999249887482129,0.9716658804019956,3332.3333333333335,0.5773502691896257,1.0,0.9658314350797307,75000.0,1256624.0,5.0,83284.6,11862.8254770944,240998.4,154329.05182369263,34.0,12.083045973594572,17.8,6.496152707564686,17.8,6.496152707564686,5.0,2.5495097567963922,0.0,0.0,0.0,0.0,1.0,0.0
76000.0,7.386003177,1.6682480334036942E-6,76000.0,0.9883298322830182,0.408055365432342,0.9998,0.4999249887482129,0.9716658804019956,3332.3333333333335,0.5773502691896257,1.0,0.9653758542141269,76000.0,1257128.0,5.0,83655.2,11736.403439725478,241099.2,154338.52481865959,34.0,12.083045973594572,17.8,6.496152707564686,17.8,6.496152707564686,5.0,2.5495097567963922,0.0,0.0,0.0,0.0,1.0,0.0
77000.0,7.523596564,1.7158312536975203E-6,77000.0,0.9998228568683496,0.9228382098104925,0.9998,0.9949718220909985,0.9716658804019956,48.01960784313726,0.9950859653474028,1.0,0.9759375000000026,77000.0,1336776.0,5.0,86970.0,14014.107838175072,256936.0,159190.11828628057,35.2,12.853015210447703,18.4,6.87749954561976,18.4,6.87749954561976,5.2,2.16794833886788,0.0,0.0,0.0,0.0,1.0,0.0
78000.0,7.693443879,1.7782212985355448E-6,78000.0,0.9997226061081438,0.9173021852469346,0.9997,0.9924758852121056,0.9716658804019956,47.78048780487805,0.992655959362828,1.0,0.963494539781595,78000.0,1419904.0,5.0,88805.2,13325.1707944026,273484.8,161771.8437404977,36.0,12.884098726725126,18.8,6.870225614927067,18.8,6.870225614927067,5.4,1.816590212458495,0.0,0.0,0.0,0.0,1.0,0.0
79000.0,7.852455908,1.837699449111248E-6,79000.0,0.9999721630687433,0.937456412741785,0.9999,0.997886901919285,0.9716658804019956,40.1522633744856,0.9979402655783318,1.0,0.9883994126284887,79000.0,1445872.0,5.0,89179.8,13157.700433586411,278675.2,157152.7631421096,36.0,12.884098726725126,18.8,6.870225614927067,18.8,6.870225614927067,5.4,1.816590212458495,0.0,0.0,0.0,0.0,1.0,0.0
80000.0,8.018958213,1.9007301939404942E-6,80000.0,0.999973309719915,0.9616509520971924,0.9998,0.9976329327229774,0.9716658804019956,21.573363431151243,0.9977401101057177,1.0,0.981838819523271,80000.0,1463304.0,5.0,89552.4,13006.628264081357,282166.4,164659.19318641155,36.0,12.884098726725126,18.8,6.870225614927067,18.8,6.870225614927067,5.4,1.816590212458495,0.0,0.0,0.0,0.0,1.0,0.0
81000.0,8.161354418,1.9538494112270637E-6,81000.0,0.9999768027351942,0.962010023017615,0.9998,0.9976278134132921,0.999973309719915,21.624434389140273,0.997734991429173,1.0,0.9816118047673119,81000.0,1441968.0,5.0,89966.4,12899.448720778732,277910.4,161756.137184343,36.0,12.884098726725126,18.8,6.870225614927067,18.8,6.870225614927067,5.4,1.816590212458495,0.0,0.0,0.0,0.0,1.0,0.0
82000.0,8.300880905,2.0027191023548072E-6,82000.0,0.9999765660284105,0.96200800554287,0.9998,0.9976278134132921,0.999973309719915,21.624434389140273,0.997734991429173,1.0,0.9813847900113527,82000.0,1353896.0,5.0,90377.6,12803.301070427111,260364.8,187539.1288536875,36.4,12.95376393176902,19.0,6.892024376045111,19.0,6.892024376045111,5.0,2.5495097567963922,0.0,0.0,0.0,0.0,1.0,0.0
83000.0,8.433580819,2.0492496662137947E-6,83000.0,0.999976092614843,0.9618956757904149,0.9998,0.9976278134132921,0.999973309719915,21.624434389140273,0.997734991429173,1.0,0.9811577752553937,83000.0,1355408.0,5.0,90769.6,12666.666345175436,260667.2,187269.31474002887,36.4,12.95376393176902,19.0,6.892024376045111,19.0,6.892024376045111,5.0,2.5495097567963922,0.0,0.0,0.0,0.0,1.0,0.0
84000.0,8.568596871,2.096633448534753E-6,84000.0,0.9999758559080593,0.961754725920335,0.9998,0.9976278134132921,0.999973309719915,21.624434389140273,0.997734991429173,1.0,0.9809307604994346,84000.0,1356584.0,5.0,91185.0,12593.647763853014,260902.4,187201.2674657947,36.4,12.95376393176902,19.0,6.892024376045111,19.0,6.892024376045111,5.0,2.5495097567963922,0.0,0.0,0.0,0.0,1.0,0.0
85000.0,8.688793845,2.1388478303347362E-6,85000.0,0.9999751457877081,0.9615966164495452,0.9998,0.9976278134132921,0.999973309719915,21.624434389140273,0.997734991429173,1.0,0.9807037457434754,85000.0,1357592.0,5.0,91693.4,12603.842560901814,261104.0,187294.21022551658,36.4,12.95376393176902,19.0,6.892024376045111,19.0,6.892024376045111,5.0,2.5495097567963922,0.0,0.0,0.0,0.0,1.0,0.0
86000.0,8.810886401,2.1817438785868388E-6,86000.0,0.9999751992972662,0.9612134053019148,0.9998,0.9976329327229774,0.999973309719915,21.573363431151243,0.9977401101057177,1.0,0.9804988662131542,86000.0,1358096.0,5.0,92070.8,12519.98720845992,261204.8,187206.96103297014,36.4,12.95376393176902,19.0,6.892024376045111,19.0,6.892024376045111,5.0,2.5495097567963922,0.0,0.0,0.0,0.0,1.0,0.0
87000.0,8.922870621,2.2216546574145972E-6,87000.0,0.9999551120589336,0.9891631895324077,0.9998,0.9957481546991399,0.999973309719915,40.32231404958678,0.9958591954639384,1.0,0.9802721088435397,87000.0,1377640.0,5.0,92458.4,12436.472421872693,265110.4,181231.7512490568,36.4,12.95376393176902,19.0,6.892024376045111,19.0,6.892024376045111,5.0,2.5495097567963922,0.0,0.0,0.0,0.0,1.0,0.0
88000.0,9.042791494,2.2643940312222165E-6,88000.0,1.0,0.9943879097813029,0.9999,0.9978697660150994,0.999973309719915,40.49377593360996,0.9979231545598283,1.0,0.9900226757369626,88000.0,1377640.0,5.0,92869.2,12404.014579965633,265110.4,181231.7512490568,36.4,12.95376393176902,19.0,6.892024376045111,19.0,6.892024376045111,5.0,2.5495097567963922,0.0,0.0,0.0,0.0,1.0,0.0
89000.0,9.166592339,2.3085323550823767E-6,89000.0,1.0,0.9937230174794573,0.9999,0.9974552117263846,0.999973309719915,48.75124378109453,0.9975093361076329,1.0,0.9899092970521552,89000.0,1378144.0,5.0,93286.8,12380.713557788178,265211.2,181143.93327738027,36.4,12.95376393176902,19.0,6.892024376045111,19.0,6.892024376045111,5.0,2.5495097567963922,0.0,0.0,0.0,0.0,1.0,0.0
90000.0,9.285500747,2.3516513853611986E-6,90000.0,1.0,0.9829469692794299,0.9999,0.9911001623330401,0.999973309719915,174.43859649122808,0.9911892555667041,1.0,0.99040511727079,90000.0,1401712.0,5.0,93893.8,12373.818396113626,269873.6,193001.5187836614,37.2,13.1224997618594,19.4,6.9498201415576215,19.4,6.9498201415576215,5.4,2.3021728866442674,0.0,0.0,0.0,0.0,1.0,0.0
91000.0,9.423272482,2.4039576399150657E-6,91000.0,0.9999989894886611,0.994552127380666,0.9998,0.9949474433052619,1.0,48.504950495049506,0.9974707757929205,0.9998979383547663,0.9831948291782105,91000.0,1467560.0,5.0,94465.0,12492.445737324617,283033.6,182615.55766363392,37.2,13.1224997618594,19.4,6.9498201415576215,19.4,6.9498201415576215,5.4,2.3021728866442674,0.0,0.0,0.0,0.0,1.0,0.0
92000.0,9.530710739,2.444761530312126E-6,92000.0,0.9999989894886611,0.9945965632322243,0.9998,0.9949474433052619,1.0,48.504950495049506,0.9974707757929205,0.9998979383547663,0.9830101569713777,92000.0,1468064.0,5.0,94954.2,12551.359834695202,283134.4,182477.5640696686,37.2,13.1224997618594,19.4,6.9498201415576215,19.4,6.9498201415576215,5.4,2.3021728866442674,0.0,0.0,0.0,0.0,1.0,0.0
93000.0,9.65374753,2.491494922953569E-6,93000.0,0.9999989894886611,0.9947082176845379,0.9998,0.9949474433052619,1.0,48.504950495049506,0.9974707757929205,0.9998979383547663,0.9828254847645448,93000.0,1468232.0,5.0,95333.0,12543.481873068578,283168.0,182502.25931752188,37.2,13.1224997618594,19.4,6.9498201415576215,19.4,6.9498201415576215,5.4,2.3021728866442674,0.0,0.0,0.0,0.0,1.0,0.0
94000.0,9.780828305,2.539712277423243E-6,94000.0,0.9999989894886611,0.9948513153491474,0.9998,0.9949474433052619,1.0,48.504950495049506,0.9974707757929205,0.9998979383547663,0.982640812557712,94000.0,1466648.0,5.0,95766.0,12569.060048388663,282827.2,182866.49176708126,37.6,12.280065146407,19.6,6.54217089351845,19.6,6.54217089351845,5.4,2.3021728866442674,0.0,0.0,0.0,0.0,1.0,0.0
95000.0,9.937781462,2.6034642889209215E-6,95000.0,0.9981475322965478,0.9795294668694536,0.9995,0.9914227938224912,1.0,32.11258278145695,0.9933041923762396,0.9998968859558672,0.9598478444632336,95000.0,1570096.0,5.0,98444.4,13068.291980974407,303348.8,189579.06184808488,39.6,12.953763931769021,20.6,6.8044103344816,20.6,6.8044103344816,5.4,2.3021728866442674,0.0,0.0,0.0,0.0,1.0,0.0
96000.0,10.072839226,2.6584543733178284E-6,96000.0,0.9981420833534573,0.9801281889069785,0.9995,0.9913950425807723,1.0,32.222591362126245,0.9932820496653738,0.999896896587277,0.9594251901944253,96000.0,1573864.0,5.0,99060.6,13186.839170172661,304078.4,188975.42201249348,40.0,12.083045973594572,20.8,6.3796551630946325,20.8,6.3796551630946325,5.4,2.3021728866442674,0.0,0.0,0.0,0.0,1.0,0.0
96554.0,10.202409004,2.7112212333996427E-6,96554.0,0.9981437960347318,0.9801494120657858,0.9995,0.9913950425807723,1.0,32.222591362126245,0.9932820496653738,0.999896896587277,0.9591910397295057,96554.0,1574200.0,5.0,99308.8,13236.966824012214,304145.6,188891.81575918,40.0,12.083045973594572,20.8,6.3796551630946325,20.8,6.3796551630946325,5.4,2.3021728866442674,0.0,0.0,0.0,0.0,1.0,0.0
