learning evaluation instances,evaluation time (cpu seconds),model cost (RAM-Hours),classified instances,AUC,sAUC,Accuracy,Kappa,Periodical holdout AUC,Pos/Neg ratio,G-Mean,Recall,KappaM,model training instances,model serialized size (bytes),member weight 1,member weight 2,[avg] model training instances,[err] model training instances,[avg] model serialized size (bytes),[err] model serialized size (bytes)
1000.0,0.060145812,2.6905944909900424E-9,1000.0,1.0,1.0,0.999,0.0,0.0,1.7976931348623157E308,?,0.999,-Infinity,1000.0,172920.0,0.5263157894736842,0.4736842105263158,1000.0,0.0,73968.0,102389.06191581208
2000.0,0.123470606,5.578443329719206E-9,2000.0,1.0,1.0,0.9995,0.0,0.0,1.7976931348623157E308,?,0.9995,-Infinity,2000.0,176280.0,0.5263157894736842,0.4736842105263158,2000.0,0.0,75648.0,104764.94070059888
3000.0,0.190434702,8.690465526965757E-9,3000.0,1.0,1.0,0.9996666666666667,0.0,0.0,1.7976931348623157E308,?,0.9996666666666667,-Infinity,3000.0,179640.0,0.5263157894736842,0.4736842105263158,3000.0,0.0,77328.0,107140.81948538568
4000.0,0.254508396,1.1668162082259854E-8,4000.0,1.0,1.0,0.99975,0.0,0.0,1.7976931348623157E308,?,0.99975,-Infinity,4000.0,179640.0,0.5263157894736842,0.4736842105263158,4000.0,0.0,77328.0,107140.81948538568
5000.0,0.293965074,1.3501832139802475E-8,5000.0,1.0,1.0,0.9998,0.0,0.0,1.7976931348623157E308,?,0.9998,-Infinity,5000.0,179640.0,0.5263157894736842,0.4736842105263158,5000.0,0.0,77328.0,107140.81948538568
6000.0,0.332363046,1.5319677795407673E-8,6000.0,1.0,1.0,0.9998333333333334,0.0,0.0,1.7976931348623157E308,?,0.9998333333333334,-Infinity,6000.0,183000.0,0.5263157894736842,0.4736842105263158,6000.0,0.0,79008.0,109516.69827017248
7000.0,0.373121194,1.724925944811354E-8,7000.0,1.0,1.0,0.9998571428571429,0.0,0.0,1.7976931348623157E308,?,0.9998571428571429,-Infinity,7000.0,183000.0,0.5263157894736842,0.4736842105263158,7000.0,0.0,79008.0,109516.69827017248
8000.0,0.411147136,1.904949237356583E-8,8000.0,1.0,1.0,0.999875,0.0,0.0,1.7976931348623157E308,?,0.999875,-Infinity,8000.0,183000.0,0.5263157894736842,0.4736842105263158,8000.0,0.0,79008.0,109516.69827017248
9000.0,0.455174977,2.113386858717228E-8,9000.0,1.0,1.0,0.9998888888888889,0.0,0.0,1.7976931348623157E308,?,0.9998888888888889,-Infinity,9000.0,183000.0,0.5263157894736842,0.4736842105263158,9000.0,0.0,79008.0,109516.69827017248
10000.0,0.514823466,2.3957761124831932E-8,10000.0,1.0,1.0,0.9999,0.0,0.0,1.7976931348623157E308,?,0.9999,-Infinity,10000.0,183000.0,0.5263157894736842,0.4736842105263158,10000.0,0.0,79008.0,109516.69827017248
11000.0,0.577328226,2.6971207191360493E-8,11000.0,1.0,1.0,1.0,?,1.0,1.7976931348623157E308,?,1.0,?,11000.0,186360.0,0.5263157894736842,0.4736842105263158,11000.0,0.0,80688.0,111892.57705495929
12000.0,0.637936322,2.989321230730663E-8,12000.0,1.0,1.0,1.0,?,1.0,1.7976931348623157E308,?,1.0,?,12000.0,186360.0,0.5263157894736842,0.4736842105263158,12000.0,0.0,80688.0,111892.57705495929
13000.0,0.698112004,3.2794370110705493E-8,13000.0,1.0,1.0,1.0,?,1.0,1.7976931348623157E308,?,1.0,?,13000.0,186360.0,0.5263157894736842,0.4736842105263158,13000.0,0.0,80688.0,111892.57705495929
14000.0,0.785661839,3.838981088965924E-8,14000.0,0.49914991499149913,-0.49914991499149913,0.9999,0.0,1.0,9999.0,0.0,1.0,-0.39999999999906743,14000.0,247048.0,0.5263157894736842,0.4736842105263158,14000.0,0.0,111032.0,154805.47339160848
15000.0,0.875239322,4.47651900523694E-8,15000.0,0.9251904904861975,0.36368122111881585,0.9996,0.5998319294104408,1.0,1427.5714285714287,0.6546536707079771,1.0,0.14285714285714285,15000.0,275112.0,0.5,0.5000000000000001,15000.0,0.0,125064.0,174649.71809882775
16000.0,0.96258974,5.1495483103858095E-8,16000.0,0.9625940602557866,0.6818142788389836,0.9996,0.8331386617720773,1.0,713.2857142857143,0.8451542547285166,1.0,0.5428571428571719,16000.0,297832.0,0.5,0.5000000000000001,16000.0,0.0,136424.0,190715.18416738612
17000.0,1.040241001,5.760220716977077E-8,17000.0,0.9625940602557866,0.6818142788389836,0.9996,0.8331386617720773,1.0,713.2857142857143,0.8451542547285166,1.0,0.5142857142857451,17000.0,303992.0,0.5,0.5000000000000001,17000.0,0.0,139504.0,195070.96193949523
18000.0,1.11938993,6.382671226203854E-8,18000.0,0.9625189551085805,0.6817160877581503,0.9996,0.8331386617720773,1.0,713.2857142857143,0.8451542547285166,1.0,0.48571428571433467,18000.0,303992.0,0.421631000578369,0.578368999421631,18000.0,0.0,139504.0,195070.96193949523
19000.0,1.204919714,7.055302660103058E-8,19000.0,0.9625189551085805,0.6817160877581503,0.9996,0.8331386617720773,1.0,713.2857142857143,0.8451542547285166,1.0,0.4571428571429088,19000.0,303992.0,0.421631000578369,0.578368999421631,19000.0,0.0,139504.0,195070.96193949523
20000.0,1.27435425,7.601356319162994E-8,20000.0,0.9625189551085805,0.6817160877581503,0.9996,0.8331386617720773,1.0,713.2857142857143,0.8451542547285166,1.0,0.4285714285715192,20000.0,303992.0,0.421631000578369,0.578368999421631,20000.0,0.0,139504.0,195070.96193949523
21000.0,1.353641132,8.23178362000154E-8,21000.0,0.9625189551085805,0.6817160877581503,0.9996,0.8331386617720773,0.9625189551085805,713.2857142857143,0.8451542547285166,1.0,0.40000000000009994,21000.0,307352.0,0.421631000578369,0.578368999421631,21000.0,0.0,141184.0,197446.84072428202
22000.0,1.413062668,8.704257219759954E-8,22000.0,0.9625189551085805,0.6817160877581503,0.9996,0.8331386617720773,0.9625189551085805,713.2857142857143,0.8451542547285166,1.0,0.37142857142866115,22000.0,307352.0,0.421631000578369,0.578368999421631,22000.0,0.0,141184.0,197446.84072428202
23000.0,1.466165464,9.126489138897094E-8,23000.0,0.9625189551085805,0.6817160877581503,0.9996,0.8331386617720773,0.9625189551085805,713.2857142857143,0.8451542547285166,1.0,0.342857142857221,23000.0,307352.0,0.421631000578369,0.578368999421631,23000.0,0.0,141184.0,197446.84072428202
24000.0,1.514987554,9.514684230488621E-8,24000.0,0.998759926365814,0.7719549525935083,0.9997,0.8694176025071967,0.9625189551085805,768.2307692307693,0.8770580193070292,1.0,0.4857142857143836,24000.0,307352.0,0.421631000578369,0.578368999421631,24000.0,0.0,141184.0,197446.84072428202
25000.0,1.567914254,9.9337633734838E-8,25000.0,0.9374186849479583,0.8124568446266397,0.9999,0.9332835183603823,0.9625189551085805,1249.0,0.9354143466934853,1.0,0.8333333333333641,25000.0,306072.0,0.42163100057836905,0.578368999421631,25000.0,0.0,140544.0,196541.74404436327
26000.0,1.656116646,1.0675458611420045E-7,26000.0,0.4990999099909991,-0.4990999099909991,0.9999,0.0,0.9625189551085805,9999.0,0.0,1.0,0.8266666666666718,26000.0,325048.0,0.42163100057836905,0.578368999421631,26000.0,0.0,150032.0,209959.8023241592
27000.0,1.758169202,1.1616350476789391E-7,27000.0,0.8319829282117969,0.1252264220874657,0.9997,0.0,0.9625189551085805,3332.3333333333335,0.0,1.0,0.5235294117647712,27000.0,356384.0,0.4736842105263159,0.5263157894736842,27000.0,0.0,165700.0,232117.70041942084
28000.0,1.825299783,1.223527292279278E-7,28000.0,0.8317328531892901,0.12572708314481995,0.9997,0.0,0.9625189551085805,3332.3333333333335,0.0,1.0,0.5058823529411893,28000.0,356384.0,0.4736842105263159,0.5263157894736842,28000.0,0.0,165700.0,232117.70041942084
29000.0,1.922554276,1.3172445537777201E-7,29000.0,0.8736119447779112,0.26552557170727253,0.9997,0.3999039846375925,0.9625189551085805,2499.0,0.5,1.0,0.5166666666666846,29000.0,372488.0,0.5000000000000001,0.49999999999999994,29000.0,0.0,173752.0,243504.948023649
30000.0,2.013730385,1.4085048561666988E-7,30000.0,0.8734368747499,0.2656805744713763,0.9997,0.3999039846375925,0.9625189551085805,2499.0,0.5,1.0,0.5000000000000925,30000.0,386904.0,0.5263157894736843,0.4736842105263157,30000.0,0.0,180960.0,253698.59938123426
31000.0,2.113512205,1.5162881118774826E-7,31000.0,0.8729616846738696,0.2661518661250515,0.9997,0.3999039846375925,0.8734368747499,2499.0,0.5,1.0,0.48333333333337475,31000.0,417544.0,0.5263157894736843,0.4736842105263157,31000.0,0.0,196280.0,275364.3511567901
32000.0,2.228863484,1.6712750974011294E-7,32000.0,0.9925136264968274,0.9437379318810598,0.9995,0.9811592630106613,0.8734368747499,72.52941176470588,0.9851344264977622,0.9998986212489862,0.8933333333333441,32000.0,519368.0,0.6990722982038855,0.3009277017961145,32000.0,0.0,247192.0,347364.7920443291
33000.0,2.378510108,1.855985848696219E-7,33000.0,0.9949979583503471,0.962356922490383,0.9994,0.9849154662729926,0.8734368747499,48.01960784313726,0.9900464610976935,0.999795835034708,0.9091743119265988,33000.0,477120.0,0.676454100661376,0.323545899338624,33000.0,0.0,226068.0,317490.9447527598
34000.0,2.444051401,1.9372573317436703E-7,34000.0,0.9949919534984267,0.9623552905630539,0.9994,0.9849154662729926,0.8734368747499,48.01960784313726,0.9900464610976935,0.999795835034708,0.9064220183486167,34000.0,479320.0,0.676454100661376,0.323545899338624,34000.0,0.0,227168.0,319046.5796713702
35000.0,2.507462181,2.0171848868245874E-7,35000.0,0.9974793731468012,0.9695087286076653,0.9995,0.9873991554409957,0.8734368747499,48.26108374384236,0.9924820137712103,0.9997958558742472,0.9197247706422113,35000.0,487232.0,0.676454100661376,0.323545899338624,35000.0,0.0,231124.0,324641.20852411824
36000.0,2.616141077,2.156762771676149E-7,36000.0,0.997479875964845,0.969508930779787,0.9995,0.9873991554409957,0.8734368747499,48.26108374384236,0.9924820137712103,0.9997958558742472,0.9174311926605601,36000.0,496448.0,0.676454100661376,0.323545899338624,36000.0,0.0,235732.0,331157.90461953345
37000.0,2.705541485,2.2743989237066766E-7,37000.0,0.997466235512914,0.974831562426979,0.9997,0.9924027475716657,0.8734368747499,48.75124378109453,0.9974075338584412,0.9997958975405654,0.9490825688073449,37000.0,508632.0,0.676454100661376,0.323545899338624,37000.0,0.0,241824.0,339773.2936415103
38000.0,2.769294632,2.3584537710505013E-7,38000.0,0.997473343558765,0.9748296272743701,0.9997,0.9924027475716657,0.8734368747499,48.75124378109453,0.9974075338584412,0.9997958975405654,0.9477064220183543,38000.0,509640.0,0.676454100661376,0.323545899338624,38000.0,0.0,242328.0,340486.0572769464
39000.0,2.840962729,2.454089090184701E-7,39000.0,0.9974642857142857,0.9762744291438072,0.9997,0.9923656351791539,0.8734368747499,49.0,0.9973950765747294,0.9997959183673469,0.9463302752293641,39000.0,515816.0,0.676454100661376,0.323545899338624,39000.0,0.0,245416.0,344853.1487575545
40000.0,2.949291089,2.599507744201024E-7,40000.0,0.9974678571428571,0.9762980127367541,0.9997,0.9923656351791539,0.8734368747499,49.0,0.9973950765747294,0.9997959183673469,0.9449541284403726,40000.0,518896.0,0.676454100661376,0.323545899338624,40000.0,0.0,246956.0,347031.03764360904
41000.0,3.06779951,2.7587072613941504E-7,41000.0,0.9974772959183673,0.9762905630297316,0.9997,0.9923656351791539,0.9974678571428571,49.0,0.9973950765747294,0.9997959183673469,0.9435779816513824,41000.0,519272.0,0.676454100661376,0.323545899338624,41000.0,0.0,247144.0,347296.9097933352
42000.0,3.170527126,2.897332531068081E-7,42000.0,1.0,0.9998558307054858,0.9999,0.9926503877655424,0.9974678571428571,146.05882352941177,0.9999496564049319,0.9998993153443415,0.9807339449541306,42000.0,521624.0,0.676454100661376,0.323545899338624,42000.0,0.0,248320.0,348960.02494268597
43000.0,3.242471281,2.994604821647124E-7,43000.0,1.0,1.0,1.0,?,0.9974678571428571,1.7976931348623157E308,?,1.0,1.0,43000.0,522632.0,0.676454100661376,0.323545899338624,43000.0,0.0,248824.0,349672.788578122
44000.0,3.315672205,3.094739827525781E-7,44000.0,0.9997999799979999,0.008261647026837848,0.9999,0.0,0.9974678571428571,9999.0,0.0,1.0,0.9799086757990891,44000.0,528776.0,0.676454100661376,0.323545899338624,44000.0,0.0,251896.0,354017.25264173216
45000.0,3.409075479,3.2225105834123574E-7,45000.0,0.9997999799979999,0.008262915453336905,0.9999,0.0,0.9974678571428571,9999.0,0.0,1.0,0.9794520547945229,45000.0,528776.0,0.676454100661376,0.323545899338624,45000.0,0.0,251896.0,354017.25264173216
46000.0,3.516773229,3.369835429057313E-7,46000.0,0.9997999799979999,0.008263159364422457,0.9999,0.0,0.9974678571428571,9999.0,0.0,1.0,0.9789954337899566,46000.0,528776.0,0.676454100661376,0.323545899338624,46000.0,0.0,251896.0,354017.25264173216
47000.0,3.592372621,3.478073538737992E-7,47000.0,0.9997999599919984,0.02085216310764859,0.9998,0.0,0.9974678571428571,4999.0,0.0,1.0,0.9572727272727317,47000.0,553432.0,0.676454100661376,0.323545899338624,47000.0,0.0,264224.0,371451.6774386676
48000.0,3.657901927,3.572870441343511E-7,48000.0,0.999749949989998,0.020850131230468638,0.9998,0.0,0.9974678571428571,4999.0,0.0,1.0,0.9563636363636416,48000.0,559192.0,0.676454100661376,0.323545899338624,48000.0,0.0,267104.0,375524.6124983022
49000.0,3.758241996,3.7720870352139487E-7,49000.0,0.9998499699939988,0.020852550138814596,0.9998,0.0,0.9974678571428571,4999.0,0.0,1.0,0.9554545454545509,49000.0,771144.0,0.676454100661376,0.323545899338624,49000.0,0.0,373080.0,525397.3089843533
50000.0,3.9163047,4.0062775956641054E-7,50000.0,0.9997749099639855,0.18765008207389422,0.9996,0.3331555081355964,0.9974678571428571,2499.0,0.4999749893704668,0.9998999599839936,0.9099099099099198,50000.0,572720.0,0.676454100661376,0.32354589933862404,50000.0,0.0,273868.0,385090.3530341938
51000.0,4.030460537,4.1934999096912435E-7,51000.0,0.9998249299719888,0.18764954249101573,0.9996,0.3331555081355964,0.9997749099639855,2499.0,0.4999749893704668,0.9998999599839936,0.9081081081081176,51000.0,633960.0,0.676454100661376,0.32354589933862404,51000.0,0.0,304488.0,428393.57231405796
52000.0,4.113116735,4.3422005150933855E-7,52000.0,0.9999876488969582,0.9336307270563086,0.9996,0.9640846524741226,0.9997749099639855,174.43859649122808,0.9732795801386573,0.9998994267323745,0.9243636363636444,52000.0,695408.0,0.676454100661376,0.32354589933862404,52000.0,0.0,335212.0,471843.8698044089
53000.0,4.195449029,4.492121192141353E-7,53000.0,0.999994995956733,0.9808366227717192,0.9996,0.989943644181997,0.9997749099639855,48.01960784313726,0.9925691594933791,0.999897917517354,0.9497630331753608,53000.0,703872.0,0.676454100661376,0.32354589933862404,53000.0,0.0,339444.0,477828.82160037186
54000.0,4.322789656,4.7293801149943846E-7,54000.0,0.9999954746376065,0.9856186798426098,0.9997,0.9924394932645973,0.9997749099639855,48.26108374384236,0.9950109129172617,0.9998979279371236,0.9616113744075873,54000.0,720208.0,0.676454100661376,0.32354589933862404,54000.0,0.0,347612.0,489380.1179778353
55000.0,4.437374239,4.943775712473815E-7,55000.0,0.999994469001519,0.9855500549301281,0.9996,0.9899436391254799,0.9997749099639855,48.26108374384236,0.994960125028965,0.9997958558742472,0.9478672985782048,55000.0,723256.0,0.652979775257421,0.347020224742579,55000.0,0.0,349136.0,491535.3794468919
56000.0,4.514868262,5.089441126793748E-7,56000.0,0.999994469001519,0.9855492371990648,0.9996,0.9899436391254799,0.9997749099639855,48.26108374384236,0.994960125028965,0.9997958558742472,0.9469194312796269,56000.0,726592.0,0.652979775257421,0.347020224742579,56000.0,0.0,350804.0,493894.28766893025
57000.0,4.61468115,5.290982324690414E-7,57000.0,0.997562550865925,0.9717672506554087,0.9994,0.9854755240794013,0.9997749099639855,46.39336492890995,0.9927133933931679,0.9996935335580754,0.9206496519721513,57000.0,780512.0,0.7611447212985463,0.2388552787014537,57000.0,0.0,377764.0,532021.4853105089
58000.0,4.776033925,5.637862334624306E-7,58000.0,0.9975463318678137,0.971701966786171,0.9993,0.9830939762388243,0.9997749099639855,46.39336492890995,0.9926626709961088,0.9995913780774338,0.9058004640371183,58000.0,831008.0,0.741466587043427,0.25853341295657295,58000.0,0.0,403012.0,567727.5493333047
59000.0,4.890252237,5.883411561783196E-7,59000.0,0.9975405220774455,0.9717069360547343,0.9993,0.9830939762388243,0.9997749099639855,46.39336492890995,0.9926626709961088,0.9995913780774338,0.9041763341067244,59000.0,831008.0,0.741466587043427,0.25853341295657295,59000.0,0.0,403012.0,567727.5493333047
60000.0,4.985684629,6.088722504611686E-7,60000.0,0.9975233577951433,0.9776852176437322,0.9995,0.9878114776876924,0.9997749099639855,46.84688995215311,0.9950513304666614,0.9996935961597385,0.9303944315545319,60000.0,831608.0,0.741466587043427,0.25853341295657295,60000.0,0.0,403312.0,568151.8134020166
61000.0,5.078374403,6.299401215101117E-7,61000.0,0.9975268738751885,0.9765558015456915,0.9995,0.9878681412536591,0.9975233577951433,46.61904761904762,0.9950742051566704,0.9996935648621041,0.9293981481481556,61000.0,878600.0,0.7611447212985464,0.2388552787014537,61000.0,0.0,426808.0,601380.1752635349
62000.0,5.180602082,6.532594759552264E-7,62000.0,0.9966832777796112,0.9721240304400133,0.9995,0.9838729862197911,0.9975233577951433,62.69426751592356,0.9934587278711712,0.9996952148735142,0.9282407407407488,62000.0,881760.0,0.7611447212985464,0.2388552787014537,62000.0,0.0,428388.0,603614.6326920844
63000.0,5.343553806,6.913739868277477E-7,63000.0,0.9606699379130783,0.5343691529162751,0.9992,0.7138851535006048,0.9975233577951433,713.2857142857143,0.8449849699487056,0.9995994392149009,0.8844036697247667,63000.0,904136.0,0.7797699378821314,0.22023006211786858,63000.0,0.0,439576.0,619436.8540279146
64000.0,5.498119691,7.286856878500743E-7,64000.0,0.9595648193184745,0.534723539021176,0.9992,0.7138851535006048,0.9975233577951433,713.2857142857143,0.8449849699487056,0.9995994392149009,0.8825688073394462,64000.0,933112.0,0.7797699378821314,0.22023006211786858,64000.0,0.0,454064.0,639925.980119576
65000.0,5.639303792,7.629090767918776E-7,65000.0,0.9592500929873251,0.5348691740259162,0.9993,0.7403907490097483,0.9975233577951433,713.2857142857143,0.8450272943229938,0.9996995794111756,0.8956422018348572,65000.0,937000.0,0.7797699378821314,0.22023006211786858,65000.0,0.0,456008.0,642675.2112848293
66000.0,5.759531525,7.924606596368986E-7,66000.0,0.9590390832880318,0.5349188099742233,0.9993,0.7403907490097483,0.9975233577951433,713.2857142857143,0.8450272943229938,0.9996995794111756,0.8940366972477014,66000.0,950120.0,0.7797699378821314,0.22023006211786858,66000.0,0.0,462568.0,651952.4522539969
67000.0,5.906353927,8.285491249846399E-7,67000.0,0.9911955977988994,0.48960952036020444,0.9996,0.599799899949947,0.9975233577951433,1999.0,0.774519166948104,0.999799899949975,0.9385321100917503,67000.0,950120.0,0.7797699378821314,0.22023006211786858,67000.0,0.0,462568.0,651952.4522539969
68000.0,5.997260357,8.508936276235619E-7,68000.0,0.9921160580290145,0.48966106435070567,0.9997,0.666518452645616,0.9975233577951433,1999.0,0.774557919064154,0.9998999499749875,0.953211009174317,68000.0,950120.0,0.7797699378821314,0.22023006211786858,68000.0,0.0,462568.0,651952.4522539969
69000.0,6.096323971,8.763037213878852E-7,69000.0,0.9938528398450344,0.5893349595113484,0.9996,0.7140855741876829,0.9975233577951433,1427.5714285714287,0.8450696758686872,0.9997998599019313,0.9369863013698697,69000.0,991504.0,0.7973295310983515,0.20267046890164847,69000.0,0.0,483260.0,681215.3592866209
70000.0,6.188062539,8.999727606827374E-7,70000.0,0.9940100927792311,0.5893352383173258,0.9996,0.7140855741876829,0.9975233577951433,1427.5714285714287,0.8450696758686872,0.9997998599019313,0.9360730593607376,70000.0,997312.0,0.7973295310983515,0.20267046890164847,70000.0,0.0,486164.0,685322.2354717524
71000.0,6.285210316,9.253416048593365E-7,71000.0,0.9950250889908651,0.610889674641105,0.9996,0.7140855741876829,0.9940100927792311,1427.5714285714287,0.8450696758686872,0.9997998599019313,0.9353075170842897,71000.0,1009416.0,0.8138233266192538,0.18617667338074612,71000.0,0.0,492216.0,693881.0559512343
72000.0,6.446034622,9.677471221792245E-7,72000.0,0.9942531200411717,0.6108818508393813,0.9996,0.7140855741876829,0.9940100927792311,1427.5714285714287,0.8450696758686872,0.9997998599019313,0.9343963553530822,72000.0,1019232.0,0.8138233266192538,0.18617667338074612,72000.0,0.0,497124.0,700822.0161153615
73000.0,6.556062937,9.968673458218618E-7,73000.0,0.9999333133273315,0.8577341322314512,0.9999,0.8570938607522384,0.9940100927792311,3332.3333333333335,0.9999499837446857,0.9998999699909973,0.9833712984054689,73000.0,1023040.0,0.8138233266192538,0.18617667338074612,73000.0,0.0,499028.0,703514.6787381199
74000.0,6.65428134,1.0228619442230342E-6,74000.0,0.9999333133273315,0.8577591206578639,0.9999,0.8570938607522384,0.9940100927792311,3332.3333333333335,0.9999499837446857,0.9998999699909973,0.9831435079726671,74000.0,1023040.0,0.8138233266192538,0.18617667338074612,74000.0,0.0,499028.0,703514.6787381199
75000.0,6.777203583,1.0553946900604543E-6,75000.0,0.9999333133273315,0.8577800885111554,0.9999,0.8570938607522384,0.9940100927792311,3332.3333333333335,0.9999499837446857,0.9998999699909973,0.9829157175398653,75000.0,1023040.0,0.8138233266192538,0.18617667338074612,75000.0,0.0,499028.0,703514.6787381199
76000.0,6.874307535,1.0813049498508749E-6,76000.0,0.9998999699909973,0.8577110084929644,0.9998,0.7499062148305761,0.9940100927792311,3332.3333333333335,0.9998999649874954,0.9997999399819946,0.9653758542141269,76000.0,1031424.0,0.7973295310983515,0.20267046890164847,76000.0,0.0,503220.0,709443.0619915879
77000.0,6.976020393,1.1090853623821465E-6,77000.0,0.9999979983826932,0.9946086249354081,0.9998,0.9950198607951495,0.9940100927792311,48.01960784313726,0.9998979123064055,0.999795835034708,0.9759375000000026,77000.0,1055760.0,0.8138233266192538,0.18617667338074612,77000.0,0.0,515388.0,726651.2126185437
78000.0,7.078785615,1.1377976337223378E-6,78000.0,0.9999611548948567,0.9896766344998988,0.9996,0.9900870603921075,0.9940100927792311,47.78048780487805,0.9974052168243298,0.9996937212863706,0.9513260530421268,78000.0,1080000.0,0.7973295310983515,0.2026704689016485,78000.0,0.0,527508.0,743791.4809945056
79000.0,7.200994545,1.1721518356419231E-6,79000.0,0.9999780678723432,0.9926670744409744,0.9997,0.9936860927353032,0.9940100927792311,40.1522633744856,0.9978379809200836,0.9997950189607462,0.9651982378854663,79000.0,1086624.0,0.7973295310983515,0.2026704689016485,79000.0,0.0,530820.0,748475.3563130853
80000.0,7.299473687,1.2001310798811749E-6,80000.0,0.9999041039494292,0.9907933392361851,0.9981,0.9779177918907622,0.9940100927792311,21.573363431151243,0.996852324639199,0.9982211991210631,0.8274687854710542,80000.0,1098232.0,0.0046169822866307785,0.9953830177133692,80000.0,0.0,536624.0,756683.4518290987
81000.0,7.407248929,1.2313755709500985E-6,81000.0,0.9996681370892072,0.9904708195794475,0.9981,0.9778709836417651,0.9999041039494292,21.624434389140273,0.9968473034421339,0.998221385227035,0.8253121452894423,81000.0,1120616.0,0.0046169822866307785,0.9953830177133692,81000.0,0.0,547816.0,772511.3300191785
82000.0,7.575574157,1.2807067561746597E-6,82000.0,0.9994375846818518,0.989993475785264,0.9981,0.9778709836417651,0.9999041039494292,21.624434389140273,0.9968473034421339,0.998221385227035,0.8231555051078301,82000.0,1132856.0,0.0046169822866307785,0.9953830177133692,82000.0,0.0,553936.0,781166.3170209017
83000.0,7.733233398,1.327379304390494E-6,83000.0,0.9992008778981195,0.9894836262456752,0.9981,0.9778709836417651,0.9999041039494292,21.624434389140273,0.9968473034421339,0.998221385227035,0.8209988649262191,83000.0,1144312.0,0.0046169822866307785,0.9953830177133692,83000.0,0.0,559664.0,789266.9323061749
84000.0,7.892607275,1.3747171077704555E-6,84000.0,0.9989629875804684,0.9889746007893827,0.9981,0.9778709836417651,0.9999041039494292,21.624434389140273,0.9968473034421339,0.998221385227035,0.8188422247446072,84000.0,1148136.0,0.0046169822866307785,0.9953830177133692,84000.0,0.0,561576.0,791970.9086374323
85000.0,8.049586277,1.4213435767460367E-6,85000.0,0.9987269909170873,0.9884916490679522,0.9981,0.9778709836417651,0.9999041039494292,21.624434389140273,0.9968473034421339,0.998221385227035,0.8166855845629953,85000.0,1148136.0,0.0046169822866307785,0.9953830177133692,85000.0,0.0,561576.0,791970.9086374323
86000.0,8.157851125,1.4535834723069767E-6,86000.0,0.9984951878369795,0.9876699344038091,0.9982,0.9790578304051911,0.9999041039494292,21.573363431151243,0.9969045691991071,0.9983258344668829,0.8244897959183656,86000.0,1151088.0,0.0046169822866307785,0.9953830177133692,86000.0,0.0,563052.0,794058.2878554949
87000.0,8.31161714,1.4993730370272075E-6,87000.0,0.9968824054515981,0.9838506862858091,0.9982,0.9629331874822898,0.9999041039494292,40.32231404958678,0.99504241517851,0.9983603197376512,0.822448979591835,87000.0,1151088.0,0.0046169822866307785,0.9953830177133692,87000.0,0.0,563052.0,794058.2878554949
88000.0,8.456819887,1.5427120390025381E-6,88000.0,0.9999719378090827,0.9874762423617249,0.9984,0.9669222611115351,0.9999041039494292,40.49377593360996,0.9971559343691007,0.9984629572702121,0.8403628117913781,88000.0,1153736.0,0.0046169822866307785,0.9953830177133692,88000.0,0.0,564376.0,795930.7066120768
89000.0,8.555369139,1.5721262637010238E-6,89000.0,0.9999664906409883,0.985700829514499,0.9984,0.9607224130185551,0.9999041039494292,48.75124378109453,0.9967455657987863,0.9984692315542403,0.838548752834462,89000.0,1153736.0,0.0046169822866307785,0.9953830177133692,89000.0,0.0,564376.0,795930.7066120768
90000.0,8.689467929,1.6094206856698192E-6,90000.0,0.9999982355567083,0.8968804808062826,0.9998,0.9820423262370612,0.9999041039494292,174.43859649122808,0.9822994862575031,1.0,0.9808102345415799,90000.0,1075032.0,0.0046169822866307785,0.9953830177133692,90000.0,0.0,525024.0,740278.5745055708
91000.0,8.86297392,1.6599875974761096E-6,91000.0,0.9999964632103137,0.9639362554069217,0.9997,0.9924027475716657,0.9999982355567083,48.504950495049506,0.9949864113479617,0.9998979383547663,0.9747922437673159,91000.0,1126560.0,0.0046169822866307785,0.9953830177133692,91000.0,0.0,550788.0,776714.3727265513
92000.0,8.962470631,1.6888992375459357E-6,92000.0,0.9999964632103137,0.9639015960187636,0.9997,0.9924027475716657,0.9999982355567083,48.504950495049506,0.9949864113479617,0.9998979383547663,0.9745152354570666,92000.0,1123224.0,0.0046169822866307785,0.9953830177133692,92000.0,0.0,549120.0,774355.464504513
93000.0,9.057387445,1.716638387350113E-6,93000.0,0.9999964632103137,0.9639311658415094,0.9997,0.9924027475716657,0.9999982355567083,48.504950495049506,0.9949864113479617,0.9998979383547663,0.9742382271468172,93000.0,1129672.0,0.0046169822866307785,0.9953830177133692,93000.0,0.0,552344.0,778914.8890296038
94000.0,9.188591313,1.7549823181666228E-6,94000.0,0.9999964632103137,0.9639575716682974,0.9997,0.9924027475716657,0.9999982355567083,48.504950495049506,0.9949864113479617,0.9998979383547663,0.9739612188365678,94000.0,1129672.0,0.0046169822866307785,0.9953830177133692,94000.0,0.0,552344.0,778914.8890296038
95000.0,9.455071768,1.8256748025824834E-6,95000.0,0.9999477601034691,0.9355259427599583,0.9984,0.9722397266168269,0.9999982355567083,32.11258278145695,0.9780887568639998,0.9996906578676016,0.8715131022823295,95000.0,1025440.0,0.0046169822866307785,0.9953830177133692,95000.0,0.0,500228.0,705211.7350129676
96000.0,9.629010071,1.8727948699172897E-6,96000.0,0.9999438240541975,0.9359194929721952,0.9984,0.9721488130694472,0.9999982355567083,32.222591362126245,0.9780156848972351,0.9996906897618311,0.870160608622143,96000.0,1047160.0,0.0046169822866307785,0.9953830177133692,96000.0,0.0,511088.0,720570.0943003393
96554.0,9.756160428,1.9073405577018113E-6,96554.0,0.9999438240541975,0.9359201054106858,0.9984,0.9721488130694472,0.9999982355567083,32.222591362126245,0.9780156848972351,0.9996906897618311,0.8694113271344002,96554.0,1050216.0,0.0046169822866307785,0.9953830177133692,96554.0,0.0,512616.0,722731.0126236455
