learning evaluation instances,evaluation time (cpu seconds),model cost (RAM-Hours),classified instances,AUC,sAUC,Accuracy,Kappa,Periodical holdout AUC,Pos/Neg ratio,G-Mean,Recall,KappaM,model training instances,model serialized size (bytes),member weight 1,member weight 2,[avg] model training instances,[err] model training instances,[avg] model serialized size (bytes),[err] model serialized size (bytes),[avg] tree size (nodes),[err] tree size (nodes),[avg] tree size (leaves),[err] tree size (leaves),[avg] active learning leaves,[err] active learning leaves,[avg] tree depth,[err] tree depth,[avg] active leaf byte size estimate,[err] active leaf byte size estimate,[avg] inactive leaf byte size estimate,[err] inactive leaf byte size estimate,[avg] byte size estimate overhead,[err] byte size estimate overhead
1000.0,0.033036063,4.658158810995519E-10,1000.0,1.0,1.0,0.999,0.0,0.0,1.7976931348623157E308,?,0.999,-Infinity,1000.0,54504.0,0.5263157894736842,0.4736842105263158,1000.0,0.0,11120.0,13508.567947787804,0.0,0.0,0.0,0.0,0.0,0.0,0.0,0.0,0.0,0.0,0.0,0.0,0.0,0.0
2000.0,0.0662521,9.356130619781712E-10,2000.0,1.0,1.0,0.9995,0.0,0.0,1.7976931348623157E308,?,0.9995,-Infinity,2000.0,54672.0,0.5263157894736842,0.4736842105263158,2000.0,0.0,11204.0,13627.361887027144,0.0,0.0,0.0,0.0,0.0,0.0,0.0,0.0,0.0,0.0,0.0,0.0,0.0,0.0
3000.0,0.097219649,1.3749542386829853E-9,3000.0,1.0,1.0,0.9996666666666667,0.0,0.0,1.7976931348623157E308,?,0.9996666666666667,-Infinity,3000.0,54840.0,0.5263157894736842,0.4736842105263158,3000.0,0.0,11288.0,13746.155826266484,0.0,0.0,0.0,0.0,0.0,0.0,0.0,0.0,0.0,0.0,0.0,0.0,0.0,0.0
4000.0,0.128133645,1.8135356510927281E-9,4000.0,1.0,1.0,0.99975,0.0,0.0,1.7976931348623157E308,?,0.99975,-Infinity,4000.0,54840.0,0.5263157894736842,0.4736842105263158,4000.0,0.0,11288.0,13746.155826266484,0.0,0.0,0.0,0.0,0.0,0.0,0.0,0.0,0.0,0.0,0.0,0.0,0.0,0.0
5000.0,0.157847398,2.2350890393617254E-9,5000.0,1.0,1.0,0.9998,0.0,0.0,1.7976931348623157E308,?,0.9998,-Infinity,5000.0,54840.0,0.5263157894736842,0.4736842105263158,5000.0,0.0,11288.0,13746.155826266484,0.0,0.0,0.0,0.0,0.0,0.0,0.0,0.0,0.0,0.0,0.0,0.0,0.0,0.0
6000.0,0.184688281,2.6170511489423612E-9,6000.0,1.0,1.0,0.9998333333333334,0.0,0.0,1.7976931348623157E308,?,0.9998333333333334,-Infinity,6000.0,55008.0,0.5263157894736842,0.4736842105263158,6000.0,0.0,11372.0,13864.949765505824,0.0,0.0,0.0,0.0,0.0,0.0,0.0,0.0,0.0,0.0,0.0,0.0,0.0,0.0
7000.0,0.202136711,2.8653529328914978E-9,7000.0,1.0,1.0,0.9998571428571429,0.0,0.0,1.7976931348623157E308,?,0.9998571428571429,-Infinity,7000.0,55008.0,0.5263157894736842,0.4736842105263158,7000.0,0.0,11372.0,13864.949765505824,0.0,0.0,0.0,0.0,0.0,0.0,0.0,0.0,0.0,0.0,0.0,0.0,0.0,0.0
8000.0,0.218047257,3.09176969104136E-9,8000.0,1.0,1.0,0.999875,0.0,0.0,1.7976931348623157E308,?,0.999875,-Infinity,8000.0,55008.0,0.5263157894736842,0.4736842105263158,8000.0,0.0,11372.0,13864.949765505824,0.0,0.0,0.0,0.0,0.0,0.0,0.0,0.0,0.0,0.0,0.0,0.0,0.0,0.0
9000.0,0.236897617,3.3600217925819256E-9,9000.0,1.0,1.0,0.9998888888888889,0.0,0.0,1.7976931348623157E308,?,0.9998888888888889,-Infinity,9000.0,55008.0,0.5263157894736842,0.4736842105263158,9000.0,0.0,11372.0,13864.949765505824,0.0,0.0,0.0,0.0,0.0,0.0,0.0,0.0,0.0,0.0,0.0,0.0,0.0,0.0
10000.0,0.265878925,3.772443453303228E-9,10000.0,1.0,1.0,0.9999,0.0,0.0,1.7976931348623157E308,?,0.9999,-Infinity,10000.0,55008.0,0.5263157894736842,0.4736842105263158,10000.0,0.0,11372.0,13864.949765505824,0.0,0.0,0.0,0.0,0.0,0.0,0.0,0.0,0.0,0.0,0.0,0.0,0.0,0.0
11000.0,0.297729157,4.227075915417324E-9,11000.0,1.0,1.0,1.0,?,1.0,1.7976931348623157E308,?,1.0,?,11000.0,55176.0,0.5263157894736842,0.4736842105263158,11000.0,0.0,11456.0,13983.743704745164,0.0,0.0,0.0,0.0,0.0,0.0,0.0,0.0,0.0,0.0,0.0,0.0,0.0,0.0
12000.0,0.32743264,4.651065530615548E-9,12000.0,1.0,1.0,1.0,?,1.0,1.7976931348623157E308,?,1.0,?,12000.0,55176.0,0.5263157894736842,0.4736842105263158,12000.0,0.0,11456.0,13983.743704745164,0.0,0.0,0.0,0.0,0.0,0.0,0.0,0.0,0.0,0.0,0.0,0.0,0.0,0.0
13000.0,0.356112431,5.060442893871416E-9,13000.0,1.0,1.0,1.0,?,1.0,1.7976931348623157E308,?,1.0,?,13000.0,55176.0,0.5263157894736842,0.4736842105263158,13000.0,0.0,11456.0,13983.743704745164,0.0,0.0,0.0,0.0,0.0,0.0,0.0,0.0,0.0,0.0,0.0,0.0,0.0,0.0
14000.0,0.395182895,5.824655061929176E-9,14000.0,0.4958995899589959,-0.4958995899589959,0.9999,0.0,1.0,9999.0,0.0,1.0,-0.39999999999906743,14000.0,75608.0,0.578368999421631,0.42163100057836905,14000.0,0.0,21604.0,28335.182935707333,0.0,0.0,0.0,0.0,0.0,0.0,0.0,0.0,0.0,0.0,0.0,0.0,0.0,0.0
15000.0,0.432755669,6.809495949031165E-9,15000.0,0.7768080513502309,0.07729454357868792,0.9996,0.5998319294104408,1.0,1427.5714285714287,0.6546536707079771,1.0,0.14285714285714285,15000.0,101320.0,0.6990722982038854,0.30092770179611456,15000.0,0.0,34392.0,46420.145971334474,0.0,0.0,0.0,0.0,0.0,0.0,0.0,0.0,0.0,0.0,0.0,0.0,0.0,0.0
16000.0,0.468038099,7.745037400753548E-9,16000.0,0.8796243312065463,0.42873867642077873,0.9996,0.8331386617720773,1.0,713.2857142857143,0.8451542547285166,1.0,0.5428571428571719,16000.0,102496.0,0.8694936653989009,0.13050633460109906,16000.0,0.0,34980.0,47251.70354600985,0.0,0.0,0.0,0.0,0.0,0.0,0.0,0.0,0.0,0.0,0.0,0.0,0.0,0.0
17000.0,0.506425176,8.760517632276233E-9,17000.0,0.8751394809876685,0.4331949760398928,0.9996,0.8331386617720773,1.0,713.2857142857143,0.8451542547285166,1.0,0.5142857142857451,17000.0,102256.0,0.8809911580846617,0.1190088419153384,17000.0,0.0,34800.0,46997.14510478269,0.0,0.0,0.0,0.0,0.0,0.0,0.0,0.0,0.0,0.0,0.0,0.0,0.0,0.0
18000.0,0.532291541,9.580057038892474E-9,18000.0,0.8743812766444451,0.43354592353799304,0.9993,0.7403907490097483,1.0,713.2857142857143,0.8450272943229938,0.9996995794111756,0.0999999999999429,18000.0,122472.0,0.8570656108013086,0.1429343891986914,18000.0,0.0,44900.0,61280.702084750956,0.0,0.0,0.0,0.0,0.0,0.0,0.0,0.0,0.0,0.0,0.0,0.0,0.0,0.0
19000.0,0.559035978,1.0429741640722173E-8,19000.0,0.8734835913135532,0.43442849830837527,0.9993,0.7403907490097483,1.0,713.2857142857143,0.8450272943229938,0.9996995794111756,0.04999999999993973,19000.0,122808.0,0.8570656108013086,0.1429343891986914,19000.0,0.0,45068.0,61518.28996322963,0.0,0.0,0.0,0.0,0.0,0.0,0.0,0.0,0.0,0.0,0.0,0.0,0.0,0.0
20000.0,0.59492178,1.1572971455974298E-8,20000.0,0.8729292437984607,0.43496870089505735,0.9993,0.7403907490097483,1.0,713.2857142857143,0.8450272943229938,0.9996995794111756,0.0,20000.0,123144.0,0.8570656108013086,0.1429343891986914,20000.0,0.0,45236.0,61755.877841708316,0.0,0.0,0.0,0.0,0.0,0.0,0.0,0.0,0.0,0.0,0.0,0.0,0.0,0.0
21000.0,0.632565103,1.2773827436129666E-8,21000.0,0.8716667620382822,0.4362139377669751,0.9993,0.7403907490097483,0.8729292437984607,713.2857142857143,0.8450272943229938,0.9996995794111756,-0.049999999999991676,21000.0,123312.0,0.8570656108013086,0.1429343891986914,21000.0,0.0,45320.0,61874.671780947654,0.0,0.0,0.0,0.0,0.0,0.0,0.0,0.0,0.0,0.0,0.0,0.0,0.0,0.0
22000.0,0.667327422,1.3888820109042442E-8,22000.0,0.8707261594804154,0.43714025164306536,0.9993,0.7403907490097483,0.8729292437984607,713.2857142857143,0.8450272943229938,0.9996995794111756,-0.10000000000001745,22000.0,123984.0,0.8570656108013086,0.1429343891986914,22000.0,0.0,45656.0,62349.847537905014,0.0,0.0,0.0,0.0,0.0,0.0,0.0,0.0,0.0,0.0,0.0,0.0,0.0,0.0
23000.0,0.703806797,1.5058886922980763E-8,23000.0,0.8702147291922978,0.43763902873716093,0.9993,0.7403907490097483,0.8729292437984607,713.2857142857143,0.8450272943229938,0.9996995794111756,-0.1500000000000456,23000.0,123984.0,0.8570656108013086,0.1429343891986914,23000.0,0.0,45656.0,62349.847537905014,0.0,0.0,0.0,0.0,0.0,0.0,0.0,0.0,0.0,0.0,0.0,0.0,0.0,0.0
24000.0,0.740160168,1.622649217022376E-8,24000.0,0.9060624966302346,0.5023607017775424,0.9994,0.7689303787230766,0.8729292437984607,768.2307692307693,0.8769262794611029,0.99969960949234,-0.028571428571423134,24000.0,124152.0,0.8570656108013086,0.1429343891986914,24000.0,0.0,45740.0,62468.64147714435,0.0,0.0,0.0,0.0,0.0,0.0,0.0,0.0,0.0,0.0,0.0,0.0,0.0,0.0
25000.0,0.76295836,1.697132724834399E-8,25000.0,0.9762560048038431,0.6671430679781887,0.9996,0.777580071174399,0.8729292437984607,1249.0,0.9352739116600364,0.9996997598078463,0.3333333333334567,25000.0,126288.0,0.8570656108013086,0.1429343891986914,25000.0,0.0,46808.0,63979.02156175882,0.0,0.0,0.0,0.0,0.0,0.0,0.0,0.0,0.0,0.0,0.0,0.0,0.0,0.0
26000.0,0.785122502,1.7696410700049666E-8,26000.0,0.8930893089308931,1.8915721734480417E-4,0.9996,-1.5002250357418483E-4,0.8729292437984607,9999.0,0.0,0.9996999699969997,0.3066666666666872,26000.0,126456.0,0.8570656108013086,0.1429343891986914,26000.0,0.0,46892.0,64097.81550099816,0.0,0.0,0.0,0.0,0.0,0.0,0.0,0.0,0.0,0.0,0.0,0.0,0.0,0.0
27000.0,0.806849213,1.8408128201555877E-8,27000.0,0.9752259011036645,0.5756381679341713,0.9996,0.49981242966115225,0.8729292437984607,3332.3333333333335,0.8163740604947349,0.9996999099729919,0.3647058823530283,27000.0,126624.0,0.8809911580846617,0.1190088419153384,27000.0,0.0,46976.0,64216.6094402375,0.0,0.0,0.0,0.0,0.0,0.0,0.0,0.0,0.0,0.0,0.0,0.0,0.0,0.0
28000.0,0.829804317,1.916307806113528E-8,28000.0,0.9736921076322896,0.5758133530426688,0.9999,0.7999519884772598,0.8729292437984607,3332.3333333333335,0.816496580927726,1.0,0.8352941176470631,28000.0,251376.0,0.8809911580846617,0.1190088419153384,28000.0,0.0,47228.0,64572.99125795552,0.0,0.0,0.0,0.0,0.0,0.0,0.0,0.0,0.0,0.0,0.0,0.0,0.0,0.0
29000.0,0.85493812,2.087974515738173E-8,29000.0,0.9806422569027611,0.6522175711474845,0.9999,0.8570938607522384,0.8729292437984607,2499.0,0.8660254037844386,1.0,0.8388888888888949,29000.0,264016.0,0.8916020103548332,0.10839798964516677,29000.0,0.0,47232.0,64578.64811220501,0.0,0.0,0.0,0.0,0.0,0.0,0.0,0.0,0.0,0.0,0.0,0.0,0.0,0.0
30000.0,0.884096971,2.2871327572349048E-8,30000.0,0.9791416566626651,0.6522201758534388,0.9999,0.8570938607522384,0.8729292437984607,2499.0,0.8660254037844386,1.0,0.8333333333333641,30000.0,264016.0,0.8916020103548332,0.10839798964516677,30000.0,0.0,47232.0,64578.64811220501,0.0,0.0,0.0,0.0,0.0,0.0,0.0,0.0,0.0,0.0,0.0,0.0,0.0,0.0
31000.0,0.915560855,2.5020346341331804E-8,31000.0,0.9801420568227291,0.6522232304389253,0.9999,0.8570938607522384,0.9791416566626651,2499.0,0.8660254037844386,1.0,0.8277777777777916,31000.0,264016.0,0.8916020103548332,0.10839798964516677,31000.0,0.0,47232.0,64578.64811220501,0.0,0.0,0.0,0.0,0.0,0.0,0.0,0.0,0.0,0.0,0.0,0.0,0.0,0.0
32000.0,0.962977673,2.7039946486105527E-8,32000.0,0.9992187872715996,0.9767795767078553,0.9997,0.9887778309791729,0.9791416566626651,72.52941176470588,0.9925695087801311,0.9998986212489862,0.9360000000000065,32000.0,164640.0,0.9502679516749173,0.049732048325082684,32000.0,0.0,65928.0,91018.7848743324,0.0,0.0,0.0,0.0,0.0,0.0,0.0,0.0,0.0,0.0,0.0,0.0,0.0,0.0
33000.0,1.023673979,2.9732681547602022E-8,33000.0,0.9994955924386905,0.9843755432658478,0.9996,0.9899919134660817,0.9791416566626651,48.01960784313726,0.9949843793162721,0.999795835034708,0.9394495412844104,33000.0,171488.0,0.9550174490677508,0.04498255093224923,33000.0,0.0,69352.0,95861.05211189788,0.0,0.0,0.0,0.0,0.0,0.0,0.0,0.0,0.0,0.0,0.0,0.0,0.0,0.0
34000.0,1.089934381,3.2683781707949115E-8,34000.0,0.9995781591525953,0.9843950478344683,0.9996,0.9899919134660817,0.9791416566626651,48.01960784313726,0.9949843793162721,0.999795835034708,0.9376146788990893,34000.0,172160.0,0.9593327725981882,0.04066722740181185,34000.0,0.0,69688.0,96336.22786885523,0.0,0.0,0.0,0.0,0.0,0.0,0.0,0.0,0.0,0.0,0.0,0.0,0.0,0.0
35000.0,1.143609018,3.346215665609266E-8,35000.0,0.9998496574049259,0.9892491587479947,0.9997,0.992475877663791,0.9791416566626651,48.26108374384236,0.9974320794600254,0.9997958558742472,0.9518348623853268,35000.0,56056.0,0.9632500434543846,0.036749956545615386,35000.0,0.0,11836.0,14521.14485844694,0.0,0.0,0.0,0.0,0.0,0.0,0.0,0.0,0.0,0.0,0.0,0.0,0.0,0.0
36000.0,1.172736585,3.3889620425999166E-8,36000.0,0.9998546855853632,0.9892497999327883,0.9997,0.992475877663791,0.9791416566626651,48.26108374384236,0.9974320794600254,0.9997958558742472,0.950458715596336,36000.0,56728.0,0.9632500434543846,0.036749956545615386,36000.0,0.0,12172.0,14996.3206154043,0.0,0.0,0.0,0.0,0.0,0.0,0.0,0.0,0.0,0.0,0.0,0.0,0.0,0.0
37000.0,1.200649277,3.430168147495224E-8,37000.0,0.9998883021366278,0.9905058122596068,0.9997,0.9924027475716657,0.9791416566626651,48.75124378109453,0.9974075338584412,0.9997958975405654,0.9490825688073449,37000.0,57064.0,0.9632500434543846,0.036749956545615386,37000.0,0.0,12340.0,15233.90849388298,0.0,0.0,0.0,0.0,0.0,0.0,0.0,0.0,0.0,0.0,0.0,0.0,0.0,0.0
38000.0,1.229322873,3.472497536738714E-8,38000.0,0.9999213037780786,0.9905109150725441,0.9997,0.9924027475716657,0.9791416566626651,48.75124378109453,0.9974075338584412,0.9997958975405654,0.9477064220183543,38000.0,57064.0,0.9632500434543846,0.036749956545615386,38000.0,0.0,12340.0,15233.90849388298,0.0,0.0,0.0,0.0,0.0,0.0,0.0,0.0,0.0,0.0,0.0,0.0,0.0,0.0
39000.0,1.258579564,3.515687719836624E-8,39000.0,0.9999540816326531,0.9910639913132887,0.9997,0.9923656351791539,0.9791416566626651,49.0,0.9973950765747294,0.9997959183673469,0.9463302752293641,39000.0,57064.0,0.9632500434543846,0.036749956545615386,39000.0,0.0,12340.0,15233.90849388298,0.0,0.0,0.0,0.0,0.0,0.0,0.0,0.0,0.0,0.0,0.0,0.0,0.0,0.0
40000.0,1.287939901,3.5592861204673016E-8,40000.0,0.9999923469387755,0.9910694461809291,0.9997,0.9923656351791539,0.9791416566626651,49.0,0.9973950765747294,0.9997959183673469,0.9449541284403726,40000.0,57400.0,0.9632500434543846,0.036749956545615386,40000.0,0.0,12508.0,15471.49637236166,0.0,0.0,0.0,0.0,0.0,0.0,0.0,0.0,0.0,0.0,0.0,0.0,0.0,0.0
41000.0,1.320363191,3.607432828973565E-8,41000.0,0.9999933673469388,0.9910789883477766,0.9997,0.9923656351791539,0.9999923469387755,49.0,0.9973950765747294,0.9997959183673469,0.9435779816513824,41000.0,57400.0,0.9632500434543846,0.036749956545615386,41000.0,0.0,12508.0,15471.49637236166,0.0,0.0,0.0,0.0,0.0,0.0,0.0,0.0,0.0,0.0,0.0,0.0,0.0,0.0
42000.0,1.349862795,3.651238033036391E-8,42000.0,1.0,0.9999017646975824,0.9999,0.9926503877655424,0.9999923469387755,146.05882352941177,0.9999496564049319,0.9998993153443415,0.9807339449541306,42000.0,57400.0,0.9632500434543846,0.036749956545615386,42000.0,0.0,12508.0,15471.49637236166,0.0,0.0,0.0,0.0,0.0,0.0,0.0,0.0,0.0,0.0,0.0,0.0,0.0,0.0
43000.0,1.367795918,3.677867682454694E-8,43000.0,1.0,1.0,1.0,?,0.9999923469387755,1.7976931348623157E308,?,1.0,1.0,43000.0,57400.0,0.9632500434543846,0.036749956545615386,43000.0,0.0,12508.0,15471.49637236166,0.0,0.0,0.0,0.0,0.0,0.0,0.0,0.0,0.0,0.0,0.0,0.0,0.0,0.0
44000.0,1.389047727,3.709821234237403E-8,44000.0,0.49524952495249525,-0.49524952495249525,0.9999,0.0,0.9999923469387755,9999.0,0.0,1.0,0.9799086757990891,44000.0,58120.0,0.9668030404267699,0.033196959573230135,44000.0,0.0,12808.0,15895.760441073588,0.0,0.0,0.0,0.0,0.0,0.0,0.0,0.0,0.0,0.0,0.0,0.0,0.0,0.0
45000.0,1.424760868,3.7823511985174076E-8,45000.0,0.49444944494449444,-0.49444944494449444,0.9999,0.0,0.9999923469387755,9999.0,0.0,1.0,0.9794520547945229,45000.0,78504.0,0.9700232225973356,0.029976777402664315,45000.0,0.0,22992.0,30298.11136028119,0.0,0.0,0.0,0.0,0.0,0.0,0.0,0.0,0.0,0.0,0.0,0.0,0.0,0.0
46000.0,1.457046662,3.848341508585339E-8,46000.0,0.49334933493349337,-0.49334933493349337,0.9999,0.0,0.9999923469387755,9999.0,0.0,1.0,0.9789954337899566,46000.0,79008.0,0.9700232225973356,0.029976777402664315,46000.0,0.0,23244.0,30654.493177999208,0.0,0.0,0.0,0.0,0.0,0.0,0.0,0.0,0.0,0.0,0.0,0.0,0.0,0.0
47000.0,1.500319245,3.960789510517278E-8,47000.0,0.4896479295859172,-0.4896479295859172,0.9998,0.0,0.9999923469387755,4999.0,0.0,1.0,0.9572727272727317,47000.0,100448.0,0.9755797224713604,0.024420277528639688,47000.0,0.0,33896.0,45718.69604439742,0.0,0.0,0.0,0.0,0.0,0.0,0.0,0.0,0.0,0.0,0.0,0.0,0.0,0.0
48000.0,1.535383665,4.052517389167308E-8,48000.0,0.4842968593718744,-0.4842968593718744,0.9998,0.0,0.9999923469387755,4999.0,0.0,1.0,0.9563636363636416,48000.0,101120.0,0.9755797224713604,0.024420277528639688,48000.0,0.0,34232.0,46193.87180135478,0.0,0.0,0.0,0.0,0.0,0.0,0.0,0.0,0.0,0.0,0.0,0.0,0.0,0.0
49000.0,1.568217549,4.139123735151151E-8,49000.0,0.48119623924784954,-0.48119623924784954,0.9998,0.0,0.9999923469387755,4999.0,0.0,1.0,0.9554545454545509,49000.0,101960.0,0.9755797224713604,0.024420277528639688,49000.0,0.0,34652.0,46787.841497551475,0.0,0.0,0.0,0.0,0.0,0.0,0.0,0.0,0.0,0.0,0.0,0.0,0.0,0.0
50000.0,1.602382779,4.231129707541525E-8,50000.0,0.7298419367747099,0.005167357844694576,0.9996,0.3331555081355964,0.9999923469387755,2499.0,0.4999749893704668,0.9998999599839936,0.9099099099099198,50000.0,104096.0,0.9755797224713604,0.024420277528639688,50000.0,0.0,35720.0,48298.22158216594,0.0,0.0,0.0,0.0,0.0,0.0,0.0,0.0,0.0,0.0,0.0,0.0,0.0,0.0
51000.0,1.641904322,4.337731842742613E-8,51000.0,0.7251400560224089,0.007517514929921698,0.9996,0.3331555081355964,0.7298419367747099,2499.0,0.4999749893704668,0.9998999599839936,0.9081081081081176,51000.0,104264.0,0.9755797224713604,0.024420277528639688,51000.0,0.0,35804.0,48417.01552140528,0.0,0.0,0.0,0.0,0.0,0.0,0.0,0.0,0.0,0.0,0.0,0.0,0.0,0.0
52000.0,1.683043528,4.469531559841087E-8,52000.0,0.9805187816166182,0.9303455437662311,0.9996,0.9640846524741226,0.7298419367747099,174.43859649122808,0.9732795801386573,0.9998994267323745,0.9243636363636444,52000.0,123840.0,0.9755797224713604,0.024420277528639688,52000.0,0.0,45584.0,62248.02416141415,0.0,0.0,0.0,0.0,0.0,0.0,0.0,0.0,0.0,0.0,0.0,0.0,0.0,0.0
53000.0,1.724070299,4.601327682154875E-8,53000.0,0.9944485143996349,0.9805087124140771,0.9996,0.989943644181997,0.7298419367747099,48.01960784313726,0.9925691594933791,0.999897917517354,0.9497630331753608,53000.0,124176.0,0.9755797224713604,0.024420277528639688,53000.0,0.0,45752.0,62485.61203989283,0.0,0.0,0.0,0.0,0.0,0.0,0.0,0.0,0.0,0.0,0.0,0.0,0.0,0.0
54000.0,1.759664277,4.715671272054315E-8,54000.0,0.997035636223213,0.9876187768581418,0.9997,0.9924394932645973,0.7298419367747099,48.26108374384236,0.9950109129172617,0.9998979279371236,0.9616113744075873,54000.0,124176.0,0.9755797224713604,0.024420277528639688,54000.0,0.0,45752.0,62485.61203989283,0.0,0.0,0.0,0.0,0.0,0.0,0.0,0.0,0.0,0.0,0.0,0.0,0.0,0.0
55000.0,1.796165706,4.8332472786381845E-8,55000.0,0.9970341277690818,0.9875211282768556,0.9996,0.9899436391254799,0.7298419367747099,48.26108374384236,0.994960125028965,0.9997958558742472,0.9478672985782048,55000.0,124512.0,0.9729397825260336,0.02706021747396636,55000.0,0.0,45920.0,62723.19991837151,0.0,0.0,0.0,0.0,0.0,0.0,0.0,0.0,0.0,0.0,0.0,0.0,0.0,0.0
56000.0,1.834760259,4.957565518826247E-8,56000.0,0.9969760522850315,0.9875397265870355,0.9996,0.9899436391254799,0.7298419367747099,48.26108374384236,0.994960125028965,0.9997958558742472,0.9469194312796269,56000.0,124512.0,0.9729397825260336,0.02706021747396636,56000.0,0.0,45920.0,62723.19991837151,0.0,0.0,0.0,0.0,0.0,0.0,0.0,0.0,0.0,0.0,0.0,0.0,0.0,0.0
57000.0,1.921921665,5.469655925626557E-8,57000.0,0.9966971341756561,0.982538572646008,0.9994,0.9854755240794013,0.7298419367747099,46.39336492890995,0.9927133933931679,0.9996935335580754,0.9206496519721513,57000.0,227104.0,0.9903954055360884,0.00960459446391161,57000.0,0.0,96996.0,134955.57183013973,0.0,0.0,0.0,0.0,0.0,0.0,0.0,0.0,0.0,0.0,0.0,0.0,0.0,0.0
58000.0,1.959730696,5.694256288899523E-8,58000.0,0.9966879353409064,0.9824429213993728,0.9993,0.9830939762388243,0.7298419367747099,46.39336492890995,0.9926626709961088,0.9995913780774338,0.9058004640371183,58000.0,229624.0,0.9893396049036233,0.010660395096376703,58000.0,0.0,98256.0,136737.48091872982,0.0,0.0,0.0,0.0,0.0,0.0,0.0,0.0,0.0,0.0,0.0,0.0,0.0,0.0
59000.0,1.998244947,5.9240502708752953E-8,59000.0,0.9967056067866098,0.9824439846033455,0.9993,0.9830939762388243,0.7298419367747099,46.39336492890995,0.9926626709961088,0.9995913780774338,0.9041763341067244,59000.0,230632.0,0.9893396049036233,0.010660395096376703,59000.0,0.0,98760.0,137450.24455416587,0.0,0.0,0.0,0.0,0.0,0.0,0.0,0.0,0.0,0.0,0.0,0.0,0.0,0.0
60000.0,2.036028174,6.149975259977082E-8,60000.0,0.9969902053394412,0.9872740591101441,0.9995,0.9878114776876924,0.7298419367747099,46.84688995215311,0.9950513304666614,0.9996935961597385,0.9303944315545319,60000.0,231136.0,0.9893396049036233,0.010660395096376703,60000.0,0.0,99012.0,137806.62637188387,0.0,0.0,0.0,0.0,0.0,0.0,0.0,0.0,0.0,0.0,0.0,0.0,0.0,0.0
61000.0,2.07669516,6.229872740289817E-8,61000.0,0.9970120142030254,0.9872815563866981,0.9995,0.9878681412536591,0.9969902053394412,46.61904761904762,0.9950742051566704,0.9996935648621041,0.9293981481481556,61000.0,75944.0,0.9929799786075271,0.007020021392472892,61000.0,0.0,21772.0,28572.770814186013,0.0,0.0,0.0,0.0,0.0,0.0,0.0,0.0,0.0,0.0,0.0,0.0,0.0,0.0
62000.0,2.097374794,6.270771167347414E-8,62000.0,0.9960251748631864,0.9830890551628068,0.9995,0.9838729862197911,0.9969902053394412,62.69426751592356,0.9934587278711712,0.9996952148735142,0.9282407407407488,62000.0,76448.0,0.9929799786075271,0.007020021392472892,62000.0,0.0,22024.0,28929.15263190403,0.0,0.0,0.0,0.0,0.0,0.0,0.0,0.0,0.0,0.0,0.0,0.0,0.0,0.0
63000.0,2.123343106,6.323402830178125E-8,63000.0,0.9120268375726016,0.6368637023097072,0.9992,0.7138851535006048,0.9969902053394412,713.2857142857143,0.8449849699487056,0.9995994392149009,0.8844036697247667,63000.0,78344.0,0.9943061882428323,0.005693811757167648,63000.0,0.0,22912.0,30184.97427529134,0.0,0.0,0.0,0.0,0.0,0.0,0.0,0.0,0.0,0.0,0.0,0.0,0.0,0.0
64000.0,2.148987319,6.389012179551852E-8,64000.0,0.9079926182369603,0.6382067643120433,0.9992,0.7138851535006048,0.9969902053394412,713.2857142857143,0.8449849699487056,0.9995994392149009,0.8825688073394462,64000.0,98896.0,0.994872650001979,0.005127349998021068,64000.0,0.0,33180.0,44706.119133738284,0.0,0.0,0.0,0.0,0.0,0.0,0.0,0.0,0.0,0.0,0.0,0.0,0.0,0.0
65000.0,2.173035049,6.450641528004986E-8,65000.0,0.9079783124946353,0.638283915160067,0.9993,0.7403907490097483,0.9969902053394412,713.2857142857143,0.8450272943229938,0.9996995794111756,0.8956422018348572,65000.0,99064.0,0.994872650001979,0.005127349998021068,65000.0,0.0,33264.0,44824.91307297762,0.0,0.0,0.0,0.0,0.0,0.0,0.0,0.0,0.0,0.0,0.0,0.0,0.0,0.0
66000.0,2.192765569,6.501464018607719E-8,66000.0,0.9072916368630368,0.6385133898140938,0.9993,0.7403907490097483,0.9969902053394412,713.2857142857143,0.8450272943229938,0.9996995794111756,0.8940366972477014,66000.0,99568.0,0.994872650001979,0.005127349998021068,66000.0,0.0,33516.0,45181.29489069564,0.0,0.0,0.0,0.0,0.0,0.0,0.0,0.0,0.0,0.0,0.0,0.0,0.0,0.0
67000.0,2.212038944,6.551192746222639E-8,67000.0,0.8731465732866434,0.5040088031446677,0.9996,0.599799899949947,0.9969902053394412,1999.0,0.774519166948104,0.999799899949975,0.9385321100917503,67000.0,99736.0,0.994872650001979,0.005127349998021068,67000.0,0.0,33600.0,45300.08882993498,0.0,0.0,0.0,0.0,0.0,0.0,0.0,0.0,0.0,0.0,0.0,0.0,0.0,0.0
68000.0,2.234088051,6.60827501338265E-8,68000.0,0.8763181590795398,0.5030193035613546,0.9997,0.666518452645616,0.9969902053394412,1999.0,0.774557919064154,0.9998999499749875,0.953211009174317,68000.0,100072.0,0.994872650001979,0.005127349998021068,68000.0,0.0,33768.0,45537.67670841366,0.0,0.0,0.0,0.0,0.0,0.0,0.0,0.0,0.0,0.0,0.0,0.0,0.0,0.0
69000.0,2.267684315,6.697107844778647E-8,69000.0,0.9076496404626095,0.6448420261273216,0.9996,0.7140855741876829,0.9969902053394412,1427.5714285714287,0.8450696758686872,0.9997998599019313,0.9369863013698697,69000.0,102208.0,0.994872650001979,0.005127349998021068,69000.0,0.0,34836.0,47048.056793028125,0.0,0.0,0.0,0.0,0.0,0.0,0.0,0.0,0.0,0.0,0.0,0.0,0.0,0.0
70000.0,2.301337982,6.786092457069705E-8,70000.0,0.907799745536161,0.6447927893684069,0.9996,0.7140855741876829,0.9969902053394412,1427.5714285714287,0.8450696758686872,0.9997998599019313,0.9360730593607376,70000.0,102208.0,0.994872650001979,0.005127349998021068,70000.0,0.0,34836.0,47048.056793028125,0.0,0.0,0.0,0.0,0.0,0.0,0.0,0.0,0.0,0.0,0.0,0.0,0.0,0.0
71000.0,2.337956466,6.8830755760351E-8,71000.0,0.909465197066518,0.6450316560208993,0.9996,0.7140855741876829,0.907799745536161,1427.5714285714287,0.8450696758686872,0.9997998599019313,0.9353075170842897,71000.0,102376.0,0.9953830177133692,0.004616982286630784,71000.0,0.0,34920.0,47166.85073226746,0.0,0.0,0.0,0.0,0.0,0.0,0.0,0.0,0.0,0.0,0.0,0.0,0.0,0.0
72000.0,2.366128042,6.95793215208211E-8,72000.0,0.9053265857528842,0.6464108052729494,0.9996,0.7140855741876829,0.907799745536161,1427.5714285714287,0.8450696758686872,0.9997998599019313,0.9343963553530822,72000.0,102712.0,0.9953830177133692,0.004616982286630784,72000.0,0.0,35088.0,47404.43861074615,0.0,0.0,0.0,0.0,0.0,0.0,0.0,0.0,0.0,0.0,0.0,0.0,0.0,0.0
73000.0,2.386030173,7.010901931624032E-8,73000.0,0.9999333133273315,0.9949603927561136,0.9999,0.8570938607522384,0.907799745536161,3332.3333333333335,0.9999499837446857,0.9998999699909973,0.9833712984054689,73000.0,102880.0,0.9953830177133692,0.004616982286630784,73000.0,0.0,35172.0,47523.232549985485,0.0,0.0,0.0,0.0,0.0,0.0,0.0,0.0,0.0,0.0,0.0,0.0,0.0,0.0
74000.0,2.407018796,7.066854643868283E-8,74000.0,0.9999333133273315,0.9949637601379164,0.9999,0.8570938607522384,0.907799745536161,3332.3333333333335,0.9999499837446857,0.9998999699909973,0.9831435079726671,74000.0,103048.0,0.9953830177133692,0.004616982286630784,74000.0,0.0,35256.0,47642.02648922482,0.0,0.0,0.0,0.0,0.0,0.0,0.0,0.0,0.0,0.0,0.0,0.0,0.0,0.0
75000.0,2.428289494,7.123559328326542E-8,75000.0,0.9999333133273315,0.9949637703922544,0.9999,0.8570938607522384,0.907799745536161,3332.3333333333335,0.9999499837446857,0.9998999699909973,0.9829157175398653,75000.0,103048.0,0.9953830177133692,0.004616982286630784,75000.0,0.0,35256.0,47642.02648922482,0.0,0.0,0.0,0.0,0.0,0.0,0.0,0.0,0.0,0.0,0.0,0.0,0.0,0.0
76000.0,2.464650641,7.220493024022629E-8,76000.0,0.9998666266546631,0.9948643761323018,0.9998,0.7499062148305761,0.907799745536161,3332.3333333333335,0.9998999649874954,0.9997999399819946,0.9653758542141269,76000.0,103048.0,0.994872650001979,0.005127349998021068,76000.0,0.0,35256.0,47642.02648922482,0.0,0.0,0.0,0.0,0.0,0.0,0.0,0.0,0.0,0.0,0.0,0.0,0.0,0.0
77000.0,2.522282053,7.441138551603175E-8,77000.0,0.9999969975740398,0.9993599921754011,0.9998,0.9950198607951495,0.907799745536161,48.01960784313726,0.9998979123064055,0.999795835034708,0.9759375000000026,77000.0,147992.0,0.9953830177133692,0.004616982286630784,77000.0,0.0,57672.0,79343.03770338012,0.0,0.0,0.0,0.0,0.0,0.0,0.0,0.0,0.0,0.0,0.0,0.0,0.0,0.0
78000.0,2.586999819,7.653192769315922E-8,78000.0,0.9973012612208817,0.9922000905993968,0.9996,0.9900870603921075,0.907799745536161,47.78048780487805,0.9974052168243298,0.9996937212863706,0.9513260530421268,78000.0,126656.0,0.994872650001979,0.005127349998021068,78000.0,0.0,47032.0,64295.805399730394,0.0,0.0,0.0,0.0,0.0,0.0,0.0,0.0,0.0,0.0,0.0,0.0,0.0,0.0
79000.0,2.634144722,7.807872647880887E-8,79000.0,0.9977692495542928,0.9934689429113103,0.9997,0.9936860927353032,0.907799745536161,40.1522633744856,0.9978379809200836,0.9997950189607462,0.9651982378854663,79000.0,126824.0,0.994872650001979,0.005127349998021068,79000.0,0.0,47116.0,64414.59933896973,0.0,0.0,0.0,0.0,0.0,0.0,0.0,0.0,0.0,0.0,0.0,0.0,0.0,0.0
80000.0,2.697762834,7.974243794559812E-8,80000.0,0.9974901688833377,0.9876815939755542,0.9946,0.9394836068935797,0.907799745536161,21.573363431151243,0.9950220368598396,0.9945589620173695,0.5096481271282661,80000.0,101088.0,0.004616982286630778,0.9953830177133692,80000.0,0.0,34216.0,46171.24438435681,0.0,0.0,0.0,0.0,0.0,0.0,0.0,0.0,0.0,0.0,0.0,0.0,0.0,0.0
81000.0,2.738708789,8.08565407926134E-8,81000.0,0.997195379672947,0.9872847175090831,0.9945,0.9383006057309993,0.9974901688833377,21.624434389140273,0.9949648792422439,0.9944549068842854,0.4943246311010252,81000.0,105176.0,0.004616982286630778,0.9953830177133692,81000.0,0.0,36260.0,49061.89690584741,0.0,0.0,0.0,0.0,0.0,0.0,0.0,0.0,0.0,0.0,0.0,0.0,0.0,0.0
82000.0,2.773025552,8.17932521801297E-8,82000.0,0.9970140622766079,0.9869432331203049,0.9945,0.9383006057309993,0.9974901688833377,21.624434389140273,0.9949648792422439,0.9944549068842854,0.48808172531214783,82000.0,105512.0,0.004616982286630778,0.9953830177133692,82000.0,0.0,36428.0,49299.484784326094,0.0,0.0,0.0,0.0,0.0,0.0,0.0,0.0,0.0,0.0,0.0,0.0,0.0,0.0
83000.0,2.805223538,8.267632750695986E-8,83000.0,0.9968031565323024,0.9866524230000879,0.9945,0.9383006057309993,0.9974901688833377,21.624434389140273,0.9949648792422439,0.9944549068842854,0.4818388195232741,83000.0,106016.0,0.004616982286630778,0.9953830177133692,83000.0,0.0,36680.0,49655.866602044116,0.0,0.0,0.0,0.0,0.0,0.0,0.0,0.0,0.0,0.0,0.0,0.0,0.0,0.0
84000.0,2.829076378,8.333156208165197E-8,84000.0,0.9965695269367586,0.9863526747979943,0.9945,0.9383006057309993,0.9974901688833377,21.624434389140273,0.9949648792422439,0.9944549068842854,0.4755959137343977,84000.0,106184.0,0.004616982286630778,0.9953830177133692,84000.0,0.0,36764.0,49774.660541283454,0.0,0.0,0.0,0.0,0.0,0.0,0.0,0.0,0.0,0.0,0.0,0.0,0.0,0.0
85000.0,2.866252986,8.435764619901156E-8,85000.0,0.9963403947701056,0.986043886483859,0.9945,0.9383006057309993,0.9974901688833377,21.624434389140273,0.9949648792422439,0.9944549068842854,0.4693530079455214,85000.0,106688.0,0.004616982286630778,0.9953830177133692,85000.0,0.0,37016.0,50131.042359001476,0.0,0.0,0.0,0.0,0.0,0.0,0.0,0.0,0.0,0.0,0.0,0.0,0.0,0.0
86000.0,2.903853829,8.539715132971398E-8,86000.0,0.994687571375832,0.9835824190162336,0.9945,0.9382999135750069,0.9974901688833377,21.573363431151243,0.9938932536979872,0.9945589620173695,0.4637188208616845,86000.0,106864.0,0.004616982286630778,0.9953830177133692,86000.0,0.0,37104.0,50255.49315249031,0.0,0.0,0.0,0.0,0.0,0.0,0.0,0.0,0.0,0.0,0.0,0.0,0.0,0.0
87000.0,2.94055956,8.641350567335883E-8,87000.0,0.9896190284216891,0.9775562684074899,0.9945,0.8940097387706217,0.9974901688833377,40.32231404958678,0.9911308725040621,0.9946710391473662,0.4574829931972858,87000.0,107032.0,0.004616982286630778,0.9953830177133692,87000.0,0.0,37188.0,50374.287091729646,0.0,0.0,0.0,0.0,0.0,0.0,0.0,0.0,0.0,0.0,0.0,0.0,0.0,0.0
88000.0,2.975251119,8.754654752826318E-8,88000.0,0.992530992776537,0.9817037161597396,0.9945,0.894011781264984,0.9974901688833377,40.49377593360996,0.9931341450583163,0.9945691156880828,0.451247165532883,88000.0,126248.0,0.004616982286630778,0.9953830177133692,88000.0,0.0,46788.0,63950.73729051136,0.0,0.0,0.0,0.0,0.0,0.0,0.0,0.0,0.0,0.0,0.0,0.0,0.0,0.0
89000.0,3.002363179,8.843203955105403E-8,89000.0,0.9903399118297684,0.979776580263143,0.9945,0.875809944958969,0.9974901688833377,48.75124378109453,0.992317919887677,0.9945912848249822,0.4450113378684839,89000.0,126248.0,0.004616982286630778,0.9953830177133692,89000.0,0.0,46788.0,63950.73729051136,0.0,0.0,0.0,0.0,0.0,0.0,0.0,0.0,0.0,0.0,0.0,0.0,0.0,0.0
90000.0,3.04051464,9.021808041308282E-8,90000.0,0.9796330310841974,0.7500970174685471,0.9983,0.8341068508015558,0.9974901688833377,174.43859649122808,0.8684229106418454,0.9996982801971236,0.8368869936034081,90000.0,180960.0,0.004616982286630778,0.9953830177133692,90000.0,0.0,74060.0,102519.1695635504,0.0,0.0,0.0,0.0,0.0,0.0,0.0,0.0,0.0,0.0,0.0,0.0,0.0,0.0
91000.0,3.102740522,9.332896356124637E-8,91000.0,0.9889879526838171,0.9173085900916402,0.998,0.9482191531138928,0.9796330310841974,48.504950495049506,0.9619096424334604,0.9994896917738314,0.8319482917820868,91000.0,193248.0,0.004616982286630778,0.9953830177133692,91000.0,0.0,80204.0,111208.09769077071,0.0,0.0,0.0,0.0,0.0,0.0,0.0,0.0,0.0,0.0,0.0,0.0,0.0,0.0
92000.0,3.179031988,9.716292756762562E-8,92000.0,0.9887148619944665,0.9170383614979483,0.9977,0.9408925735373491,0.9796330310841974,48.504950495049506,0.9617622948399946,0.9991835068381302,0.8046168051708252,92000.0,194256.0,0.004616982286630778,0.9953830177133692,92000.0,0.0,80708.0,111920.86132620674,0.0,0.0,0.0,0.0,0.0,0.0,0.0,0.0,0.0,0.0,0.0,0.0,0.0,0.0
93000.0,3.251352704,9.860968967091499E-8,93000.0,0.9884430344442895,0.9167701958610965,0.9974,0.9336736047477444,0.9796330310841974,48.504950495049506,0.9616149246685588,0.9988773219024291,0.7767313019390537,93000.0,77328.0,0.004616982286630778,0.9953830177133692,93000.0,0.0,22404.0,29466.553785605807,0.0,0.0,0.0,0.0,0.0,0.0,0.0,0.0,0.0,0.0,0.0,0.0,0.0,0.0
94000.0,3.283533812,9.926465575721322E-8,94000.0,0.9885456013451926,0.9168213511857907,0.9974,0.9336736047477444,0.9796330310841974,48.504950495049506,0.9616149246685588,0.9988773219024291,0.7743305632502261,94000.0,78672.0,0.004616982286630778,0.9953830177133692,94000.0,0.0,23076.0,30416.905299520527,0.0,0.0,0.0,0.0,0.0,0.0,0.0,0.0,0.0,0.0,0.0,0.0,0.0,0.0
95000.0,3.342520731,1.0118692216306304E-7,95000.0,0.985013295565823,0.8955675231633402,0.9958,0.9264094689286763,0.9796330310841974,32.11258278145695,0.9501377527477782,0.9986595174262735,0.6627218934911261,95000.0,125968.0,0.004616982286630778,0.9953830177133692,95000.0,0.0,46668.0,63781.03166302659,0.0,0.0,0.0,0.0,0.0,0.0,0.0,0.0,0.0,0.0,0.0,0.0,0.0,0.0
96000.0,3.409336234,1.0338463397266137E-7,96000.0,0.9881677701472118,0.8983944946202228,0.9957,0.9247807797049453,0.9796330310841974,32.222591362126245,0.9516165499938813,0.9984534488091555,0.6510566356720215,96000.0,127144.0,0.004616982286630778,0.9953830177133692,96000.0,0.0,47256.0,64612.58923770197,0.0,0.0,0.0,0.0,0.0,0.0,0.0,0.0,0.0,0.0,0.0,0.0,0.0,0.0
96554.0,3.452021062,1.0479234405089585E-7,96554.0,0.988184725691829,0.8984010129053599,0.9957,0.9247807797049453,0.9796330310841974,32.222591362126245,0.9516165499938813,0.9984534488091555,0.6490429416737129,96554.0,127480.0,0.004616982286630778,0.9953830177133692,96554.0,0.0,47424.0,64850.17711618065,0.0,0.0,0.0,0.0,0.0,0.0,0.0,0.0,0.0,0.0,0.0,0.0,0.0,0.0
