learning evaluation instances,evaluation time (cpu seconds),model cost (RAM-Hours),classified instances,AUC,sAUC,Accuracy,Kappa,Periodical holdout AUC,Pos/Neg ratio,G-Mean,Recall,KappaM,model training instances,model serialized size (bytes)
1000.0,0.139250422,5.8765530482803784E-9,1000.0,1.0,1.0,0.998,0.0,0.0,1.7976931348623157E308,?,0.998,-Infinity,1000.0,163128.0
2000.0,0.193215812,8.200872868075968E-9,2000.0,1.0,1.0,0.999,0.0,0.0,1.7976931348623157E308,?,0.999,-Infinity,2000.0,166488.0
3000.0,0.240582784,1.0282168100327254E-8,3000.0,1.0,1.0,0.9993333333333333,0.0,0.0,1.7976931348623157E308,?,0.9993333333333333,-Infinity,3000.0,169848.0
4000.0,0.290144341,1.2459892956521363E-8,4000.0,1.0,1.0,0.9995,0.0,0.0,1.7976931348623157E308,?,0.9995,-Infinity,4000.0,169848.0
5000.0,0.339233638,1.4616866803206504E-8,5000.0,1.0,1.0,0.9996,0.0,0.0,1.7976931348623157E308,?,0.9996,-Infinity,5000.0,169848.0
6000.0,0.38731792,1.6771477004885674E-8,6000.0,1.0,1.0,0.9996666666666667,0.0,0.0,1.7976931348623157E308,?,0.9996666666666667,-Infinity,6000.0,173208.0
7000.0,0.434108102,1.8868099836347004E-8,7000.0,1.0,1.0,0.9997142857142857,0.0,0.0,1.7976931348623157E308,?,0.9997142857142857,-Infinity,7000.0,173208.0
8000.0,0.484109522,2.110861513884117E-8,8000.0,1.0,1.0,0.99975,0.0,0.0,1.7976931348623157E308,?,0.99975,-Infinity,8000.0,173208.0
9000.0,0.532387603,2.3271909286398438E-8,9000.0,1.0,1.0,0.9997777777777778,0.0,0.0,1.7976931348623157E308,?,0.9997777777777778,-Infinity,9000.0,173208.0
10000.0,0.58351327,2.5562801010347902E-8,10000.0,1.0,1.0,0.9998,0.0,0.0,1.7976931348623157E308,?,0.9998,-Infinity,10000.0,173208.0
11000.0,0.634181629,2.78772438856028E-8,11000.0,1.0,1.0,1.0,?,1.0,1.7976931348623157E308,?,1.0,?,11000.0,176568.0
12000.0,0.6810673,3.001890012510121E-8,12000.0,1.0,1.0,1.0,?,1.0,1.7976931348623157E308,?,1.0,?,12000.0,176568.0
13000.0,0.733776921,3.2426584312797835E-8,13000.0,1.0,1.0,1.0,?,1.0,1.7976931348623157E308,?,1.0,?,13000.0,176568.0
14000.0,0.785486323,3.4788580229077486E-8,14000.0,1.0,1.0,1.0,?,1.0,1.7976931348623157E308,?,1.0,?,14000.0,176568.0
15000.0,0.837777575,3.717715404552097E-8,15000.0,1.0,1.0,1.0,?,1.0,1.7976931348623157E308,?,1.0,?,15000.0,176568.0
16000.0,0.892823524,3.969155764944851E-8,16000.0,1.0,1.0,1.0,?,1.0,1.7976931348623157E308,?,1.0,?,16000.0,176568.0
17000.0,0.929986849,4.1389113963972775E-8,17000.0,1.0,1.0,1.0,?,1.0,1.7976931348623157E308,?,1.0,?,17000.0,176568.0
18000.0,0.963941602,4.2940108267180616E-8,18000.0,1.0,1.0,1.0,?,1.0,1.7976931348623157E308,?,1.0,?,18000.0,176568.0
19000.0,1.014374558,4.5243798341142625E-8,19000.0,1.0,1.0,1.0,?,1.0,1.7976931348623157E308,?,1.0,?,19000.0,176568.0
20000.0,1.068068396,4.769643985661367E-8,20000.0,1.0,1.0,1.0,?,1.0,1.7976931348623157E308,?,1.0,?,20000.0,176568.0
21000.0,1.11952288,5.009151756788293E-8,21000.0,1.0,1.0,1.0,?,1.0,1.7976931348623157E308,?,1.0,?,21000.0,179928.0
22000.0,1.171148702,5.249457063509772E-8,22000.0,1.0,1.0,1.0,?,1.0,1.7976931348623157E308,?,1.0,?,22000.0,179928.0
23000.0,1.210126103,5.430887129698569E-8,23000.0,1.0,1.0,1.0,?,1.0,1.7976931348623157E308,?,1.0,?,23000.0,179928.0
24000.0,1.240834706,5.573828006512174E-8,24000.0,1.0,1.0,1.0,?,1.0,1.7976931348623157E308,?,1.0,?,24000.0,179928.0
25000.0,1.272067254,5.7192077164339514E-8,25000.0,1.0,1.0,1.0,?,1.0,1.7976931348623157E308,?,1.0,?,25000.0,179928.0
26000.0,1.315501106,5.921381448930749E-8,26000.0,1.0,1.0,1.0,?,1.0,1.7976931348623157E308,?,1.0,?,26000.0,179928.0
27000.0,1.368085006,6.166146369441101E-8,27000.0,1.0,1.0,1.0,?,1.0,1.7976931348623157E308,?,1.0,?,27000.0,179928.0
28000.0,1.421936295,6.416810669188077E-8,28000.0,1.0,1.0,1.0,?,1.0,1.7976931348623157E308,?,1.0,?,28000.0,179928.0
29000.0,1.460003315,6.594003139209622E-8,29000.0,1.0,1.0,1.0,?,1.0,1.7976931348623157E308,?,1.0,?,29000.0,179928.0
30000.0,1.506189053,6.808986213692152E-8,30000.0,1.0,1.0,1.0,?,1.0,1.7976931348623157E308,?,1.0,?,30000.0,179928.0
31000.0,1.562177729,7.069599516064548E-8,31000.0,1.0,1.0,1.0,?,1.0,1.7976931348623157E308,?,1.0,?,31000.0,179928.0
32000.0,1.615661666,7.318553884005794E-8,32000.0,1.0,1.0,1.0,?,1.0,1.7976931348623157E308,?,1.0,?,32000.0,179928.0
33000.0,1.664449616,7.545649605388442E-8,33000.0,1.0,1.0,1.0,?,1.0,1.7976931348623157E308,?,1.0,?,33000.0,179928.0
34000.0,1.717745356,7.793727963301042E-8,34000.0,1.0,1.0,1.0,?,1.0,1.7976931348623157E308,?,1.0,?,34000.0,179928.0
35000.0,1.770142081,8.037621630937481E-8,35000.0,1.0,1.0,1.0,?,1.0,1.7976931348623157E308,?,1.0,?,35000.0,179928.0
36000.0,1.824576185,8.290998788938547E-8,36000.0,1.0,1.0,1.0,?,1.0,1.7976931348623157E308,?,1.0,?,36000.0,179928.0
37000.0,1.881793651,8.557331801843518E-8,37000.0,1.0,1.0,1.0,?,1.0,1.7976931348623157E308,?,1.0,?,37000.0,179928.0
38000.0,1.92820269,8.773354286706695E-8,38000.0,1.0,1.0,1.0,?,1.0,1.7976931348623157E308,?,1.0,?,38000.0,179928.0
39000.0,1.982371808,9.025498001063862E-8,39000.0,1.0,1.0,1.0,?,1.0,1.7976931348623157E308,?,1.0,?,39000.0,179928.0
40000.0,2.034223179,9.2668531820445E-8,40000.0,1.0,1.0,1.0,?,1.0,1.7976931348623157E308,?,1.0,?,40000.0,179928.0
41000.0,2.085080333,9.503580531217776E-8,41000.0,1.0,1.0,1.0,?,1.0,1.7976931348623157E308,?,1.0,?,41000.0,179928.0
42000.0,2.143831757,9.782160611369334E-8,42000.0,1.0,1.0,1.0,?,1.0,1.7976931348623157E308,?,1.0,?,42000.0,183288.0
43000.0,2.199397056,1.0045633126504716E-7,43000.0,1.0,1.0,1.0,?,1.0,1.7976931348623157E308,?,1.0,?,43000.0,183288.0
44000.0,2.253591127,1.0302603725939365E-7,44000.0,1.0,1.0,1.0,?,1.0,1.7976931348623157E308,?,1.0,?,44000.0,183288.0
45000.0,2.310427288,1.0572102253956096E-7,45000.0,1.0,1.0,1.0,?,1.0,1.7976931348623157E308,?,1.0,?,45000.0,183288.0
46000.0,2.365689673,1.0834138449753942E-7,46000.0,1.0,1.0,1.0,?,1.0,1.7976931348623157E308,?,1.0,?,46000.0,183288.0
47000.0,2.417326716,1.1078984456852075E-7,47000.0,1.0,1.0,1.0,?,1.0,1.7976931348623157E308,?,1.0,?,47000.0,183288.0
48000.0,2.470376457,1.1330529016857963E-7,48000.0,1.0,1.0,1.0,?,1.0,1.7976931348623157E308,?,1.0,?,48000.0,183288.0
49000.0,2.521826132,1.1574486586044228E-7,49000.0,1.0,1.0,1.0,?,1.0,1.7976931348623157E308,?,1.0,?,49000.0,183288.0
50000.0,2.575722248,1.1830044380101062E-7,50000.0,1.0,1.0,1.0,?,1.0,1.7976931348623157E308,?,1.0,?,50000.0,183288.0
51000.0,2.619289644,1.203662675450742E-7,51000.0,1.0,1.0,1.0,?,1.0,1.7976931348623157E308,?,1.0,?,51000.0,183288.0
52000.0,2.651881191,1.2191165234724057E-7,52000.0,1.0,1.0,1.0,?,1.0,1.7976931348623157E308,?,1.0,?,52000.0,183288.0
53000.0,2.68306028,1.2339006300034618E-7,53000.0,1.0,1.0,1.0,?,1.0,1.7976931348623157E308,?,1.0,?,53000.0,183288.0
54000.0,2.714199054,1.2486656204771247E-7,54000.0,1.0,1.0,1.0,?,1.0,1.7976931348623157E308,?,1.0,?,54000.0,183288.0
55000.0,2.74589305,1.2636938791045294E-7,55000.0,1.0,1.0,1.0,?,1.0,1.7976931348623157E308,?,1.0,?,55000.0,183288.0
56000.0,2.787637288,1.2834876345170038E-7,56000.0,1.0,1.0,1.0,?,1.0,1.7976931348623157E308,?,1.0,?,56000.0,183288.0
57000.0,2.843225265,1.3098456391980868E-7,57000.0,1.0,1.0,1.0,?,1.0,1.7976931348623157E308,?,1.0,?,57000.0,183288.0
58000.0,2.89594758,1.3348448404744265E-7,58000.0,1.0,1.0,1.0,?,1.0,1.7976931348623157E308,?,1.0,?,58000.0,183288.0
59000.0,2.947033423,1.359068080131647E-7,59000.0,1.0,1.0,1.0,?,1.0,1.7976931348623157E308,?,1.0,?,59000.0,183288.0
60000.0,2.996862766,1.3826955284924553E-7,60000.0,1.0,1.0,1.0,?,1.0,1.7976931348623157E308,?,1.0,?,60000.0,183288.0
61000.0,3.05048909,1.4081233813359087E-7,61000.0,1.0,1.0,1.0,?,1.0,1.7976931348623157E308,?,1.0,?,61000.0,183288.0
62000.0,3.08818244,1.42599633785213E-7,62000.0,1.0,1.0,1.0,?,1.0,1.7976931348623157E308,?,1.0,?,62000.0,183288.0
63000.0,3.13714038,1.4492105953469869E-7,63000.0,1.0,1.0,1.0,?,1.0,1.7976931348623157E308,?,1.0,?,63000.0,183288.0
64000.0,3.172681631,1.4660630967472365E-7,64000.0,1.0,1.0,1.0,?,1.0,1.7976931348623157E308,?,1.0,?,64000.0,183288.0
65000.0,3.216105099,1.4866530882271002E-7,65000.0,1.0,1.0,1.0,?,1.0,1.7976931348623157E308,?,1.0,?,65000.0,183288.0
66000.0,3.258444952,1.5067292648357644E-7,66000.0,1.0,1.0,1.0,?,1.0,1.7976931348623157E308,?,1.0,?,66000.0,183288.0
67000.0,3.311777471,1.5320178049360085E-7,67000.0,1.0,1.0,1.0,?,1.0,1.7976931348623157E308,?,1.0,?,67000.0,183288.0
68000.0,3.366915384,1.55816240395531E-7,68000.0,1.0,1.0,1.0,?,1.0,1.7976931348623157E308,?,1.0,?,68000.0,183288.0
69000.0,3.399416938,1.5735735802331313E-7,69000.0,1.0,1.0,1.0,?,1.0,1.7976931348623157E308,?,1.0,?,69000.0,183288.0
70000.0,3.447809037,1.596519534390978E-7,70000.0,1.0,1.0,1.0,?,1.0,1.7976931348623157E308,?,1.0,?,70000.0,183288.0
71000.0,3.49777606,1.6202122661148504E-7,71000.0,1.0,1.0,1.0,?,1.0,1.7976931348623157E308,?,1.0,?,71000.0,183288.0
72000.0,3.536021656,1.6383470796627298E-7,72000.0,1.0,1.0,1.0,?,1.0,1.7976931348623157E308,?,1.0,?,72000.0,183288.0
73000.0,3.589423296,1.663668394685536E-7,73000.0,1.0,1.0,1.0,?,1.0,1.7976931348623157E308,?,1.0,?,73000.0,183288.0
74000.0,3.641476962,1.6883505444262173E-7,74000.0,1.0,1.0,1.0,?,1.0,1.7976931348623157E308,?,1.0,?,74000.0,183288.0
75000.0,3.694989359,1.7137243768040707E-7,75000.0,1.0,1.0,1.0,?,1.0,1.7976931348623157E308,?,1.0,?,75000.0,183288.0
76000.0,3.727645443,1.729208826165087E-7,76000.0,1.0,1.0,1.0,?,1.0,1.7976931348623157E308,?,1.0,?,76000.0,183288.0
77000.0,3.759510012,1.744317964942753E-7,77000.0,1.0,1.0,1.0,?,1.0,1.7976931348623157E308,?,1.0,?,77000.0,183288.0
78000.0,3.79159798,1.7595330322359994E-7,78000.0,1.0,1.0,1.0,?,1.0,1.7976931348623157E308,?,1.0,?,78000.0,183288.0
79000.0,3.847343492,1.785965734873215E-7,79000.0,1.0,1.0,1.0,?,1.0,1.7976931348623157E308,?,1.0,?,79000.0,183288.0
80000.0,3.881840395,1.8023230405322582E-7,80000.0,1.0,1.0,1.0,?,1.0,1.7976931348623157E308,?,1.0,?,80000.0,183288.0
81000.0,3.916456876,1.8187370461766915E-7,81000.0,1.0,1.0,1.0,?,1.0,1.7976931348623157E308,?,1.0,?,81000.0,183288.0
82000.0,3.952737118,1.8359399529935167E-7,82000.0,1.0,1.0,1.0,?,1.0,1.7976931348623157E308,?,1.0,?,82000.0,183288.0
83000.0,4.005428871,1.8613826776113977E-7,83000.0,1.0,1.0,1.0,?,1.0,1.7976931348623157E308,?,1.0,?,83000.0,186648.0
84000.0,4.054066215,1.8848676914718618E-7,84000.0,1.0,1.0,1.0,?,1.0,1.7976931348623157E308,?,1.0,?,84000.0,186648.0
85000.0,4.103106357,1.908547200258138E-7,85000.0,1.0,1.0,1.0,?,1.0,1.7976931348623157E308,?,1.0,?,85000.0,186648.0
86000.0,4.152906936,1.9325938934343552E-7,86000.0,1.0,1.0,1.0,?,1.0,1.7976931348623157E308,?,1.0,?,86000.0,186648.0
87000.0,4.195306959,1.9530671562802664E-7,87000.0,1.0,1.0,1.0,?,1.0,1.7976931348623157E308,?,1.0,?,87000.0,186648.0
88000.0,4.232244812,1.9709029572993513E-7,88000.0,1.0,1.0,1.0,?,1.0,1.7976931348623157E308,?,1.0,?,88000.0,186648.0
89000.0,4.287536303,1.997600990656204E-7,89000.0,1.0,1.0,1.0,?,1.0,1.7976931348623157E308,?,1.0,?,89000.0,186648.0
90000.0,4.327382576,2.016841150515526E-7,90000.0,1.0,1.0,1.0,?,1.0,1.7976931348623157E308,?,1.0,?,90000.0,186648.0
91000.0,4.37782596,2.041198228328178E-7,91000.0,1.0,1.0,1.0,?,1.0,1.7976931348623157E308,?,1.0,?,91000.0,186648.0
92000.0,4.43013266,2.0664550263658163E-7,92000.0,1.0,1.0,1.0,?,1.0,1.7976931348623157E308,?,1.0,?,92000.0,186648.0
93000.0,4.484718988,2.0928125649203854E-7,93000.0,1.0,1.0,1.0,?,1.0,1.7976931348623157E308,?,1.0,?,93000.0,186648.0
94000.0,4.538921139,2.1189845998798183E-7,94000.0,1.0,1.0,1.0,?,1.0,1.7976931348623157E308,?,1.0,?,94000.0,186648.0
95000.0,4.594051212,2.1456046909878648E-7,95000.0,1.0,1.0,1.0,?,1.0,1.7976931348623157E308,?,1.0,?,95000.0,186648.0
96000.0,4.647997239,2.1716530539867154E-7,96000.0,1.0,1.0,1.0,?,1.0,1.7976931348623157E308,?,1.0,?,96000.0,186648.0
97000.0,4.702520039,2.1979799174295734E-7,97000.0,1.0,1.0,1.0,?,1.0,1.7976931348623157E308,?,1.0,?,97000.0,186648.0
98000.0,4.757794592,2.2246697721086438E-7,98000.0,1.0,1.0,1.0,?,1.0,1.7976931348623157E308,?,1.0,?,98000.0,186648.0
99000.0,4.81232569,2.2510006423213824E-7,99000.0,1.0,1.0,1.0,?,1.0,1.7976931348623157E308,?,1.0,?,99000.0,186648.0
100000.0,4.866043127,2.2769386284189292E-7,100000.0,1.0,1.0,1.0,?,1.0,1.7976931348623157E308,?,1.0,?,100000.0,186648.0
101000.0,4.923755031,2.3048053816971052E-7,101000.0,1.0,1.0,1.0,?,1.0,1.7976931348623157E308,?,1.0,?,101000.0,186648.0
102000.0,4.978414492,2.331198233230908E-7,102000.0,1.0,1.0,1.0,?,1.0,1.7976931348623157E308,?,1.0,?,102000.0,186648.0
103000.0,5.019820449,2.3511915016554909E-7,103000.0,1.0,1.0,1.0,?,1.0,1.7976931348623157E308,?,1.0,?,103000.0,186648.0
104000.0,5.051109951,2.3662999415439235E-7,104000.0,1.0,1.0,1.0,?,1.0,1.7976931348623157E308,?,1.0,?,104000.0,186648.0
105000.0,5.083463511,2.3819221721705663E-7,105000.0,1.0,1.0,1.0,?,1.0,1.7976931348623157E308,?,1.0,?,105000.0,186648.0
106000.0,5.124156603,2.4015712268073724E-7,106000.0,1.0,1.0,1.0,?,1.0,1.7976931348623157E308,?,1.0,?,106000.0,186648.0
107000.0,5.178487935,2.427805638067113E-7,107000.0,1.0,1.0,1.0,?,1.0,1.7976931348623157E308,?,1.0,?,107000.0,186648.0
108000.0,5.223360591,2.449472835768448E-7,108000.0,1.0,1.0,1.0,?,1.0,1.7976931348623157E308,?,1.0,?,108000.0,186648.0
109000.0,5.253691945,2.464118624590647E-7,109000.0,1.0,1.0,1.0,?,1.0,1.7976931348623157E308,?,1.0,?,109000.0,186648.0
110000.0,5.288088254,2.480727216408774E-7,110000.0,1.0,1.0,1.0,?,1.0,1.7976931348623157E308,?,1.0,?,110000.0,186648.0
111000.0,5.324080795,2.498106564348874E-7,111000.0,1.0,1.0,1.0,?,1.0,1.7976931348623157E308,?,1.0,?,111000.0,186648.0
112000.0,5.355335822,2.513198357648775E-7,112000.0,1.0,1.0,1.0,?,1.0,1.7976931348623157E308,?,1.0,?,112000.0,186648.0
113000.0,5.386465558,2.528229652972644E-7,113000.0,1.0,1.0,1.0,?,1.0,1.7976931348623157E308,?,1.0,?,113000.0,186648.0
114000.0,5.435577377,2.5519437716944147E-7,114000.0,1.0,1.0,1.0,?,1.0,1.7976931348623157E308,?,1.0,?,114000.0,186648.0
115000.0,5.478127075,2.5724893065675476E-7,115000.0,1.0,1.0,1.0,?,1.0,1.7976931348623157E308,?,1.0,?,115000.0,186648.0
116000.0,5.51016972,2.587961408867191E-7,116000.0,1.0,1.0,1.0,?,1.0,1.7976931348623157E308,?,1.0,?,116000.0,186648.0
117000.0,5.553866376,2.6090607635485633E-7,117000.0,1.0,1.0,1.0,?,1.0,1.7976931348623157E308,?,1.0,?,117000.0,186648.0
118000.0,5.604691306,2.633602074552452E-7,118000.0,1.0,1.0,1.0,?,1.0,1.7976931348623157E308,?,1.0,?,118000.0,186648.0
119000.0,5.650858841,2.655894517153316E-7,119000.0,1.0,1.0,1.0,?,1.0,1.7976931348623157E308,?,1.0,?,119000.0,186648.0
120000.0,5.682208863,2.6710321797114495E-7,120000.0,1.0,1.0,1.0,?,1.0,1.7976931348623157E308,?,1.0,?,120000.0,186648.0
121000.0,5.717868943,2.6882509956292197E-7,121000.0,1.0,1.0,1.0,?,1.0,1.7976931348623157E308,?,1.0,?,121000.0,186648.0
122000.0,5.770812341,2.713815229479038E-7,122000.0,1.0,1.0,1.0,?,1.0,1.7976931348623157E308,?,1.0,?,122000.0,186648.0
123000.0,5.825548318,2.740245027506477E-7,123000.0,1.0,1.0,1.0,?,1.0,1.7976931348623157E308,?,1.0,?,123000.0,186648.0
124000.0,5.878155212,2.7656467771321546E-7,124000.0,1.0,1.0,1.0,?,1.0,1.7976931348623157E308,?,1.0,?,124000.0,186648.0
125000.0,5.929172183,2.790280816997775E-7,125000.0,1.0,1.0,1.0,?,1.0,1.7976931348623157E308,?,1.0,?,125000.0,186648.0
126000.0,5.962484069,2.80636578463968E-7,126000.0,1.0,1.0,1.0,?,1.0,1.7976931348623157E308,?,1.0,?,126000.0,186648.0
127000.0,5.993676,2.821427111423265E-7,127000.0,1.0,1.0,1.0,?,1.0,1.7976931348623157E308,?,1.0,?,127000.0,186648.0
128000.0,6.024516796,2.83631888926228E-7,128000.0,1.0,1.0,1.0,?,1.0,1.7976931348623157E308,?,1.0,?,128000.0,186648.0
129000.0,6.055822178,2.851434996962921E-7,129000.0,1.0,1.0,1.0,?,1.0,1.7976931348623157E308,?,1.0,?,129000.0,186648.0
130000.0,6.089674837,2.867781082099243E-7,130000.0,1.0,1.0,1.0,?,1.0,1.7976931348623157E308,?,1.0,?,130000.0,186648.0
131000.0,6.12746811,2.886029930972185E-7,131000.0,1.0,1.0,1.0,?,1.0,1.7976931348623157E308,?,1.0,?,131000.0,186648.0
132000.0,6.160385403,2.9019243655522054E-7,132000.0,1.0,1.0,1.0,?,1.0,1.7976931348623157E308,?,1.0,?,132000.0,186648.0
133000.0,6.192789705,2.9175710974462964E-7,133000.0,1.0,1.0,1.0,?,1.0,1.7976931348623157E308,?,1.0,?,133000.0,186648.0
134000.0,6.224035842,2.932658598123368E-7,134000.0,1.0,1.0,1.0,?,1.0,1.7976931348623157E308,?,1.0,?,134000.0,186648.0
135000.0,6.257615007,2.9488726240259294E-7,135000.0,1.0,1.0,1.0,?,1.0,1.7976931348623157E308,?,1.0,?,135000.0,186648.0
136000.0,6.312776312,2.975507795808465E-7,136000.0,1.0,1.0,1.0,?,1.0,1.7976931348623157E308,?,1.0,?,136000.0,186648.0
137000.0,6.349022467,2.993009603731273E-7,137000.0,1.0,1.0,1.0,?,1.0,1.7976931348623157E308,?,1.0,?,137000.0,186648.0
138000.0,6.382436229,3.0091437631890807E-7,138000.0,1.0,1.0,1.0,?,1.0,1.7976931348623157E308,?,1.0,?,138000.0,186648.0
139000.0,6.434129666,3.0341044412318624E-7,139000.0,1.0,1.0,1.0,?,1.0,1.7976931348623157E308,?,1.0,?,139000.0,186648.0
140000.0,6.48783261,3.0600354292436197E-7,140000.0,1.0,1.0,1.0,?,1.0,1.7976931348623157E308,?,1.0,?,140000.0,186648.0
141000.0,6.544768521,3.087527486766192E-7,141000.0,1.0,1.0,1.0,?,1.0,1.7976931348623157E308,?,1.0,?,141000.0,186648.0
142000.0,6.596028134,3.112278688677773E-7,142000.0,1.0,1.0,1.0,?,1.0,1.7976931348623157E308,?,1.0,?,142000.0,186648.0
143000.0,6.647213538,3.1369940580530717E-7,143000.0,1.0,1.0,1.0,?,1.0,1.7976931348623157E308,?,1.0,?,143000.0,186648.0
144000.0,6.699160492,3.16207714924117E-7,144000.0,1.0,1.0,1.0,?,1.0,1.7976931348623157E308,?,1.0,?,144000.0,186648.0
145000.0,6.755423369,3.189244225761109E-7,145000.0,1.0,1.0,1.0,?,1.0,1.7976931348623157E308,?,1.0,?,145000.0,186648.0
146000.0,6.806872911,3.2140871367347125E-7,146000.0,1.0,1.0,1.0,?,1.0,1.7976931348623157E308,?,1.0,?,146000.0,186648.0
147000.0,6.84108441,3.2306064912496765E-7,147000.0,1.0,1.0,1.0,?,1.0,1.7976931348623157E308,?,1.0,?,147000.0,186648.0
148000.0,6.871973997,3.2455218282968434E-7,148000.0,1.0,1.0,1.0,?,1.0,1.7976931348623157E308,?,1.0,?,148000.0,186648.0
149000.0,6.904531838,3.2612426979880785E-7,149000.0,1.0,1.0,1.0,?,1.0,1.7976931348623157E308,?,1.0,?,149000.0,186648.0
150000.0,6.953223343,3.284753864013342E-7,150000.0,1.0,1.0,1.0,?,1.0,1.7976931348623157E308,?,1.0,?,150000.0,186648.0
151000.0,6.99866431,3.306695476199811E-7,151000.0,1.0,1.0,1.0,?,1.0,1.7976931348623157E308,?,1.0,?,151000.0,186648.0
152000.0,7.032222788,3.322899513183534E-7,152000.0,1.0,1.0,1.0,?,1.0,1.7976931348623157E308,?,1.0,?,152000.0,186648.0
153000.0,7.065494215,3.3389649448043977E-7,153000.0,1.0,1.0,1.0,?,1.0,1.7976931348623157E308,?,1.0,?,153000.0,186648.0
154000.0,7.099400258,3.3553368069235234E-7,154000.0,1.0,1.0,1.0,?,1.0,1.7976931348623157E308,?,1.0,?,154000.0,186648.0
155000.0,7.133987897,3.3720377842901273E-7,155000.0,1.0,1.0,1.0,?,1.0,1.7976931348623157E308,?,1.0,?,155000.0,186648.0
156000.0,7.167339153,3.388141762118849E-7,156000.0,1.0,1.0,1.0,?,1.0,1.7976931348623157E308,?,1.0,?,156000.0,186648.0
157000.0,7.209898494,3.4086919532081733E-7,157000.0,1.0,1.0,1.0,?,1.0,1.7976931348623157E308,?,1.0,?,157000.0,186648.0
158000.0,7.257074661,3.4314714235649135E-7,158000.0,1.0,1.0,1.0,?,1.0,1.7976931348623157E308,?,1.0,?,158000.0,186648.0
159000.0,7.290655155,3.447686091188031E-7,159000.0,1.0,1.0,1.0,?,1.0,1.7976931348623157E308,?,1.0,?,159000.0,186648.0
160000.0,7.323614047,3.4636006122491636E-7,160000.0,1.0,1.0,1.0,?,1.0,1.7976931348623157E308,?,1.0,?,160000.0,186648.0
161000.0,7.357418188,3.4799232699980344E-7,161000.0,1.0,1.0,1.0,?,1.0,1.7976931348623157E308,?,1.0,?,161000.0,186648.0
162000.0,7.390601463,3.495946136569667E-7,162000.0,1.0,1.0,1.0,?,1.0,1.7976931348623157E308,?,1.0,?,162000.0,186648.0
163000.0,7.426081504,3.513078018907955E-7,163000.0,1.0,1.0,1.0,?,1.0,1.7976931348623157E308,?,1.0,?,163000.0,186648.0
164000.0,7.480207792,3.5392134226811434E-7,164000.0,1.0,1.0,1.0,?,1.0,1.7976931348623157E308,?,1.0,?,164000.0,186648.0
165000.0,7.531574535,3.5644628507553916E-7,165000.0,1.0,1.0,1.0,?,1.0,1.7976931348623157E308,?,1.0,?,165000.0,190008.0
166000.0,7.585287019,3.5908653326384107E-7,166000.0,1.0,1.0,1.0,?,1.0,1.7976931348623157E308,?,1.0,?,166000.0,190008.0
167000.0,7.642060511,3.6187724592938405E-7,167000.0,1.0,1.0,1.0,?,1.0,1.7976931348623157E308,?,1.0,?,167000.0,190008.0
168000.0,7.697999044,3.646269160137078E-7,168000.0,1.0,1.0,1.0,?,1.0,1.7976931348623157E308,?,1.0,?,168000.0,190008.0
169000.0,7.811019418,3.7151432566852625E-7,169000.0,0.8322996899069721,-0.1663942392245169,0.9997,0.0,1.0,3332.3333333333335,0.0,1.0,-15.899999999988117,169000.0,235560.0
170000.0,7.900686839,3.7697861709900824E-7,170000.0,0.8322996899069721,-0.1663942392245169,0.9997,0.0,1.0,3332.3333333333335,0.0,1.0,-15.999999999962252,170000.0,235560.0
171000.0,7.993178316,3.826150052043796E-7,171000.0,0.8322996899069721,-0.1663942392245169,0.9997,0.0,0.8322996899069721,3332.3333333333335,0.0,1.0,-16.099999999982913,171000.0,235560.0
172000.0,8.065614936,3.8702925954006615E-7,172000.0,0.8322996899069721,-0.1663942392245169,0.9997,0.0,0.8322996899069721,3332.3333333333335,0.0,1.0,-16.199999999964355,172000.0,235560.0
173000.0,8.108615648,3.896497031690429E-7,173000.0,0.8322996899069721,-0.1663942392245169,0.9997,0.0,0.8322996899069721,3332.3333333333335,0.0,1.0,-16.299999999955183,173000.0,235560.0
174000.0,8.18089987,3.9405467044064153E-7,174000.0,0.8322996899069721,-0.1663942392245169,0.9997,0.0,0.8322996899069721,3332.3333333333335,0.0,1.0,-16.399999999980682,174000.0,235560.0
175000.0,8.233474754,3.972585597116376E-7,175000.0,0.8322996899069721,-0.1663942392245169,0.9997,0.0,0.8322996899069721,3332.3333333333335,0.0,1.0,-16.500000000029143,175000.0,235560.0
176000.0,8.27138822,3.995689889071385E-7,176000.0,0.8322996899069721,-0.1663942392245169,0.9997,0.0,0.8322996899069721,3332.3333333333335,0.0,1.0,-16.59999999994529,176000.0,235560.0
177000.0,8.309194476,4.018728847745061E-7,177000.0,0.8322996899069721,-0.1663942392245169,0.9997,0.0,0.8322996899069721,3332.3333333333335,0.0,1.0,-16.70000000001572,177000.0,235560.0
178000.0,8.346624211,4.04153835625158E-7,178000.0,0.8322996899069721,-0.1663942392245169,0.9997,0.0,0.8322996899069721,3332.3333333333335,0.0,1.0,-16.800000000055334,178000.0,235560.0
179000.0,8.382425982,4.0633557909775525E-7,179000.0,1.0,1.0,1.0,?,0.8322996899069721,1.7976931348623157E308,?,1.0,1.0,179000.0,235560.0
180000.0,8.418740025,4.085485401906259E-7,180000.0,1.0,1.0,1.0,?,0.8322996899069721,1.7976931348623157E308,?,1.0,1.0,180000.0,235560.0
181000.0,8.453702199,4.106791190078668E-7,181000.0,1.0,1.0,1.0,?,1.0,1.7976931348623157E308,?,1.0,1.0,181000.0,235560.0
182000.0,8.489503266,4.128608195790276E-7,182000.0,1.0,1.0,1.0,?,1.0,1.7976931348623157E308,?,1.0,1.0,182000.0,235560.0
183000.0,8.525259556,4.1503979146038493E-7,183000.0,1.0,1.0,1.0,?,1.0,1.7976931348623157E308,?,1.0,1.0,183000.0,235560.0
184000.0,8.574230862,4.180240803440288E-7,184000.0,1.0,1.0,1.0,?,1.0,1.7976931348623157E308,?,1.0,1.0,184000.0,235560.0
185000.0,8.633814486,4.216550790098682E-7,185000.0,1.0,1.0,1.0,?,1.0,1.7976931348623157E308,?,1.0,1.0,185000.0,235560.0
186000.0,8.690553675,4.251127391139232E-7,186000.0,1.0,1.0,1.0,?,1.0,1.7976931348623157E308,?,1.0,1.0,186000.0,235560.0
187000.0,8.748324127,4.286332439112974E-7,187000.0,1.0,1.0,1.0,?,1.0,1.7976931348623157E308,?,1.0,1.0,187000.0,235560.0
188000.0,8.806468263,4.3217652083991096E-7,188000.0,1.0,1.0,1.0,?,1.0,1.7976931348623157E308,?,1.0,1.0,188000.0,235560.0
189000.0,8.864570092,4.3571721959938604E-7,189000.0,1.0,1.0,1.0,?,1.0,1.7976931348623157E308,?,1.0,1.0,189000.0,235560.0
190000.0,8.922132658,4.39225055919451E-7,190000.0,1.0,1.0,1.0,?,1.0,1.7976931348623157E308,?,1.0,1.0,190000.0,235560.0
191000.0,8.983868355,4.42987200924959E-7,191000.0,1.0,1.0,1.0,?,1.0,1.7976931348623157E308,?,1.0,1.0,191000.0,235560.0
192000.0,9.041066423,4.464728249044033E-7,192000.0,1.0,1.0,1.0,?,1.0,1.7976931348623157E308,?,1.0,1.0,192000.0,235560.0
193000.0,9.102863244,4.5053413235382483E-7,193000.0,1.0,1.0,1.0,?,1.0,1.7976931348623157E308,?,1.0,1.0,193000.0,254040.0
194000.0,9.163321003,4.5450743620714167E-7,194000.0,1.0,1.0,1.0,?,1.0,1.7976931348623157E308,?,1.0,1.0,194000.0,254040.0
195000.0,9.211840065,4.5769612495764465E-7,195000.0,1.0,1.0,1.0,?,1.0,1.7976931348623157E308,?,1.0,1.0,195000.0,254040.0
196000.0,9.268578784,4.6142501227606083E-7,196000.0,1.0,1.0,1.0,?,1.0,1.7976931348623157E308,?,1.0,1.0,196000.0,254040.0
197000.0,9.325923426,4.651937210537989E-7,197000.0,1.0,1.0,1.0,?,1.0,1.7976931348623157E308,?,1.0,1.0,197000.0,254040.0
198000.0,9.384738828,4.6905908866362016E-7,198000.0,1.0,1.0,1.0,?,1.0,1.7976931348623157E308,?,1.0,1.0,198000.0,254040.0
199000.0,9.441789464,4.728084752701098E-7,199000.0,1.0,1.0,1.0,?,1.0,1.7976931348623157E308,?,1.0,1.0,199000.0,254040.0
200000.0,9.492326317,4.761297739103622E-7,200000.0,1.0,1.0,1.0,?,1.0,1.7976931348623157E308,?,1.0,1.0,200000.0,254040.0
201000.0,9.52939766,4.785661147940779E-7,201000.0,1.0,1.0,1.0,?,1.0,1.7976931348623157E308,?,1.0,1.0,201000.0,254040.0
202000.0,9.607217456,4.8427942580423E-7,202000.0,0.99969960949234,0.6338276269577761,0.9995,0.7616687004271131,1.0,768.2307692307693,0.7844645405527362,1.0,-5.312499999999299,202000.0,283792.0
203000.0,9.680606049,4.896702961505017E-7,203000.0,0.9987214147622678,0.6337999406492628,0.9995,0.7616687004271131,1.0,768.2307692307693,0.7844645405527362,1.0,-5.343750000003169,203000.0,283944.0
204000.0,9.755376032,4.953935172150573E-7,204000.0,0.9987137124415586,0.6337973118199729,0.9995,0.7616687004271131,1.0,768.2307692307693,0.7844645405527362,1.0,-5.374999999997876,204000.0,295880.0
205000.0,9.831185457,5.012593737492896E-7,205000.0,0.9986674985173033,0.6337948493776308,0.9995,0.7616687004271131,1.0,768.2307692307693,0.7844645405527362,1.0,-5.406250000001111,205000.0,299096.0
206000.0,9.906813166,5.071111697628679E-7,206000.0,0.9986674985173033,0.6337948493776308,0.9995,0.7616687004271131,1.0,768.2307692307693,0.7844645405527362,1.0,-5.4375000000026805,206000.0,299096.0
207000.0,9.979866743,5.12766963874292E-7,207000.0,0.9986674985173033,0.6337948493776308,0.9995,0.7616687004271131,1.0,768.2307692307693,0.7844645405527362,1.0,-5.468749999995691,207000.0,299264.0
208000.0,10.048325485,5.180670267292442E-7,208000.0,0.9986674985173033,0.6337948493776308,0.9995,0.7616687004271131,1.0,768.2307692307693,0.7844645405527362,1.0,-5.499999999998557,208000.0,299264.0
209000.0,10.090260955,5.213136628834985E-7,209000.0,0.9986674985173033,0.6337948493776308,0.9995,0.7616687004271131,1.0,768.2307692307693,0.7844645405527362,1.0,-5.53124999999864,209000.0,299264.0
210000.0,10.157523659,5.265211287027513E-7,210000.0,0.9986674985173033,0.6337948493776308,0.9995,0.7616687004271131,1.0,768.2307692307693,0.7844645405527362,1.0,-5.562500000001366,210000.0,299264.0
211000.0,10.227317728,5.320324736362094E-7,211000.0,0.9986674985173033,0.6337948493776308,0.9995,0.7616687004271131,0.9986674985173033,768.2307692307693,0.7844645405527362,1.0,-5.593749999996889,211000.0,305240.0
212000.0,10.297134587,5.375456182003931E-7,212000.0,1.0,1.0,1.0,?,0.9986674985173033,1.7976931348623157E308,?,1.0,1.0,212000.0,305240.0
213000.0,10.371498269,5.434210382824059E-7,213000.0,1.0,1.0,1.0,?,0.9986674985173033,1.7976931348623157E308,?,1.0,1.0,213000.0,305408.0
214000.0,10.435611739,5.484865966172598E-7,214000.0,1.0,1.0,1.0,?,0.9986674985173033,1.7976931348623157E308,?,1.0,1.0,214000.0,305408.0
215000.0,10.49849995,5.534553481353901E-7,215000.0,1.0,1.0,1.0,?,0.9986674985173033,1.7976931348623157E308,?,1.0,1.0,215000.0,305408.0
216000.0,10.562200777,5.584883038488608E-7,216000.0,1.0,1.0,1.0,?,0.9986674985173033,1.7976931348623157E308,?,1.0,1.0,216000.0,305408.0
217000.0,10.626411224,5.635615242654994E-7,217000.0,1.0,1.0,1.0,?,0.9986674985173033,1.7976931348623157E308,?,1.0,1.0,217000.0,305408.0
218000.0,10.690908099,5.686573751487581E-7,218000.0,1.0,1.0,1.0,?,0.9986674985173033,1.7976931348623157E308,?,1.0,1.0,218000.0,305408.0
219000.0,10.759793628,5.740999703721451E-7,219000.0,1.0,1.0,1.0,?,0.9986674985173033,1.7976931348623157E308,?,1.0,1.0,219000.0,305408.0
220000.0,10.829254368,5.799031265036511E-7,220000.0,1.0,1.0,1.0,?,0.9986674985173033,1.7976931348623157E308,?,1.0,1.0,220000.0,322944.0
221000.0,10.897356155,5.855927477601417E-7,221000.0,1.0,1.0,1.0,?,1.0,1.7976931348623157E308,?,1.0,1.0,221000.0,322944.0
222000.0,10.963336556,5.911051360333212E-7,222000.0,1.0,1.0,1.0,?,1.0,1.7976931348623157E308,?,1.0,1.0,222000.0,322944.0
223000.0,11.027315673,5.964531059885954E-7,223000.0,1.0,1.0,1.0,?,1.0,1.7976931348623157E308,?,1.0,1.0,223000.0,323112.0
224000.0,11.067034491,5.997731743997147E-7,224000.0,1.0,1.0,1.0,?,1.0,1.7976931348623157E308,?,1.0,1.0,224000.0,323112.0
225000.0,11.106876351,6.031035278061589E-7,225000.0,1.0,1.0,1.0,?,1.0,1.7976931348623157E308,?,1.0,1.0,225000.0,323112.0
226000.0,11.147862082,6.065294965950522E-7,226000.0,1.0,1.0,1.0,?,1.0,1.7976931348623157E308,?,1.0,1.0,226000.0,323112.0
227000.0,11.187386378,6.098333050472908E-7,227000.0,1.0,1.0,1.0,?,1.0,1.7976931348623157E308,?,1.0,1.0,227000.0,323112.0
228000.0,11.228191188,6.132441507754472E-7,228000.0,1.0,1.0,1.0,?,1.0,1.7976931348623157E308,?,1.0,1.0,228000.0,323112.0
229000.0,11.278594017,6.174572882458006E-7,229000.0,1.0,1.0,1.0,?,1.0,1.7976931348623157E308,?,1.0,1.0,229000.0,323112.0
230000.0,11.346165557,6.231055463446363E-7,230000.0,1.0,1.0,1.0,?,1.0,1.7976931348623157E308,?,1.0,1.0,230000.0,323112.0
231000.0,11.411629665,6.285776456662451E-7,231000.0,1.0,1.0,1.0,?,1.0,1.7976931348623157E308,?,1.0,1.0,231000.0,323112.0
232000.0,11.475913028,6.339510473333544E-7,232000.0,1.0,1.0,1.0,?,1.0,1.7976931348623157E308,?,1.0,1.0,232000.0,323112.0
233000.0,11.540893398,6.393827113315087E-7,233000.0,1.0,1.0,1.0,?,1.0,1.7976931348623157E308,?,1.0,1.0,233000.0,323112.0
234000.0,11.59058376,6.435362941801545E-7,234000.0,1.0,1.0,1.0,?,1.0,1.7976931348623157E308,?,1.0,1.0,234000.0,323112.0
235000.0,11.637396663,6.474493522294422E-7,235000.0,1.0,1.0,1.0,?,1.0,1.7976931348623157E308,?,1.0,1.0,235000.0,323112.0
236000.0,11.70218732,6.528651582496859E-7,236000.0,1.0,1.0,1.0,?,1.0,1.7976931348623157E308,?,1.0,1.0,236000.0,323112.0
237000.0,11.766910852,6.582753533377992E-7,237000.0,1.0,1.0,1.0,?,1.0,1.7976931348623157E308,?,1.0,1.0,237000.0,323112.0
238000.0,11.834210671,6.639008984669606E-7,238000.0,1.0,1.0,1.0,?,1.0,1.7976931348623157E308,?,1.0,1.0,238000.0,323112.0
239000.0,11.899294865,6.693412410411671E-7,239000.0,1.0,1.0,1.0,?,1.0,1.7976931348623157E308,?,1.0,1.0,239000.0,323112.0
240000.0,11.945839814,6.73231901001694E-7,240000.0,1.0,1.0,1.0,?,1.0,1.7976931348623157E308,?,1.0,1.0,240000.0,323112.0
241000.0,11.986260651,6.766106506934573E-7,241000.0,1.0,1.0,1.0,?,1.0,1.7976931348623157E308,?,1.0,1.0,241000.0,323112.0
242000.0,12.026982452,6.800145577569551E-7,242000.0,1.0,1.0,1.0,?,1.0,1.7976931348623157E308,?,1.0,1.0,242000.0,323112.0
243000.0,12.066880887,6.833513742829733E-7,243000.0,1.0,1.0,1.0,?,1.0,1.7976931348623157E308,?,1.0,1.0,243000.0,323280.0
244000.0,12.114133077,6.873032056889557E-7,244000.0,1.0,1.0,1.0,?,1.0,1.7976931348623157E308,?,1.0,1.0,244000.0,323280.0
245000.0,12.185369604,6.933173798413511E-7,245000.0,1.0,1.0,1.0,?,1.0,1.7976931348623157E308,?,1.0,1.0,245000.0,326344.0
246000.0,12.25613123,6.992914602744225E-7,246000.0,1.0,1.0,1.0,?,1.0,1.7976931348623157E308,?,1.0,1.0,246000.0,326344.0
247000.0,12.324479224,7.05061768797224E-7,247000.0,1.0,1.0,1.0,?,1.0,1.7976931348623157E308,?,1.0,1.0,247000.0,326344.0
248000.0,12.388880927,7.104989100204737E-7,248000.0,1.0,1.0,1.0,?,1.0,1.7976931348623157E308,?,1.0,1.0,248000.0,326344.0
249000.0,12.457644693,7.163043202715737E-7,249000.0,1.0,1.0,1.0,?,1.0,1.7976931348623157E308,?,1.0,1.0,249000.0,326344.0
250000.0,12.509136349,7.206515252746928E-7,250000.0,1.0,1.0,1.0,?,1.0,1.7976931348623157E308,?,1.0,1.0,250000.0,326344.0
251000.0,12.555368805,7.245547200763844E-7,251000.0,1.0,1.0,1.0,?,1.0,1.7976931348623157E308,?,1.0,1.0,251000.0,326344.0
252000.0,12.594974851,7.278984773897045E-7,252000.0,1.0,1.0,1.0,?,1.0,1.7976931348623157E308,?,1.0,1.0,252000.0,326344.0
253000.0,12.64876407,7.324396551283012E-7,253000.0,1.0,1.0,1.0,?,1.0,1.7976931348623157E308,?,1.0,1.0,253000.0,326344.0
254000.0,12.717235971,7.382204245523857E-7,254000.0,1.0,1.0,1.0,?,1.0,1.7976931348623157E308,?,1.0,1.0,254000.0,326344.0
255000.0,12.782773292,7.437534408092765E-7,255000.0,1.0,1.0,1.0,?,1.0,1.7976931348623157E308,?,1.0,1.0,255000.0,326344.0
256000.0,12.849994126,7.494285883686917E-7,256000.0,1.0,1.0,1.0,?,1.0,1.7976931348623157E308,?,1.0,1.0,256000.0,326344.0
257000.0,12.916375417,7.550328571525255E-7,257000.0,1.0,1.0,1.0,?,1.0,1.7976931348623157E308,?,1.0,1.0,257000.0,326344.0
258000.0,12.984378443,7.607740416049044E-7,258000.0,1.0,1.0,1.0,?,1.0,1.7976931348623157E308,?,1.0,1.0,258000.0,326344.0
259000.0,13.038439606,7.653381783316012E-7,259000.0,1.0,1.0,1.0,?,1.0,1.7976931348623157E308,?,1.0,1.0,259000.0,326344.0
260000.0,13.080155685,7.688600760802251E-7,260000.0,1.0,1.0,1.0,?,1.0,1.7976931348623157E308,?,1.0,1.0,260000.0,326344.0
261000.0,13.123096607,7.72485381721142E-7,261000.0,1.0,1.0,1.0,?,1.0,1.7976931348623157E308,?,1.0,1.0,261000.0,326344.0
262000.0,13.170163876,7.764590559661489E-7,262000.0,1.0,1.0,1.0,?,1.0,1.7976931348623157E308,?,1.0,1.0,262000.0,326344.0
263000.0,13.214391324,7.801929771129225E-7,263000.0,1.0,1.0,1.0,?,1.0,1.7976931348623157E308,?,1.0,1.0,263000.0,326344.0
264000.0,13.263635139,7.843504071816054E-7,264000.0,1.0,1.0,1.0,?,1.0,1.7976931348623157E308,?,1.0,1.0,264000.0,326344.0
265000.0,13.330356707,7.899834039961875E-7,265000.0,1.0,1.0,1.0,?,1.0,1.7976931348623157E308,?,1.0,1.0,265000.0,326344.0
266000.0,13.394859442,7.954290748890962E-7,266000.0,1.0,1.0,1.0,?,1.0,1.7976931348623157E308,?,1.0,1.0,266000.0,326344.0
267000.0,13.463347228,8.012111854110759E-7,267000.0,1.0,1.0,1.0,?,1.0,1.7976931348623157E308,?,1.0,1.0,267000.0,326344.0
268000.0,13.533055888,8.070969458185982E-7,268000.0,1.0,1.0,1.0,?,1.0,1.7976931348623157E308,?,1.0,1.0,268000.0,326376.0
269000.0,13.602122062,8.129284587529774E-7,269000.0,1.0,1.0,1.0,?,1.0,1.7976931348623157E308,?,1.0,1.0,269000.0,326376.0
270000.0,13.672208631,8.18846127417377E-7,270000.0,1.0,1.0,1.0,?,1.0,1.7976931348623157E308,?,1.0,1.0,270000.0,326376.0
271000.0,13.743943248,8.249029468797993E-7,271000.0,1.0,1.0,1.0,?,1.0,1.7976931348623157E308,?,1.0,1.0,271000.0,326376.0
272000.0,13.814523014,8.308071887416162E-7,272000.0,1.0,1.0,1.0,?,1.0,1.7976931348623157E308,?,1.0,1.0,272000.0,323360.0
273000.0,13.882157303,8.364650312514372E-7,273000.0,1.0,1.0,1.0,?,1.0,1.7976931348623157E308,?,1.0,1.0,273000.0,323360.0
274000.0,13.922691506,8.398558577127772E-7,274000.0,1.0,1.0,1.0,?,1.0,1.7976931348623157E308,?,1.0,1.0,274000.0,323360.0
275000.0,13.966978594,8.43560626001575E-7,275000.0,1.0,1.0,1.0,?,1.0,1.7976931348623157E308,?,1.0,1.0,275000.0,323360.0
276000.0,14.008358008,8.470221572902485E-7,276000.0,1.0,1.0,1.0,?,1.0,1.7976931348623157E308,?,1.0,1.0,276000.0,323360.0
277000.0,14.058664417,8.51230462627156E-7,277000.0,1.0,1.0,1.0,?,1.0,1.7976931348623157E308,?,1.0,1.0,277000.0,323360.0
278000.0,14.122814746,8.565968598171258E-7,278000.0,1.0,1.0,1.0,?,1.0,1.7976931348623157E308,?,1.0,1.0,278000.0,323360.0
279000.0,14.170217255,8.605622438620793E-7,279000.0,1.0,1.0,1.0,?,1.0,1.7976931348623157E308,?,1.0,1.0,279000.0,323360.0
280000.0,14.244943506,8.668718127198493E-7,280000.0,1.0,1.0,1.0,?,1.0,1.7976931348623157E308,?,1.0,1.0,280000.0,326384.0
281000.0,14.31705013,8.729601913437057E-7,281000.0,1.0,1.0,1.0,?,1.0,1.7976931348623157E308,?,1.0,1.0,281000.0,326384.0
282000.0,14.387730161,8.789281144831098E-7,282000.0,1.0,1.0,1.0,?,1.0,1.7976931348623157E308,?,1.0,1.0,282000.0,326384.0
283000.0,14.453271685,8.844621638056321E-7,283000.0,1.0,1.0,1.0,?,1.0,1.7976931348623157E308,?,1.0,1.0,283000.0,326384.0
284000.0,14.49877323,8.883060995613449E-7,284000.0,1.0,1.0,1.0,?,1.0,1.7976931348623157E308,?,1.0,1.0,284000.0,326552.0
285000.0,14.547654927,8.924355879753803E-7,285000.0,1.0,1.0,1.0,?,1.0,1.7976931348623157E308,?,1.0,1.0,285000.0,326552.0
286000.0,14.618592675,8.984283547257607E-7,286000.0,1.0,1.0,1.0,?,1.0,1.7976931348623157E308,?,1.0,1.0,286000.0,326552.0
287000.0,14.687811686,9.042759238875984E-7,287000.0,1.0,1.0,1.0,?,1.0,1.7976931348623157E308,?,1.0,1.0,287000.0,326552.0
288000.0,14.758853216,9.102774580620432E-7,288000.0,1.0,1.0,1.0,?,1.0,1.7976931348623157E308,?,1.0,1.0,288000.0,326552.0
289000.0,14.827257333,9.160561856013884E-7,289000.0,1.0,1.0,1.0,?,1.0,1.7976931348623157E308,?,1.0,1.0,289000.0,326552.0
290000.0,14.896825904,9.219332853249415E-7,290000.0,1.0,1.0,1.0,?,1.0,1.7976931348623157E308,?,1.0,1.0,290000.0,326552.0
291000.0,14.96770142,9.279207947635108E-7,291000.0,1.0,1.0,1.0,?,1.0,1.7976931348623157E308,?,1.0,1.0,291000.0,326552.0
292000.0,15.040710689,9.340885620252059E-7,292000.0,1.0,1.0,1.0,?,1.0,1.7976931348623157E308,?,1.0,1.0,292000.0,326552.0
293000.0,15.11085463,9.400142685667421E-7,293000.0,1.0,1.0,1.0,?,1.0,1.7976931348623157E308,?,1.0,1.0,293000.0,326552.0
294000.0,15.182286053,9.460487406039254E-7,294000.0,1.0,1.0,1.0,?,1.0,1.7976931348623157E308,?,1.0,1.0,294000.0,326552.0
295000.0,15.251668426,9.519101104627049E-7,295000.0,1.0,1.0,1.0,?,1.0,1.7976931348623157E308,?,1.0,1.0,295000.0,326552.0
296000.0,15.313814846,9.571601925407428E-7,296000.0,1.0,1.0,1.0,?,1.0,1.7976931348623157E308,?,1.0,1.0,296000.0,326552.0
297000.0,15.35315743,9.604838239769882E-7,297000.0,1.0,1.0,1.0,?,1.0,1.7976931348623157E308,?,1.0,1.0,297000.0,326552.0
298000.0,15.392636488,9.638189846324793E-7,298000.0,1.0,1.0,1.0,?,1.0,1.7976931348623157E308,?,1.0,1.0,298000.0,326552.0
299000.0,15.432537914,9.67189826613896E-7,299000.0,1.0,1.0,1.0,?,1.0,1.7976931348623157E308,?,1.0,1.0,299000.0,326552.0
300000.0,15.474471284,9.707323256719067E-7,300000.0,1.0,1.0,1.0,?,1.0,1.7976931348623157E308,?,1.0,1.0,300000.0,326552.0
301000.0,15.528505426,9.752970887027676E-7,301000.0,1.0,1.0,1.0,?,1.0,1.7976931348623157E308,?,1.0,1.0,301000.0,326552.0
302000.0,15.599550779,9.812989458413313E-7,302000.0,1.0,1.0,1.0,?,1.0,1.7976931348623157E308,?,1.0,1.0,302000.0,326552.0
303000.0,15.665436743,9.868649417392552E-7,303000.0,1.0,1.0,1.0,?,1.0,1.7976931348623157E308,?,1.0,1.0,303000.0,326552.0
304000.0,15.727374403,9.920973879319983E-7,304000.0,1.0,1.0,1.0,?,1.0,1.7976931348623157E308,?,1.0,1.0,304000.0,326552.0
305000.0,15.773269044,9.959745321374423E-7,305000.0,1.0,1.0,1.0,?,1.0,1.7976931348623157E308,?,1.0,1.0,305000.0,326552.0
306000.0,15.820148742,9.999348932056041E-7,306000.0,1.0,1.0,1.0,?,1.0,1.7976931348623157E308,?,1.0,1.0,306000.0,326552.0
307000.0,15.887228589,1.0056017474271704E-6,307000.0,1.0,1.0,1.0,?,1.0,1.7976931348623157E308,?,1.0,1.0,307000.0,326552.0
308000.0,15.928374193,1.0090776966154012E-6,308000.0,1.0,1.0,1.0,?,1.0,1.7976931348623157E308,?,1.0,1.0,308000.0,326552.0
309000.0,15.980902619,1.0135152579090388E-6,309000.0,1.0,1.0,1.0,?,1.0,1.7976931348623157E308,?,1.0,1.0,309000.0,326552.0
310000.0,16.038999629,1.018423248924267E-6,310000.0,1.0,1.0,1.0,?,1.0,1.7976931348623157E308,?,1.0,1.0,310000.0,326552.0
311000.0,16.107358255,1.02419813341869E-6,311000.0,1.0,1.0,1.0,?,1.0,1.7976931348623157E308,?,1.0,1.0,311000.0,326552.0
312000.0,16.171213763,1.0305668499475942E-6,312000.0,1.0,1.0,0.9999,0.0,1.0,1.7976931348623157E308,?,0.9999,-0.9500000000009742,312000.0,385528.0
313000.0,16.328756678,1.0387902003334501E-6,313000.0,0.9993293403563775,0.9772889939897383,0.9988,0.9912872873244989,1.0,12.35113484646195,0.992576063975845,0.9998919035779915,0.509019607843149,313000.0,201768.0
314000.0,16.431002589,1.0443375229909579E-6,314000.0,0.9993976111111111,0.9820090318250322,0.9982,0.9899821905609972,1.0,9.0,0.9940979719211672,0.9992222222222222,0.4437007874015757,314000.0,209720.0
315000.0,16.497766366,1.0480120026513517E-6,315000.0,0.9993976111111111,0.9820090318250322,0.9982,0.9899821905609972,1.0,9.0,0.9940979719211672,0.9992222222222222,0.4419291338582556,315000.0,212744.0
316000.0,16.580044564,1.0536352723379388E-6,316000.0,0.9993956666666667,0.9819173204904963,0.9981,0.9894303515798842,1.0,9.0,0.9940426997311981,0.9991111111111111,0.4090551181102346,316000.0,264184.0
317000.0,16.640517621,1.0577682786087295E-6,317000.0,0.9993956666666667,0.9819173204904963,0.9981,0.9894303515798842,1.0,9.0,0.9940426997311981,0.9991111111111111,0.4071850393700849,317000.0,264184.0
318000.0,16.696222047,1.0616189529333488E-6,318000.0,0.9993956666666667,0.9819173204904963,0.9981,0.9894303515798842,1.0,9.0,0.9940426997311981,0.9991111111111111,0.4053149606299196,318000.0,267208.0
319000.0,16.762712438,1.0662028427890438E-6,319000.0,0.9988876552939226,0.9804450398847634,0.998,0.9888790072690145,1.0,8.99000999000999,0.9935460017238662,0.9991110123347039,0.37266470009833164,319000.0,266488.0
320000.0,16.829627077,1.070861404281426E-6,320000.0,0.9988865451694655,0.9804454497694426,0.998,0.9888790072690145,1.0,8.99000999000999,0.9935460017238662,0.9991110123347039,0.37069813176008437,320000.0,269112.0
321000.0,16.916319988,1.0774179546258224E-6,321000.0,0.9983282586511578,0.9760556535328654,0.9976,0.9866785301756271,0.9988865451694655,8.950248756218905,0.9915666282861139,0.9991106170094497,0.24544564152792472,321000.0,292344.0
322000.0,16.97084525,1.0815370518055018E-6,322000.0,0.9983301391873318,0.9761616545879002,0.9977,0.9872279270814593,0.9988865451694655,8.950248756218905,0.991621793471741,0.9992217898832685,0.2746327130264515,322000.0,292016.0
323000.0,17.012246312,1.084729804347774E-6,323000.0,0.995791280210899,0.975717222509049,0.9988,0.9760378793203708,0.9988865451694655,38.0625,0.9898304856215556,0.9992816091954023,0.6203721841332113,323000.0,298096.0
324000.0,17.103559836,1.0933024508176618E-6,324000.0,0.9800907071630586,0.7329696651934996,0.9988,0.8744036791348927,0.9988865451694655,187.67924528301887,0.8901534489445063,0.999899467176033,0.6362956033676359,324000.0,362896.0
325000.0,17.254736361,1.1094862645041446E-6,325000.0,0.9989042288030278,0.9757889884518666,0.998,0.9889184593644338,0.9988865451694655,8.920634920634921,0.9922556486853109,0.999443950177936,0.6788537549407091,325000.0,413808.0
326000.0,17.355169938,1.1150098804869378E-6,326000.0,0.9987925775292323,0.9750770491428576,0.9981,0.9894678772473332,0.9988865451694655,8.920634920634921,0.9923108522041545,0.9995551601423488,0.6939723320158089,326000.0,212592.0
327000.0,17.418838164,1.1187777900155633E-6,327000.0,0.9987865095252217,0.9750427567743832,0.9981,0.9894678772473332,0.9988865451694655,8.920634920634921,0.9923108522041545,0.9995551601423488,0.6930335968379409,327000.0,228760.0
328000.0,17.480554995,1.1225805528843401E-6,328000.0,0.9987857372338022,0.9750318581707919,0.9981,0.9894678772473332,0.9988865451694655,8.920634920634921,0.9923108522041545,0.9995551601423488,0.6920948616600773,328000.0,238176.0
329000.0,17.538646613,1.1262059903791006E-6,329000.0,0.9992923989981837,0.9764603245715641,0.9982,0.9900177694794632,0.9988865451694655,8.930486593843098,0.9928034609907109,0.9995552096074725,0.7074110671936725,329000.0,241240.0
330000.0,17.588885054,1.129387795533372E-6,330000.0,0.9992900800810428,0.9764584027532182,0.9982,0.9900177694794632,0.9988865451694655,8.930486593843098,0.9928034609907109,0.9995552096074725,0.7065217391304305,330000.0,244816.0
331000.0,17.709143357,1.1391489054512251E-6,331000.0,0.9998460708521977,0.9789929188348265,0.9983,0.9919420724117604,0.9992900800810428,7.312551953449709,0.9943560205640981,0.999545299533932,0.7469874100719353,331000.0,313752.0
332000.0,17.788402509,1.146386138230357E-6,332000.0,0.9998474882476655,0.9789996086853964,0.9983,0.9919420724117604,0.9992900800810428,7.312551953449709,0.9943560205640981,0.999545299533932,0.7462230215827296,332000.0,352960.0
333000.0,17.854230934,1.1524446814466906E-6,333000.0,0.9998438975124804,0.9789977912093627,0.9983,0.9919420724117604,0.9992900800810428,7.312551953449709,0.9943560205640981,0.999545299533932,0.7454586330935193,333000.0,355760.0
334000.0,17.921290791,1.1586223890318531E-6,334000.0,0.9999759200663666,0.9853779580891923,0.9989,0.9946101892901522,0.9992900800810428,7.658008658008658,0.9967396359355358,0.9995477671000566,0.8348021582733837,334000.0,356096.0
335000.0,17.987782369,1.164804716553255E-6,335000.0,0.999961224489796,0.9723074311217533,0.9997,0.9922902960526324,0.9992900800810428,49.0,0.9924716620639604,1.0,0.9548111510791414,335000.0,359408.0
336000.0,18.054466126,1.1712248991878968E-6,336000.0,0.9999943877551021,0.9730461542434322,0.9997,0.9922902960526324,0.9992900800810428,49.0,0.9924716620639604,1.0,0.9546762589928108,336000.0,372160.0
337000.0,18.118967648,1.1775252215523166E-6,337000.0,0.9999954081632653,0.9730763919029787,0.9997,0.9922902960526324,0.9992900800810428,49.0,0.9924716620639604,1.0,0.9545413669064798,337000.0,377568.0
338000.0,18.184599073,1.1838847012260925E-6,338000.0,0.9999959183673469,0.9730865715920283,0.9997,0.9922902960526324,0.9992900800810428,49.0,0.9924716620639604,1.0,0.9544064748201493,338000.0,374552.0
339000.0,18.22972743,1.1882574977797618E-6,339000.0,0.9999964285714286,0.973103261417196,0.9997,0.9922902960526324,0.9992900800810428,49.0,0.9924716620639604,1.0,0.9542715827338181,339000.0,374552.0
340000.0,18.280390202,1.1931709656081365E-6,340000.0,0.9999959183673469,0.9730383226235136,0.9997,0.9922902960526324,0.9992900800810428,49.0,0.9924716620639604,1.0,0.9541366906474873,340000.0,374888.0
341000.0,18.353838221,1.2004173599678482E-6,341000.0,1.0,1.0,1.0,?,0.9999959183673469,1.7976931348623157E308,?,1.0,1.0,341000.0,381368.0
342000.0,18.401934994,1.2052004216928798E-6,342000.0,1.0,1.0,1.0,?,0.9999959183673469,1.7976931348623157E308,?,1.0,1.0,342000.0,384408.0
343000.0,18.443990436,1.2093880898097382E-6,343000.0,1.0,1.0,1.0,?,0.9999959183673469,1.7976931348623157E308,?,1.0,1.0,343000.0,384904.0
344000.0,18.489946904,1.2139642023567666E-6,344000.0,1.0,1.0,1.0,?,0.9999959183673469,1.7976931348623157E308,?,1.0,1.0,344000.0,384904.0
345000.0,18.535936183,1.2185817491068045E-6,345000.0,1.0,1.0,1.0,?,0.9999959183673469,1.7976931348623157E308,?,1.0,1.0,345000.0,388112.0
346000.0,18.605945245,1.2257234341497074E-6,346000.0,1.0,1.0,1.0,?,0.9999959183673469,1.7976931348623157E308,?,1.0,1.0,346000.0,394320.0
347000.0,18.651662962,1.2303871380527045E-6,347000.0,1.0,1.0,1.0,?,0.9999959183673469,1.7976931348623157E308,?,1.0,1.0,347000.0,394320.0
348000.0,18.696074484,1.2349878184283584E-6,348000.0,1.0,1.0,1.0,?,0.9999959183673469,1.7976931348623157E308,?,1.0,1.0,348000.0,400432.0
349000.0,18.773219542,1.2432280231228074E-6,349000.0,0.4973997399739974,-0.4973997399739974,0.9999,0.0,0.9999959183673469,9999.0,0.0,1.0,0.9843146067415747,349000.0,412888.0
350000.0,18.821309402,1.2484413494972074E-6,350000.0,0.49744974497449745,-0.49744974497449745,0.9999,0.0,0.9999959183673469,9999.0,0.0,1.0,0.98426966292135,350000.0,419048.0
351000.0,18.894976042,1.2568485008848394E-6,351000.0,0.4967496749674967,-0.4967496749674967,0.9999,0.0,0.49744974497449745,9999.0,0.0,1.0,0.9842247191011254,351000.0,441144.0
352000.0,18.949496882,1.2633296119508828E-6,352000.0,0.4965996599659966,-0.4965996599659966,0.9999,0.0,0.49744974497449745,9999.0,0.0,1.0,0.9841797752809007,352000.0,459504.0
353000.0,19.002291231,1.269563640187192E-6,353000.0,0.49604960496049605,-0.49604960496049605,0.9999,0.0,0.49744974497449745,9999.0,0.0,1.0,0.984134831460676,353000.0,456440.0
354000.0,19.079232378,1.2786489550365526E-6,354000.0,0.49604960496049605,-0.49604960496049605,0.9999,0.0,0.49744974497449745,9999.0,0.0,1.0,0.9840898876404511,354000.0,456440.0
355000.0,19.140977733,1.2859925790633466E-6,355000.0,0.4961996199619962,-0.4961996199619962,0.9999,0.0,0.49744974497449745,9999.0,0.0,1.0,0.9840449438202264,355000.0,459736.0
356000.0,19.189191793,1.2917268716177467E-6,356000.0,0.49604960496049605,-0.49604960496049605,0.9999,0.0,0.49744974497449745,9999.0,0.0,1.0,0.9840000000000017,356000.0,459736.0
357000.0,19.268762079,1.301364881745498E-6,357000.0,0.4960996099609961,-0.4960996099609961,0.9999,0.0,0.49744974497449745,9999.0,0.0,1.0,0.983955056179777,357000.0,468208.0
358000.0,19.322005687,1.3080669469694667E-6,358000.0,0.4961496149614962,-0.4961496149614962,0.9999,0.0,0.49744974497449745,9999.0,0.0,1.0,0.9839101123595524,358000.0,486568.0
359000.0,19.376863164,1.3149721587439271E-6,359000.0,1.0,1.0,1.0,?,0.49744974497449745,1.7976931348623157E308,?,1.0,1.0,359000.0,486568.0
360000.0,19.452261734,1.3244629906562568E-6,360000.0,1.0,1.0,1.0,?,0.49744974497449745,1.7976931348623157E308,?,1.0,1.0,360000.0,486568.0
361000.0,19.531747723,1.3344683284363272E-6,361000.0,1.0,1.0,1.0,?,1.0,1.7976931348623157E308,?,1.0,1.0,361000.0,486568.0
362000.0,19.599492706,1.342998845856891E-6,362000.0,1.0,1.0,1.0,?,1.0,1.7976931348623157E308,?,1.0,1.0,362000.0,486744.0
363000.0,19.667827094,1.3516035817567815E-6,363000.0,1.0,1.0,1.0,?,1.0,1.7976931348623157E308,?,1.0,1.0,363000.0,486744.0
364000.0,19.730893292,1.3595449417935495E-6,364000.0,1.0,1.0,1.0,?,1.0,1.7976931348623157E308,?,1.0,1.0,364000.0,486744.0
365000.0,19.776015642,1.3652267941711903E-6,365000.0,1.0,1.0,1.0,?,1.0,1.7976931348623157E308,?,1.0,1.0,365000.0,486744.0
366000.0,19.822647746,1.3710987563138266E-6,366000.0,1.0,1.0,1.0,?,1.0,1.7976931348623157E308,?,1.0,1.0,366000.0,486744.0
367000.0,19.901811305,1.381129043001644E-6,367000.0,1.0,1.0,1.0,?,1.0,1.7976931348623157E308,?,1.0,1.0,367000.0,489768.0
368000.0,19.951445141,1.3874178153962267E-6,368000.0,1.0,1.0,1.0,?,1.0,1.7976931348623157E308,?,1.0,1.0,368000.0,489768.0
369000.0,20.007511097,1.3945215588257832E-6,369000.0,1.0,1.0,1.0,?,1.0,1.7976931348623157E308,?,1.0,1.0,369000.0,489768.0
370000.0,20.083022015,1.4040890437287835E-6,370000.0,1.0,1.0,1.0,?,1.0,1.7976931348623157E308,?,1.0,1.0,370000.0,489768.0
371000.0,20.131232079,1.410197419467146E-6,371000.0,1.0,1.0,1.0,?,1.0,1.7976931348623157E308,?,1.0,1.0,371000.0,489768.0
372000.0,20.177532136,1.4160637909547175E-6,372000.0,1.0,1.0,1.0,?,1.0,1.7976931348623157E308,?,1.0,1.0,372000.0,489768.0
373000.0,20.243936133,1.4244773986239605E-6,373000.0,1.0,1.0,1.0,?,1.0,1.7976931348623157E308,?,1.0,1.0,373000.0,489768.0
374000.0,20.324750338,1.4347168276597122E-6,374000.0,1.0,1.0,1.0,?,1.0,1.7976931348623157E308,?,1.0,1.0,374000.0,489768.0
375000.0,20.399621519,1.4442032557532934E-6,375000.0,1.0,1.0,1.0,?,1.0,1.7976931348623157E308,?,1.0,1.0,375000.0,489768.0
376000.0,20.473920183,1.4536171440354236E-6,376000.0,1.0,1.0,1.0,?,1.0,1.7976931348623157E308,?,1.0,1.0,376000.0,489768.0
377000.0,20.552184808,1.4635335327903117E-6,377000.0,1.0,1.0,1.0,?,1.0,1.7976931348623157E308,?,1.0,1.0,377000.0,489768.0
378000.0,20.628436654,1.4731948957395861E-6,378000.0,1.0,1.0,1.0,?,1.0,1.7976931348623157E308,?,1.0,1.0,378000.0,489768.0
379000.0,20.708006115,1.4832766115632153E-6,379000.0,1.0,1.0,1.0,?,1.0,1.7976931348623157E308,?,1.0,1.0,379000.0,489768.0
380000.0,20.778434053,1.4922000659643978E-6,380000.0,1.0,1.0,1.0,?,1.0,1.7976931348623157E308,?,1.0,1.0,380000.0,489768.0
381000.0,20.862559976,1.5028591007049564E-6,381000.0,1.0,1.0,1.0,?,1.0,1.7976931348623157E308,?,1.0,1.0,381000.0,489768.0
382000.0,20.920911041,1.510252375058494E-6,382000.0,1.0,1.0,1.0,?,1.0,1.7976931348623157E308,?,1.0,1.0,382000.0,489768.0
383000.0,20.974307694,1.5170172458440745E-6,383000.0,1.0,1.0,1.0,?,1.0,1.7976931348623157E308,?,1.0,1.0,383000.0,489720.0
384000.0,21.027887372,1.5238053042342325E-6,384000.0,1.0,1.0,1.0,?,1.0,1.7976931348623157E308,?,1.0,1.0,384000.0,489720.0
385000.0,21.0829453,1.5308157395148171E-6,385000.0,0.4921992199219922,-0.4921992199219922,0.9999,0.0,1.0,9999.0,0.0,1.0,0.9827044025157253,385000.0,492184.0
386000.0,21.13639965,1.5375847117326469E-6,386000.0,0.4921992199219922,-0.4921992199219922,0.9999,0.0,1.0,9999.0,0.0,1.0,0.9826594788858958,386000.0,489488.0
387000.0,21.218083726,1.5479860867946903E-6,387000.0,0.4920992099209921,-0.4920992099209921,0.9999,0.0,1.0,9999.0,0.0,1.0,0.9826145552560667,387000.0,492216.0
388000.0,21.300937118,1.5585499050514791E-6,388000.0,0.49244924492449244,-0.49244924492449244,0.9999,0.0,1.0,9999.0,0.0,1.0,0.9825696316262373,388000.0,492848.0
389000.0,21.386492318,1.5694582041796936E-6,389000.0,0.49259925992599257,-0.49259925992599257,0.9999,0.0,1.0,9999.0,0.0,1.0,0.9825247079964079,389000.0,492848.0
390000.0,21.471617718,1.5803784744616408E-6,390000.0,0.49264926492649264,-0.49264926492649264,0.9999,0.0,1.0,9999.0,0.0,1.0,0.9824797843665787,390000.0,495880.0
391000.0,21.559155822,1.5916082572955448E-6,391000.0,0.49264926492649264,-0.49264926492649264,0.9999,0.0,0.49264926492649264,9999.0,0.0,1.0,0.9824348607367495,391000.0,495880.0
392000.0,21.642998226,1.6023639390634803E-6,392000.0,0.492999299929993,-0.492999299929993,0.9999,0.0,0.49264926492649264,9999.0,0.0,1.0,0.9823899371069201,392000.0,495880.0
393000.0,21.727017827,1.6131423524618476E-6,393000.0,0.49304930493049304,-0.49304930493049304,0.9999,0.0,0.49264926492649264,9999.0,0.0,1.0,0.9823450134770907,393000.0,495880.0
394000.0,21.814441262,1.6243574250392012E-6,394000.0,0.49824982498249826,-0.49824982498249826,0.9999,0.0,0.49264926492649264,9999.0,0.0,1.0,0.9823000898472616,394000.0,495880.0
395000.0,21.869396626,1.6314511353521936E-6,395000.0,1.0,1.0,1.0,?,0.49264926492649264,1.7976931348623157E308,?,1.0,1.0,395000.0,498960.0
396000.0,21.920040142,1.6379882666818194E-6,396000.0,1.0,1.0,1.0,?,0.49264926492649264,1.7976931348623157E308,?,1.0,1.0,396000.0,498960.0
397000.0,21.987502762,1.64669642996931E-6,397000.0,1.0,1.0,1.0,?,0.49264926492649264,1.7976931348623157E308,?,1.0,1.0,397000.0,498960.0
398000.0,22.070125736,1.6573615115936242E-6,398000.0,1.0,1.0,1.0,?,0.49264926492649264,1.7976931348623157E308,?,1.0,1.0,398000.0,498960.0
399000.0,22.150597114,1.6677488623901598E-6,399000.0,1.0,1.0,1.0,?,0.49264926492649264,1.7976931348623157E308,?,1.0,1.0,399000.0,498960.0
400000.0,22.227645451,1.6776943625741966E-6,400000.0,1.0,1.0,1.0,?,0.49264926492649264,1.7976931348623157E308,?,1.0,1.0,400000.0,498960.0
401000.0,22.280867854,1.6845643800131374E-6,401000.0,1.0,1.0,1.0,?,1.0,1.7976931348623157E308,?,1.0,1.0,401000.0,498960.0
402000.0,22.335417778,1.6917831165277604E-6,402000.0,1.0,1.0,1.0,?,1.0,1.7976931348623157E308,?,1.0,1.0,402000.0,511528.0
403000.0,22.387289121,1.698651468717828E-6,403000.0,1.0,1.0,1.0,?,1.0,1.7976931348623157E308,?,1.0,1.0,403000.0,511832.0
404000.0,22.438290673,1.7054046507469892E-6,404000.0,1.0,1.0,1.0,?,1.0,1.7976931348623157E308,?,1.0,1.0,404000.0,511832.0
405000.0,22.49744897,1.713237878021645E-6,405000.0,1.0,1.0,1.0,?,1.0,1.7976931348623157E308,?,1.0,1.0,405000.0,511832.0
406000.0,22.580534223,1.7242393047517161E-6,406000.0,1.0,1.0,1.0,?,1.0,1.7976931348623157E308,?,1.0,1.0,406000.0,511832.0
407000.0,22.665700308,1.735516257161243E-6,407000.0,1.0,1.0,1.0,?,1.0,1.7976931348623157E308,?,1.0,1.0,407000.0,511832.0
408000.0,22.75145467,1.7469381906732063E-6,408000.0,1.0,1.0,1.0,?,1.0,1.7976931348623157E308,?,1.0,1.0,408000.0,514856.0
409000.0,22.804713918,1.7540319824683474E-6,409000.0,1.0,1.0,1.0,?,1.0,1.7976931348623157E308,?,1.0,1.0,409000.0,514856.0
410000.0,22.856254767,1.7608968944879616E-6,410000.0,1.0,1.0,1.0,?,1.0,1.7976931348623157E308,?,1.0,1.0,410000.0,514856.0
411000.0,22.910922867,1.7683652459880704E-6,411000.0,0.9994999499949995,0.002987080086360061,0.9999,0.0,1.0,9999.0,0.0,1.0,0.9815446789402805,411000.0,528072.0
412000.0,22.971992554,1.7769564916495353E-6,412000.0,0.7485497099419884,-0.24725556039473162,0.9998,0.0,1.0,4999.0,0.0,1.0,0.9630161579892318,412000.0,543792.0
413000.0,23.031590591,1.7854369151643657E-6,413000.0,0.7480496099219844,-0.24675526085635047,0.9998,0.0,1.0,4999.0,0.0,1.0,0.9629263913824102,413000.0,550032.0
414000.0,23.099434689,1.795149813811054E-6,414000.0,0.747874574914983,-0.2466805502763434,0.9998,0.0,1.0,4999.0,0.0,1.0,0.9628366247755875,414000.0,553400.0
415000.0,23.18747,1.8077468278359677E-6,415000.0,0.7478995799159832,-0.2466554063462234,0.9998,0.0,1.0,4999.0,0.0,1.0,0.9627468581687655,415000.0,553112.0
416000.0,23.284966007,1.8217324849426057E-6,416000.0,0.7478995799159832,-0.2466554063462234,0.9998,0.0,1.0,4999.0,0.0,1.0,0.9626570915619428,416000.0,554496.0
417000.0,23.356787592,1.8320351844230599E-6,417000.0,0.7478995799159832,-0.2466554063462234,0.9998,0.0,1.0,4999.0,0.0,1.0,0.9625673249551212,417000.0,554496.0
418000.0,23.411143012,1.8398707490804019E-6,418000.0,0.7478995799159832,-0.2466554063462234,0.9998,0.0,1.0,4999.0,0.0,1.0,0.9624775583482985,418000.0,557224.0
419000.0,23.464524018,1.8475658478210053E-6,419000.0,0.7478995799159832,-0.2466554063462234,0.9998,0.0,1.0,4999.0,0.0,1.0,0.962387791741476,419000.0,557224.0
420000.0,23.521057526,1.8558880881722533E-6,420000.0,0.7473494698939788,-0.24645650560265808,0.9998,0.0,1.0,4999.0,0.0,1.0,0.9622980251346542,420000.0,569032.0
421000.0,23.575544588,1.8640457465673873E-6,421000.0,0.4955495549554956,-0.4955495549554956,0.9999,0.0,0.7473494698939788,9999.0,0.0,1.0,0.9811041292639161,421000.0,578728.0
422000.0,23.628950334,1.8720415131992033E-6,422000.0,1.0,1.0,1.0,?,0.7473494698939788,1.7976931348623157E308,?,1.0,1.0,422000.0,578728.0
423000.0,23.705024059,1.8834277632248994E-6,423000.0,1.0,1.0,1.0,?,0.7473494698939788,1.7976931348623157E308,?,1.0,1.0,423000.0,578560.0
424000.0,23.760760612,1.8918586605569318E-6,424000.0,1.0,1.0,1.0,?,0.7473494698939788,1.7976931348623157E308,?,1.0,1.0,424000.0,584704.0
425000.0,23.819388316,1.900726883054236E-6,425000.0,1.0,1.0,1.0,?,0.7473494698939788,1.7976931348623157E308,?,1.0,1.0,425000.0,584704.0
426000.0,23.873873739,1.908968530279987E-6,426000.0,1.0,1.0,1.0,?,0.7473494698939788,1.7976931348623157E308,?,1.0,1.0,426000.0,584704.0
427000.0,23.929055719,1.9173155410461224E-6,427000.0,1.0,1.0,1.0,?,0.7473494698939788,1.7976931348623157E308,?,1.0,1.0,427000.0,584704.0
428000.0,23.982847115,1.9254522074277465E-6,428000.0,1.0,1.0,1.0,?,0.7473494698939788,1.7976931348623157E308,?,1.0,1.0,428000.0,584704.0
429000.0,24.06576615,1.938002025464928E-6,429000.0,1.0,1.0,1.0,?,0.7473494698939788,1.7976931348623157E308,?,1.0,1.0,429000.0,585040.0
430000.0,24.156191263,1.9516878904070554E-6,430000.0,1.0,1.0,1.0,?,0.7473494698939788,1.7976931348623157E308,?,1.0,1.0,430000.0,585040.0
431000.0,24.24458627,1.9650664982652554E-6,431000.0,1.0,1.0,1.0,?,1.0,1.7976931348623157E308,?,1.0,1.0,431000.0,585040.0
432000.0,24.33153113,1.978363281297151E-6,432000.0,1.0,1.0,1.0,?,1.0,1.7976931348623157E308,?,1.0,1.0,432000.0,591160.0
433000.0,24.419175453,1.991767035664096E-6,433000.0,1.0,1.0,1.0,?,1.0,1.7976931348623157E308,?,1.0,1.0,433000.0,591160.0
434000.0,24.491918972,2.0029493174058524E-6,434000.0,1.0,1.0,1.0,?,1.0,1.7976931348623157E308,?,1.0,1.0,434000.0,594208.0
435000.0,24.547573052,2.0115045758150345E-6,435000.0,1.0,1.0,1.0,?,1.0,1.7976931348623157E308,?,1.0,1.0,435000.0,594208.0
436000.0,24.602327598,2.0199215560275804E-6,436000.0,1.0,1.0,1.0,?,1.0,1.7976931348623157E308,?,1.0,1.0,436000.0,594208.0
437000.0,24.679946994,2.0318533675020427E-6,437000.0,1.0,1.0,1.0,?,1.0,1.7976931348623157E308,?,1.0,1.0,437000.0,594208.0
438000.0,24.751725275,2.042887270894604E-6,438000.0,1.0,1.0,1.0,?,1.0,1.7976931348623157E308,?,1.0,1.0,438000.0,594208.0
439000.0,24.840559809,2.056543096200301E-6,439000.0,1.0,1.0,1.0,?,1.0,1.7976931348623157E308,?,1.0,1.0,439000.0,594208.0
440000.0,24.92703883,2.0698368272552046E-6,440000.0,1.0,1.0,1.0,?,1.0,1.7976931348623157E308,?,1.0,1.0,440000.0,594208.0
441000.0,25.022553842,2.084519589230897E-6,441000.0,1.0,1.0,1.0,?,1.0,1.7976931348623157E308,?,1.0,1.0,441000.0,594208.0
442000.0,25.112643793,2.0983683997920554E-6,442000.0,1.0,1.0,1.0,?,1.0,1.7976931348623157E308,?,1.0,1.0,442000.0,594208.0
443000.0,25.200539344,2.111879882720575E-6,443000.0,1.0,1.0,1.0,?,1.0,1.7976931348623157E308,?,1.0,1.0,443000.0,594208.0
444000.0,25.288669305,2.1254273996312157E-6,444000.0,1.0,1.0,1.0,?,1.0,1.7976931348623157E308,?,1.0,1.0,444000.0,594208.0
445000.0,25.379267902,2.1393544002903654E-6,445000.0,1.0,1.0,1.0,?,1.0,1.7976931348623157E308,?,1.0,1.0,445000.0,594208.0
446000.0,25.47076487,2.153419500367425E-6,446000.0,1.0,1.0,1.0,?,1.0,1.7976931348623157E308,?,1.0,1.0,446000.0,594208.0
447000.0,25.564654578,2.1678524173054584E-6,447000.0,1.0,1.0,1.0,?,1.0,1.7976931348623157E308,?,1.0,1.0,447000.0,594208.0
448000.0,25.653977252,2.181583280485106E-6,448000.0,1.0,1.0,1.0,?,1.0,1.7976931348623157E308,?,1.0,1.0,448000.0,594208.0
449000.0,25.735983985,2.1945072411718374E-6,449000.0,1.0,1.0,1.0,?,1.0,1.7976931348623157E308,?,1.0,1.0,449000.0,609184.0
450000.0,25.789091087,2.2029642148542805E-6,450000.0,1.0,1.0,1.0,?,1.0,1.7976931348623157E308,?,1.0,1.0,450000.0,615552.0
451000.0,25.882170873,2.218228693599952E-6,451000.0,1.0,1.0,1.0,?,1.0,1.7976931348623157E308,?,1.0,1.0,451000.0,633912.0
452000.0,25.978920428,2.234415564288732E-6,452000.0,0.9968493698739748,5.410648759851533E-4,0.9998,0.0,1.0,4999.0,0.0,1.0,0.9594618834080758,452000.0,646720.0
453000.0,26.036153191,2.244080312699575E-6,453000.0,0.996749349869974,5.410105245505781E-4,0.9998,0.0,1.0,4999.0,0.0,1.0,0.9593721973094211,453000.0,652752.0
454000.0,26.090566831,2.25326900311311E-6,454000.0,0.9974494898979795,5.413909845928266E-4,0.9998,0.0,1.0,4999.0,0.0,1.0,0.9592825112107669,454000.0,652752.0
455000.0,26.144460149,2.2623698280985395E-6,455000.0,0.9981496299259852,5.420627946984835E-4,0.9998,0.0,1.0,4999.0,0.0,1.0,0.9591928251121122,455000.0,652752.0
456000.0,26.199405718,2.2716524377481007E-6,456000.0,0.9965493098619724,5.411931717446139E-4,0.9998,0.0,1.0,4999.0,0.0,1.0,0.9591031390134578,456000.0,653040.0
457000.0,26.253769417,2.2808367451655607E-6,457000.0,0.9965493098619724,5.411931717446139E-4,0.9998,0.0,1.0,4999.0,0.0,1.0,0.9590134529148032,457000.0,653040.0
458000.0,26.32375915,2.2926609446913863E-6,458000.0,0.9956491298259652,5.407040088331039E-4,0.9998,0.0,1.0,4999.0,0.0,1.0,0.958923766816148,458000.0,653040.0
459000.0,26.382929137,2.302657235607777E-6,459000.0,0.9956491298259652,5.407040088331039E-4,0.9998,0.0,1.0,4999.0,0.0,1.0,0.9588340807174933,459000.0,653040.0
460000.0,26.438328218,2.31201646244311E-6,460000.0,0.9950990198039608,5.404621367361973E-4,0.9998,0.0,1.0,4999.0,0.0,1.0,0.9587443946188389,460000.0,653040.0
461000.0,26.493400118,2.3213204146937397E-6,461000.0,0.9956991398279655,5.409794876508611E-4,0.9998,0.0,0.9950990198039608,4999.0,0.0,1.0,0.9586547085201844,461000.0,653040.0
462000.0,26.548498798,2.3306288912088542E-6,462000.0,1.0,1.0,1.0,?,0.9950990198039608,1.7976931348623157E308,?,1.0,1.0,462000.0,653040.0
463000.0,26.603711329,2.340004708829528E-6,463000.0,1.0,1.0,1.0,?,0.9950990198039608,1.7976931348623157E308,?,1.0,1.0,463000.0,656408.0
464000.0,26.66054627,2.3496560331149104E-6,464000.0,1.0,1.0,1.0,?,0.9950990198039608,1.7976931348623157E308,?,1.0,1.0,464000.0,656408.0
465000.0,26.718109763,2.3594757503110745E-6,465000.0,1.0,1.0,1.0,?,0.9950990198039608,1.7976931348623157E308,?,1.0,1.0,465000.0,659408.0
466000.0,26.77453353,2.3691010424225564E-6,466000.0,1.0,1.0,1.0,?,0.9950990198039608,1.7976931348623157E308,?,1.0,1.0,466000.0,659408.0
467000.0,26.840408043,2.3803385308789124E-6,467000.0,1.0,1.0,1.0,?,0.9950990198039608,1.7976931348623157E308,?,1.0,1.0,467000.0,659408.0
468000.0,26.930304509,2.3956739079911837E-6,468000.0,1.0,1.0,1.0,?,0.9950990198039608,1.7976931348623157E308,?,1.0,1.0,468000.0,659408.0
469000.0,27.020344984,2.411047641273894E-6,469000.0,1.0,1.0,1.0,?,0.9950990198039608,1.7976931348623157E308,?,1.0,1.0,469000.0,660000.0
470000.0,27.11015648,2.426382278116105E-6,470000.0,1.0,1.0,1.0,?,0.9950990198039608,1.7976931348623157E308,?,1.0,1.0,470000.0,660000.0
471000.0,27.169336071,2.436486747776154E-6,471000.0,1.0,1.0,1.0,?,1.0,1.7976931348623157E308,?,1.0,1.0,471000.0,660000.0
472000.0,27.227439543,2.4464552179753613E-6,472000.0,1.0,1.0,1.0,?,1.0,1.7976931348623157E308,?,1.0,1.0,472000.0,663176.0
473000.0,27.284178342,2.456189559272045E-6,473000.0,1.0,1.0,1.0,?,1.0,1.7976931348623157E308,?,1.0,1.0,473000.0,663176.0
474000.0,27.338058978,2.465433542390306E-6,474000.0,1.0,1.0,1.0,?,1.0,1.7976931348623157E308,?,1.0,1.0,474000.0,663176.0
475000.0,27.392330211,2.4747445379334768E-6,475000.0,1.0,1.0,1.0,?,1.0,1.7976931348623157E308,?,1.0,1.0,475000.0,663176.0
476000.0,27.478069627,2.489454344144256E-6,476000.0,1.0,1.0,1.0,?,1.0,1.7976931348623157E308,?,1.0,1.0,476000.0,663176.0
477000.0,27.599731865,2.5105905925135102E-6,477000.0,1.0,1.0,1.0,?,1.0,1.7976931348623157E308,?,1.0,1.0,477000.0,671544.0
478000.0,27.707493255,2.5293118616689902E-6,478000.0,1.0,1.0,1.0,?,1.0,1.7976931348623157E308,?,1.0,1.0,478000.0,671544.0
479000.0,27.803086805,2.5459948004528336E-6,479000.0,1.0,1.0,1.0,?,1.0,1.7976931348623157E308,?,1.0,1.0,479000.0,674600.0
480000.0,27.864056887,2.5566352688280736E-6,480000.0,1.0,1.0,1.0,?,1.0,1.7976931348623157E308,?,1.0,1.0,480000.0,674600.0
481000.0,27.925119398,2.567291867866406E-6,481000.0,1.0,1.0,1.0,?,1.0,1.7976931348623157E308,?,1.0,1.0,481000.0,674600.0
482000.0,27.986625534,2.5780258881190145E-6,482000.0,1.0,1.0,1.0,?,1.0,1.7976931348623157E308,?,1.0,1.0,482000.0,674600.0
483000.0,28.056473818,2.5902157758899834E-6,483000.0,1.0,1.0,1.0,?,1.0,1.7976931348623157E308,?,1.0,1.0,483000.0,674600.0
484000.0,28.136274183,2.6041424958854576E-6,484000.0,1.0,1.0,1.0,?,1.0,1.7976931348623157E308,?,1.0,1.0,484000.0,674600.0
485000.0,28.19412074,2.6141922350774038E-6,485000.0,1.0,1.0,1.0,?,1.0,1.7976931348623157E308,?,1.0,1.0,485000.0,671552.0
486000.0,28.270267154,2.6260887771365497E-6,486000.0,0.9999983903258584,0.9752007294420814,0.9996,0.9918896834746227,1.0,38.21568627450981,0.992125861718258,1.0,0.9217706237424629,486000.0,603912.0
487000.0,28.361570504,2.6377904339568024E-6,487000.0,0.9988483922774516,0.9731102441193904,0.9988,0.98732038533349,1.0,18.960079840319363,0.9908207602223194,0.9996841772818191,0.7860124496521438,487000.0,495408.0
488000.0,28.411379948,2.6441957800779943E-6,488000.0,0.9988483922774516,0.9731102441193904,0.9988,0.98732038533349,1.0,18.960079840319363,0.9908207602223194,0.9996841772818191,0.7855730501647789,488000.0,497088.0
489000.0,28.486147491,2.654258943235793E-6,489000.0,0.9988478669568958,0.9730824468558535,0.9988,0.98732038533349,1.0,18.960079840319363,0.9908207602223194,0.9996841772818191,0.7851336506774118,489000.0,520264.0
490000.0,28.541400247,2.6619944737404024E-6,490000.0,0.9988430340077818,0.97297079212002,0.9987,0.9862767982461329,1.0,18.960079840319363,0.9907685884212026,0.9995789030424255,0.7667521054558805,490000.0,541176.0
491000.0,28.594033597,2.6693632805467954E-6,491000.0,0.9988447150335606,0.9729708181886527,0.9987,0.9862767982461329,0.9988430340077818,18.960079840319363,0.9907685884212026,0.9995789030424255,0.7662760893445695,491000.0,541176.0
492000.0,28.681046597,2.6815755822443775E-6,492000.0,0.9988458707387835,0.9729708704202868,0.9987,0.9862767982461329,0.9988430340077818,18.960079840319363,0.9907685884212026,0.9995789030424255,0.7658000732332543,492000.0,542520.0
493000.0,28.768204833,2.6942242314819227E-6,493000.0,0.9988450302258941,0.9729560941956056,0.9987,0.9862767982461329,0.9988430340077818,18.960079840319363,0.9907685884212026,0.9995789030424255,0.7653240571219373,493000.0,560968.0
494000.0,28.843092333,2.7052170368778187E-6,494000.0,0.998843139071893,0.9729456463929623,0.9987,0.9862767982461329,0.9988430340077818,18.960079840319363,0.9907685884212026,0.9995789030424255,0.7648480410106261,494000.0,567416.0
495000.0,28.894500164,2.712763239942524E-6,495000.0,0.9988426137513372,0.972945564712511,0.9987,0.9862767982461329,0.9988430340077818,18.960079840319363,0.9907685884212026,0.9995789030424255,0.7643720248993093,495000.0,567416.0
496000.0,28.944655099,2.720125529244461E-6,496000.0,0.9977830650256472,0.9715459716035398,0.9991,0.9812087375194696,0.9988430340077818,39.65040650406504,0.9895822571693554,0.9995899118310436,0.8365433906993757,496000.0,567416.0
497000.0,28.995445702,2.727562418099095E-6,497000.0,1.0,1.0,0.9999,0.0,0.9988430340077818,1.7976931348623157E308,?,0.9999,0.9818015378982079,497000.0,565992.0
498000.0,29.048556692,2.73533906390087E-6,498000.0,1.0,1.0,0.9999,0.0,0.9988430340077818,1.7976931348623157E308,?,0.9999,0.9817649212742605,498000.0,565992.0
499000.0,29.099998663,2.74288027073559E-6,499000.0,1.0,1.0,0.9999,0.0,0.9988430340077818,1.7976931348623157E308,?,0.9999,0.9817283046503134,499000.0,566664.0
500000.0,29.151550914,2.7504376442193237E-6,500000.0,1.0,1.0,1.0,?,0.9988430340077818,1.7976931348623157E308,?,1.0,1.0,500000.0,566664.0
501000.0,29.205669745,2.758371269045329E-6,501000.0,1.0,1.0,1.0,?,1.0,1.7976931348623157E308,?,1.0,1.0,501000.0,566664.0
502000.0,29.295764897,2.7715788923698226E-6,502000.0,1.0,1.0,1.0,?,1.0,1.7976931348623157E308,?,1.0,1.0,502000.0,566664.0
503000.0,29.376270476,2.783380718987E-6,503000.0,1.0,1.0,1.0,?,1.0,1.7976931348623157E308,?,1.0,1.0,503000.0,566664.0
504000.0,29.426580167,2.790755937670239E-6,504000.0,1.0,1.0,1.0,?,1.0,1.7976931348623157E308,?,1.0,1.0,504000.0,566664.0
505000.0,29.48492385,2.7993089105141905E-6,505000.0,1.0,1.0,1.0,?,1.0,1.7976931348623157E308,?,1.0,1.0,505000.0,566664.0
506000.0,29.537066276,2.806952801517707E-6,506000.0,1.0,1.0,1.0,?,1.0,1.7976931348623157E308,?,1.0,1.0,506000.0,566664.0
507000.0,29.589433681,2.814647881448672E-6,507000.0,1.0,1.0,1.0,?,1.0,1.7976931348623157E308,?,1.0,1.0,507000.0,568008.0
508000.0,29.642096276,2.8223863378013793E-6,508000.0,1.0,1.0,1.0,?,1.0,1.7976931348623157E308,?,1.0,1.0,508000.0,568008.0
509000.0,29.69544449,2.830225541804408E-6,509000.0,1.0,1.0,1.0,?,1.0,1.7976931348623157E308,?,1.0,1.0,509000.0,568008.0
510000.0,29.747779771,2.837915901303881E-6,510000.0,1.0,1.0,1.0,?,1.0,1.7976931348623157E308,?,1.0,1.0,510000.0,568008.0
511000.0,29.805519853,2.846401420284938E-6,511000.0,1.0,1.0,1.0,?,1.0,1.7976931348623157E308,?,1.0,1.0,511000.0,568072.0
512000.0,29.88899187,2.858668520713382E-6,512000.0,1.0,1.0,1.0,?,1.0,1.7976931348623157E308,?,1.0,1.0,512000.0,568072.0
513000.0,29.976802693,2.871642677121214E-6,513000.0,1.0,1.0,1.0,?,1.0,1.7976931348623157E308,?,1.0,1.0,513000.0,571128.0
514000.0,30.065915899,2.8848092622088786E-6,514000.0,1.0,1.0,1.0,?,1.0,1.7976931348623157E308,?,1.0,1.0,514000.0,571128.0
515000.0,30.165944084,2.900032811350417E-6,515000.0,1.0,1.0,1.0,?,1.0,1.7976931348623157E308,?,1.0,1.0,515000.0,588296.0
516000.0,30.298736149,2.920385965422272E-6,516000.0,0.9974285012702128,0.9623083843724731,0.9995,0.9872136235261157,1.0,48.504950495049506,0.987546213983161,1.0,0.9120354585748472,516000.0,592464.0
517000.0,30.364367935,2.9306844699183646E-6,517000.0,0.9974214276908401,0.9623099997183349,0.9995,0.9872136235261157,1.0,48.504950495049506,0.987546213983161,1.0,0.9118649846573577,517000.0,606544.0
518000.0,30.425994376,2.940658160783634E-6,518000.0,0.9974072805320948,0.9623194669152366,0.9995,0.9872136235261157,1.0,48.504950495049506,0.987546213983161,1.0,0.9116945107398671,518000.0,625592.0
519000.0,30.487515103,2.951015684948475E-6,519000.0,0.9973779757032654,0.9622939564454738,0.9995,0.9872136235261157,1.0,48.504950495049506,0.987546213983161,1.0,0.9115240368223761,519000.0,650784.0
520000.0,30.546390259,2.96106256959951E-6,520000.0,0.9973522076641222,0.9622999700788492,0.9995,0.9872136235261157,1.0,48.504950495049506,0.987546213983161,1.0,0.9113535629048856,520000.0,659632.0
521000.0,30.614609787,2.9728815185431082E-6,521000.0,0.9973175976507632,0.9623060559210297,0.9995,0.9872136235261157,0.9973522076641222,48.504950495049506,0.987546213983161,1.0,0.9111830889873946,521000.0,669688.0
522000.0,30.701882641,2.9885794179500786E-6,522000.0,0.9972843057190209,0.9538638772080296,0.9993,0.9821865908799409,0.9973522076641222,48.01960784313726,0.9826933776666066,1.0,0.875502555366262,522000.0,695288.0
523000.0,30.783428527,3.003455964824572E-6,523000.0,0.9972725462173436,0.9538577524807832,0.9993,0.9821865908799409,0.9973522076641222,48.01960784313726,0.9826933776666066,1.0,0.8752640545144741,523000.0,705184.0
524000.0,30.853962112,3.016323519951492E-6,524000.0,0.9972697939935468,0.9538570154034499,0.9993,0.9821865908799409,0.9973522076641222,48.01960784313726,0.9826933776666066,1.0,0.8750255536626844,524000.0,705184.0
525000.0,30.953021101,3.03463221041633E-6,525000.0,0.9972980668380051,0.9539072179402293,0.9993,0.9821865908799409,0.9973522076641222,48.01960784313726,0.9826933776666066,1.0,0.8747870528108959,525000.0,714440.0
526000.0,31.07288419,3.0576785958249516E-6,526000.0,0.9973489395758304,0.17217184012996323,0.9996,0.0,0.9973522076641222,2499.0,0.0,1.0,0.9283622744296983,526000.0,743224.0
527000.0,31.183757232,3.0792568827517227E-6,527000.0,0.9973739495798319,0.17217643103044789,0.9996,0.0,0.9973522076641222,2499.0,0.0,1.0,0.9282260810350771,527000.0,752304.0
528000.0,31.295480237,3.1013032611674937E-6,528000.0,0.9974239695878351,0.17217937104621428,0.9996,0.0,0.9973522076641222,2499.0,0.0,1.0,0.9280898876404577,528000.0,762776.0
529000.0,31.412303285,3.124449119016416E-6,529000.0,0.9977490996398559,0.17222431910014002,0.9996,0.0,0.9973522076641222,2499.0,0.0,1.0,0.9279536942458364,529000.0,765856.0
530000.0,31.530163008,3.1480784430851575E-6,530000.0,0.9978991596638656,0.1722339806644505,0.9996,0.0,0.9973522076641222,2499.0,0.0,1.0,0.9278175008512165,530000.0,774976.0
531000.0,31.637820086,3.1697400309315982E-6,531000.0,0.9983993597438976,0.17225814782182802,0.9996,0.0,0.9978991596638656,2499.0,0.0,1.0,0.9276813074565957,531000.0,777768.0
532000.0,31.739414454,3.1902629065960974E-6,532000.0,1.0,0.23917518362977108,0.9998,0.0,0.9978991596638656,4999.0,0.0,1.0,0.9637725570309877,532000.0,780856.0
533000.0,31.851130493,3.213090087589468E-6,533000.0,0.9999249699879952,0.2572019628018918,0.9996,0.0,0.9978991596638656,2499.0,0.0,1.0,0.9274583191561829,533000.0,789840.0
534000.0,31.970220426,3.2376147595323577E-6,534000.0,0.9999249699879952,0.25719944651597226,0.9996,0.0,0.9978991596638656,2499.0,0.0,1.0,0.927322218441655,534000.0,796032.0
535000.0,32.037983182,3.2516234114008683E-6,535000.0,0.9999249699879952,0.2572107936168688,0.9996,0.0,0.9978991596638656,2499.0,0.0,1.0,0.9271861177271256,535000.0,799112.0
536000.0,32.144328431,3.273966345565364E-6,536000.0,0.9998999699909973,0.3125990055327561,0.9997,0.0,0.9978991596638656,3332.3333333333335,0.0,1.0,0.9453061224489854,536000.0,812128.0
537000.0,32.243134885,3.294902072973975E-6,537000.0,0.9998999699909973,0.31253611711338325,0.9997,0.0,0.9978991596638656,3332.3333333333335,0.0,1.0,0.9452040816326589,537000.0,819040.0
538000.0,32.357111267,3.3191426795829785E-6,538000.0,0.9998999699909973,0.3125369142406236,0.9997,0.0,0.9978991596638656,3332.3333333333335,0.0,1.0,0.9451020408163325,538000.0,822112.0
539000.0,32.45679176,3.340342822761804E-6,539000.0,0.9998999699909973,0.3125373503598049,0.9997,0.0,0.9978991596638656,3332.3333333333335,0.0,1.0,0.9450000000000064,539000.0,822112.0
540000.0,32.569924966,3.3644052725933487E-6,540000.0,0.9998999699909973,0.31254725944374306,0.9997,0.0,0.9978991596638656,3332.3333333333335,0.0,1.0,0.9448979591836798,540000.0,822152.0
541000.0,32.687304113,3.3896487074459814E-6,541000.0,0.9998999699909973,0.3125593228356427,0.9997,0.0,0.9998999699909973,3332.3333333333335,0.0,1.0,0.9447959183673525,541000.0,831304.0
542000.0,32.794470922,3.412695887720311E-6,542000.0,0.9998999699909973,0.31255983694053635,0.9997,0.0,0.9998999699909973,3332.3333333333335,0.0,1.0,0.944693877551027,542000.0,831304.0
543000.0,32.905765309,3.4366307405412998E-6,543000.0,1.0,0.38714459923346956,0.9999,0.0,0.9998999699909973,9999.0,0.0,1.0,0.9815306122448999,543000.0,831304.0
544000.0,33.010320275,3.459033127808928E-6,544000.0,1.0,0.38714895240614045,0.9999,0.0,0.9998999699909973,9999.0,0.0,1.0,0.9814965986394577,544000.0,828232.0
545000.0,33.137948253,3.488899919922378E-6,545000.0,0.9999997163960518,0.9911557467377928,0.9998,0.9971564865092349,0.9998999699909973,26.3224043715847,0.9972640167606986,1.0,0.967019667170957,545000.0,904576.0
546000.0,33.209532463,3.505766921584409E-6,546000.0,0.99999971564857,0.9928433174641574,0.9999,0.9985763665457529,0.9998999699909973,26.397260273972602,0.9986291974364673,1.0,0.9834795763993966,546000.0,910800.0
547000.0,33.288393696,3.5244724466119907E-6,547000.0,0.9999998235208266,0.9956612376367328,0.9999,0.9991169188805217,0.9998999699909973,15.583747927031508,0.9991704685424289,1.0,0.9845611064070015,547000.0,916872.0
548000.0,33.363693674,3.5430357906092613E-6,548000.0,0.9999998235208266,0.9956620402969131,0.9999,0.9991169188805217,0.9998999699909973,15.583747927031508,0.9991704685424289,1.0,0.9845328817386413,548000.0,952936.0
549000.0,33.434596195,3.5605150505314448E-6,549000.0,0.9999998235208266,0.9956622129864171,0.9999,0.9991169188805217,0.9998999699909973,15.583747927031508,0.9991704685424289,1.0,0.9845046570702812,549000.0,952936.0
550000.0,33.507003426,3.578365259424505E-6,550000.0,0.9999998235208266,0.9956645853928592,0.9999,0.9991169188805217,0.9998999699909973,15.583747927031508,0.9991704685424289,1.0,0.9844764324019211,550000.0,952936.0
551000.0,33.579290011,3.5963091499374675E-6,551000.0,0.9999998235208266,0.9956701161456408,0.9999,0.9991169188805217,0.9999998235208266,15.583747927031508,0.9991704685424289,1.0,0.9844482077335608,551000.0,959536.0
552000.0,33.719775759,3.6328378304849763E-6,552000.0,0.9999995937816639,0.9926570490103,0.9998,0.9986443981039469,0.9999998235208266,11.453300124533001,0.9987538935969629,1.0,0.9705049425594476,552000.0,1005088.0
553000.0,33.816641626,3.6580584812463335E-6,553000.0,0.9993716173374104,0.9908030849519819,0.9997,0.9979677539454027,0.9999998235208266,11.437810945273633,0.9981325847383292,1.0,0.9556891025641072,553000.0,1006440.0
554000.0,33.893039196,3.6779506586495135E-6,554000.0,0.9993714820850078,0.9908030763742467,0.9997,0.9979677539454027,0.9999998235208266,11.437810945273633,0.9981325847383292,1.0,0.955608974358979,554000.0,1006480.0
555000.0,33.983048071,3.701608957314861E-6,555000.0,0.9988524708507583,0.9891525559606431,0.9998,0.9976123149156063,0.9999998235208266,21.779043280182233,0.9977194953211868,1.0,0.9703525641025672,555000.0,1016016.0
556000.0,34.104180595,3.7335725186193456E-6,556000.0,0.9988522326011685,0.9891398130194892,0.9998,0.9976123149156063,0.9999998235208266,21.779043280182233,0.9977194953211868,1.0,0.9702991452991484,556000.0,1019992.0
557000.0,34.228282356,3.7671458401846605E-6,557000.0,0.9974878135092473,0.9763815144265235,0.9998,0.9948979617867547,0.9999998235208266,48.75124378109453,0.995012437733208,1.0,0.9702457264957299,557000.0,1045728.0
558000.0,34.321741457,3.7936108158000526E-6,558000.0,0.9974871109278717,0.9737905957405041,0.9997,0.9923656429502828,0.9999998235208266,48.504950495049506,0.9925464799451384,1.0,0.9553004005340506,558000.0,1094592.0
559000.0,34.404321767,3.817313970004652E-6,559000.0,0.9974749847918043,0.9737549452134606,0.9997,0.9923656429502828,0.9999998235208266,48.504950495049506,0.9925464799451384,1.0,0.9552202937249713,559000.0,1109512.0
560000.0,34.520845328,3.850935712141218E-6,560000.0,0.997462858655737,0.9737513337933152,0.9997,0.9923656429502828,0.9999998235208266,48.504950495049506,0.9925464799451384,1.0,0.9551401869158925,560000.0,1115344.0
561000.0,34.646364183,3.887142308265173E-6,561000.0,0.9974658901897538,0.9737556343986211,0.9997,0.9923656429502828,0.997462858655737,48.504950495049506,0.9925464799451384,1.0,0.9550600801068143,561000.0,1115016.0
562000.0,34.780189662,3.926075969584464E-6,562000.0,0.7440238047609522,-0.015771505937478003,0.9998,0.0,0.997462858655737,4999.0,0.0,1.0,0.9699866488651571,562000.0,1124576.0
563000.0,34.909955202,3.96422756383859E-6,563000.0,1.0,0.45650020239938427,0.9999,0.0,0.997462858655737,9999.0,0.0,1.0,0.9849666221628856,563000.0,1136464.0
564000.0,35.003308722,3.991682184573937E-6,564000.0,1.0,0.45648053035854885,0.9999,0.0,0.997462858655737,9999.0,0.0,1.0,0.9849399198931926,564000.0,1136808.0
565000.0,35.078540935,4.013873005126316E-6,565000.0,1.0,0.45649023558724566,0.9999,0.0,0.997462858655737,9999.0,0.0,1.0,0.9849132176234996,565000.0,1140176.0
566000.0,35.19084476,4.0469986294904545E-6,566000.0,1.0,0.45650752071589984,0.9999,0.0,0.997462858655737,9999.0,0.0,1.0,0.9848865153538066,566000.0,1140176.0
567000.0,35.303572898,4.080249411061401E-6,567000.0,1.0,0.4565100277550088,0.9999,0.0,0.997462858655737,9999.0,0.0,1.0,0.9848598130841137,567000.0,1140176.0
568000.0,35.402880724,4.10954167907182E-6,568000.0,1.0,1.0,1.0,?,0.997462858655737,1.7976931348623157E308,?,1.0,1.0,568000.0,1140176.0
569000.0,35.523419045,4.145127618984997E-6,569000.0,1.0,1.0,1.0,?,0.997462858655737,1.7976931348623157E308,?,1.0,1.0,569000.0,1141184.0
570000.0,35.701564193,4.17232773978362E-6,570000.0,0.9980931271477663,0.9385589796565574,0.9978,0.962199312714777,0.997462858655737,32.333333333333336,0.9809387817141243,0.9988659793814433,0.689987639060573,570000.0,590200.0
571000.0,35.785601187,4.18524886025473E-6,571000.0,0.998093470790378,0.9385593805480261,0.9978,0.962199312714777,0.9980931271477663,32.333333333333336,0.9809387817141243,0.9988659793814433,0.6894437577255909,571000.0,594336.0
572000.0,35.879865108,4.201729601487028E-6,572000.0,0.9980034364261169,0.9382155154058299,0.9978,0.962199312714777,0.9980931271477663,32.333333333333336,0.9809387817141243,0.9988659793814433,0.6888998763906085,572000.0,675824.0
573000.0,35.938469336,4.21201649185799E-6,573000.0,0.9980044673539519,0.93822264491443,0.9978,0.962199312714777,0.9980931271477663,32.333333333333336,0.9809387817141243,0.9988659793814433,0.6883559950556266,573000.0,678512.0
574000.0,36.006366692,4.2243549168774974E-6,574000.0,0.997931615120275,0.9381052761775205,0.9977,0.9605448245102418,0.9980931271477663,32.333333333333336,0.9808881591476236,0.9987628865979381,0.6736217552534058,574000.0,702440.0
575000.0,36.081594833,4.238129196097757E-6,575000.0,0.9979259450171821,0.9381071719874499,0.9977,0.9605448245102418,0.9980931271477663,32.333333333333336,0.9808881591476236,0.9987628865979381,0.6730531520395575,575000.0,707768.0
576000.0,36.161796661,4.252940971272121E-6,576000.0,0.9979235395189003,0.9380980906622517,0.9977,0.9605448245102418,0.9980931271477663,32.333333333333336,0.9808881591476236,0.9987628865979381,0.672484548825716,576000.0,713880.0
577000.0,36.219661768,4.263632602355889E-6,577000.0,0.9979189003436426,0.9380999411295365,0.9977,0.9605448245102418,0.9980931271477663,32.333333333333336,0.9808881591476236,0.9987628865979381,0.671915945611869,577000.0,714216.0
578000.0,36.316444571,4.2815965087008506E-6,578000.0,0.9979171821305842,0.9381012172070239,0.9977,0.9605448245102418,0.9980931271477663,32.333333333333336,0.9808881591476236,0.9987628865979381,0.6713473423980274,578000.0,717472.0
579000.0,36.414203262,4.299735480466095E-6,579000.0,0.9979166666666667,0.9381017326685892,0.9977,0.9605448245102418,0.9980931271477663,32.333333333333336,0.9808881591476236,0.9987628865979381,0.6707787391841844,579000.0,717232.0
580000.0,36.508361958,4.317222848001825E-6,580000.0,1.0,1.0,0.9999,0.0,0.9980931271477663,1.7976931348623157E308,?,0.9999,0.9856613102595814,580000.0,717904.0
581000.0,36.598704702,4.333966357152867E-6,581000.0,1.0,1.0,0.9999,0.0,1.0,1.7976931348623157E308,?,0.9999,0.9856365883807185,581000.0,716400.0
582000.0,36.67090901,4.347353292827084E-6,582000.0,1.0,1.0,0.9999,0.0,1.0,1.7976931348623157E308,?,0.9999,0.9856118665018557,582000.0,716672.0
583000.0,36.733200187,4.3589022987336326E-6,583000.0,1.0,1.0,0.9999,0.0,1.0,1.7976931348623157E308,?,0.9999,0.9855871446229929,583000.0,716672.0
584000.0,36.819079881,4.374820433951624E-6,584000.0,1.0,1.0,1.0,?,1.0,1.7976931348623157E308,?,1.0,1.0,584000.0,716480.0
585000.0,36.883169138,4.386850305405614E-6,585000.0,1.0,1.0,1.0,?,1.0,1.7976931348623157E308,?,1.0,1.0,585000.0,725568.0
586000.0,36.94461284,4.398432551294138E-6,586000.0,1.0,1.0,1.0,?,1.0,1.7976931348623157E308,?,1.0,1.0,586000.0,728648.0
587000.0,37.009769708,4.410764899342006E-6,587000.0,1.0,1.0,1.0,?,1.0,1.7976931348623157E308,?,1.0,1.0,587000.0,731624.0
588000.0,37.074350736,4.422988257201765E-6,588000.0,1.0,1.0,1.0,?,1.0,1.7976931348623157E308,?,1.0,1.0,588000.0,731624.0
589000.0,37.14517806,4.43640207056411E-6,589000.0,1.0,1.0,1.0,?,1.0,1.7976931348623157E308,?,1.0,1.0,589000.0,732072.0
590000.0,37.242472349,4.454828397582593E-6,590000.0,1.0,1.0,1.0,?,1.0,1.7976931348623157E308,?,1.0,1.0,590000.0,732072.0
591000.0,37.341622606,4.473662241962786E-6,591000.0,1.0,1.0,1.0,?,1.0,1.7976931348623157E308,?,1.0,1.0,591000.0,734256.0
592000.0,37.422732249,4.489076275997495E-6,592000.0,1.0,1.0,1.0,?,1.0,1.7976931348623157E308,?,1.0,1.0,592000.0,734592.0
593000.0,37.524346113,4.508386921441888E-6,593000.0,1.0,1.0,1.0,?,1.0,1.7976931348623157E308,?,1.0,1.0,593000.0,734592.0
594000.0,37.585794241,4.520064491473372E-6,594000.0,1.0,1.0,1.0,?,1.0,1.7976931348623157E308,?,1.0,1.0,594000.0,734592.0
595000.0,37.645932069,4.5314930527797696E-6,595000.0,1.0,1.0,1.0,?,1.0,1.7976931348623157E308,?,1.0,1.0,595000.0,734592.0
596000.0,37.730810332,4.547623273383613E-6,596000.0,1.0,1.0,1.0,?,1.0,1.7976931348623157E308,?,1.0,1.0,596000.0,734592.0
597000.0,37.798410169,4.560469910968478E-6,597000.0,1.0,1.0,1.0,?,1.0,1.7976931348623157E308,?,1.0,1.0,597000.0,734592.0
598000.0,37.858727587,4.571935222963068E-6,598000.0,1.0,1.0,1.0,?,1.0,1.7976931348623157E308,?,1.0,1.0,598000.0,734760.0
599000.0,37.921059901,4.58383461762027E-6,599000.0,1.0,1.0,1.0,?,1.0,1.7976931348623157E308,?,1.0,1.0,599000.0,737928.0
600000.0,38.022321939,4.60316579396573E-6,600000.0,1.0,1.0,1.0,?,1.0,1.7976931348623157E308,?,1.0,1.0,600000.0,737928.0
601000.0,38.124425961,4.622586916615067E-6,601000.0,1.0,1.0,1.0,?,1.0,1.7976931348623157E308,?,1.0,1.0,601000.0,735248.0
602000.0,38.189061576,4.634881204164585E-6,602000.0,1.0,1.0,1.0,?,1.0,1.7976931348623157E308,?,1.0,1.0,602000.0,735248.0
603000.0,38.247789261,4.646051749173053E-6,603000.0,1.0,1.0,1.0,?,1.0,1.7976931348623157E308,?,1.0,1.0,603000.0,735248.0
604000.0,38.313309534,4.658514306798364E-6,604000.0,1.0,1.0,1.0,?,1.0,1.7976931348623157E308,?,1.0,1.0,604000.0,735248.0
605000.0,38.412077469,4.677300875063586E-6,605000.0,1.0,1.0,1.0,?,1.0,1.7976931348623157E308,?,1.0,1.0,605000.0,735248.0
606000.0,38.509575988,4.695845988748018E-6,606000.0,1.0,1.0,1.0,?,1.0,1.7976931348623157E308,?,1.0,1.0,606000.0,735248.0
607000.0,38.602897014,4.713596504900143E-6,607000.0,1.0,1.0,1.0,?,1.0,1.7976931348623157E308,?,1.0,1.0,607000.0,735248.0
608000.0,38.700761477,4.732287987477108E-6,608000.0,1.0,1.0,1.0,?,1.0,1.7976931348623157E308,?,1.0,1.0,608000.0,738280.0
609000.0,38.767231241,4.744983284601469E-6,609000.0,1.0,1.0,1.0,?,1.0,1.7976931348623157E308,?,1.0,1.0,609000.0,738280.0
610000.0,38.863811213,4.763429437664424E-6,610000.0,1.0,1.0,1.0,?,1.0,1.7976931348623157E308,?,1.0,1.0,610000.0,738280.0
611000.0,38.968482459,4.7834801114871265E-6,611000.0,1.0,1.0,1.0,?,1.0,1.7976931348623157E308,?,1.0,1.0,611000.0,740464.0
612000.0,39.068875148,4.802711191064827E-6,612000.0,1.0,1.0,1.0,?,1.0,1.7976931348623157E308,?,1.0,1.0,612000.0,740464.0
613000.0,39.151360874,4.818519208425494E-6,613000.0,1.0,1.0,1.0,?,1.0,1.7976931348623157E308,?,1.0,1.0,613000.0,740800.0
614000.0,39.213538377,4.830435246442386E-6,614000.0,1.0,1.0,1.0,?,1.0,1.7976931348623157E308,?,1.0,1.0,614000.0,740800.0
615000.0,39.275665837,4.842341693944032E-6,615000.0,1.0,1.0,1.0,?,1.0,1.7976931348623157E308,?,1.0,1.0,615000.0,740800.0
616000.0,39.337584384,4.854208104211468E-6,616000.0,1.0,1.0,1.0,?,1.0,1.7976931348623157E308,?,1.0,1.0,616000.0,740800.0
617000.0,39.399705841,4.86611340126524E-6,617000.0,1.0,1.0,1.0,?,1.0,1.7976931348623157E308,?,1.0,1.0,617000.0,740800.0
618000.0,39.461491761,4.8779543941663E-6,618000.0,1.0,1.0,1.0,?,1.0,1.7976931348623157E308,?,1.0,1.0,618000.0,740800.0
619000.0,39.523334524,4.889806280771937E-6,619000.0,1.0,1.0,1.0,?,1.0,1.7976931348623157E308,?,1.0,1.0,619000.0,740800.0
620000.0,39.602555927,4.905050845081523E-6,620000.0,1.0,1.0,1.0,?,1.0,1.7976931348623157E308,?,1.0,1.0,620000.0,743832.0
621000.0,39.684690947,4.920856076332718E-6,621000.0,1.0,1.0,1.0,?,1.0,1.7976931348623157E308,?,1.0,1.0,621000.0,743832.0
622000.0,39.758274076,4.935022521270305E-6,622000.0,1.0,1.0,1.0,?,1.0,1.7976931348623157E308,?,1.0,1.0,622000.0,744192.0
623000.0,39.844101106,4.951546198792249E-6,623000.0,1.0,1.0,1.0,?,1.0,1.7976931348623157E308,?,1.0,1.0,623000.0,744192.0
623091.0,39.871393334,4.9568005804751225E-6,623091.0,1.0,1.0,1.0,?,1.0,1.7976931348623157E308,?,1.0,1.0,623091.0,744192.0
