learning evaluation instances,evaluation time (cpu seconds),model cost (RAM-Hours),classified instances,AUC,sAUC,Accuracy,Kappa,Periodical holdout AUC,Pos/Neg ratio,G-Mean,Recall,KappaM,model training instances,model serialized size (bytes)
1000.0,0.149537764,1.6508197348821493E-8,1000.0,1.0,1.0,0.998,0.0,0.0,1.7976931348623157E308,?,0.998,-Infinity,1000.0,426728.0
2000.0,0.273297008,3.0493306515879096E-8,2000.0,1.0,1.0,0.999,0.0,0.0,1.7976931348623157E308,?,0.999,-Infinity,2000.0,436808.0
3000.0,0.384788501,4.338286535947066E-8,3000.0,1.0,1.0,0.9993333333333333,0.0,0.0,1.7976931348623157E308,?,0.9993333333333333,-Infinity,3000.0,446888.0
4000.0,0.517039542,5.8672440637610846E-8,4000.0,1.0,1.0,0.9995,0.0,0.0,1.7976931348623157E308,?,0.9995,-Infinity,4000.0,446888.0
5000.0,0.619440172,7.051100258068077E-8,5000.0,1.0,1.0,0.9996,0.0,0.0,1.7976931348623157E308,?,0.9996,-Infinity,5000.0,446888.0
6000.0,0.752423228,8.623198663432564E-8,6000.0,1.0,1.0,0.9996666666666667,0.0,0.0,1.7976931348623157E308,?,0.9996666666666667,-Infinity,6000.0,456968.0
7000.0,0.877673658,1.0103883550642678E-7,7000.0,1.0,1.0,0.9997142857142857,0.0,0.0,1.7976931348623157E308,?,0.9997142857142857,-Infinity,7000.0,456968.0
8000.0,0.982210263,1.1339693848329906E-7,8000.0,1.0,1.0,0.99975,0.0,0.0,1.7976931348623157E308,?,0.99975,-Infinity,8000.0,456968.0
9000.0,1.119184913,1.2958980059051058E-7,9000.0,1.0,1.0,0.9997777777777778,0.0,0.0,1.7976931348623157E308,?,0.9997777777777778,-Infinity,9000.0,456968.0
10000.0,1.260521244,1.4629829167716205E-7,10000.0,1.0,1.0,0.9998,0.0,0.0,1.7976931348623157E308,?,0.9998,-Infinity,10000.0,456968.0
11000.0,1.404841021,1.6373582277472028E-7,11000.0,1.0,1.0,1.0,?,1.0,1.7976931348623157E308,?,1.0,?,11000.0,467048.0
12000.0,1.539583058,1.800161171957395E-7,12000.0,1.0,1.0,1.0,?,1.0,1.7976931348623157E308,?,1.0,?,12000.0,467048.0
13000.0,1.656706986,1.9416769211653619E-7,13000.0,1.0,1.0,1.0,?,1.0,1.7976931348623157E308,?,1.0,?,13000.0,467048.0
14000.0,1.798352785,2.112821380798291E-7,14000.0,1.0,1.0,1.0,?,1.0,1.7976931348623157E308,?,1.0,?,14000.0,467048.0
15000.0,1.940101191,2.2840898160075767E-7,15000.0,1.0,1.0,1.0,?,1.0,1.7976931348623157E308,?,1.0,?,15000.0,467048.0
16000.0,2.078948135,2.45185254084888E-7,16000.0,1.0,1.0,1.0,?,1.0,1.7976931348623157E308,?,1.0,?,16000.0,467048.0
17000.0,2.212551478,2.613279650613624E-7,17000.0,1.0,1.0,1.0,?,1.0,1.7976931348623157E308,?,1.0,?,17000.0,467048.0
18000.0,2.352109546,2.7819015956617474E-7,18000.0,1.0,1.0,1.0,?,1.0,1.7976931348623157E308,?,1.0,?,18000.0,467048.0
19000.0,2.473477075,2.928544703430082E-7,19000.0,1.0,1.0,1.0,?,1.0,1.7976931348623157E308,?,1.0,?,19000.0,467048.0
20000.0,2.602539835,3.084485624197767E-7,20000.0,1.0,1.0,1.0,?,1.0,1.7976931348623157E308,?,1.0,?,20000.0,467048.0
21000.0,2.719061526,3.2283122565014907E-7,21000.0,1.0,1.0,1.0,?,1.0,1.7976931348623157E308,?,1.0,?,21000.0,477128.0
22000.0,2.816514903,3.3847874439756073E-7,22000.0,1.0,1.0,1.0,?,1.0,1.7976931348623157E308,?,1.0,?,22000.0,620656.0
23000.0,2.963957914,3.5667812989124614E-7,23000.0,1.0,1.0,1.0,?,1.0,1.7976931348623157E308,?,1.0,?,23000.0,477128.0
24000.0,3.099813104,3.734471917637541E-7,24000.0,1.0,1.0,1.0,?,1.0,1.7976931348623157E308,?,1.0,?,24000.0,477128.0
25000.0,3.190815002,3.8467986132961805E-7,25000.0,1.0,1.0,1.0,?,1.0,1.7976931348623157E308,?,1.0,?,25000.0,477128.0
26000.0,3.299684301,3.981179641429708E-7,26000.0,1.0,1.0,1.0,?,1.0,1.7976931348623157E308,?,1.0,?,26000.0,477128.0
27000.0,3.445341289,4.1609689482596606E-7,27000.0,1.0,1.0,1.0,?,1.0,1.7976931348623157E308,?,1.0,?,27000.0,477128.0
28000.0,3.587665207,4.3366441349698446E-7,28000.0,1.0,1.0,1.0,?,1.0,1.7976931348623157E308,?,1.0,?,28000.0,477128.0
29000.0,3.739432733,4.5239758838512427E-7,29000.0,1.0,1.0,1.0,?,1.0,1.7976931348623157E308,?,1.0,?,29000.0,477128.0
30000.0,3.879147785,4.6964308597346573E-7,30000.0,1.0,1.0,1.0,?,1.0,1.7976931348623157E308,?,1.0,?,30000.0,477128.0
31000.0,4.004989352,4.851761327650999E-7,31000.0,1.0,1.0,1.0,?,1.0,1.7976931348623157E308,?,1.0,?,31000.0,477128.0
32000.0,4.148750356,5.029210357822748E-7,32000.0,1.0,1.0,1.0,?,1.0,1.7976931348623157E308,?,1.0,?,32000.0,477128.0
33000.0,4.29968564,5.215514842483257E-7,33000.0,1.0,1.0,1.0,?,1.0,1.7976931348623157E308,?,1.0,?,33000.0,477128.0
34000.0,4.421239396,5.365552721433611E-7,34000.0,1.0,1.0,1.0,?,1.0,1.7976931348623157E308,?,1.0,?,34000.0,477128.0
35000.0,4.572325972,5.552043950885307E-7,35000.0,1.0,1.0,1.0,?,1.0,1.7976931348623157E308,?,1.0,?,35000.0,477128.0
36000.0,4.71796996,5.731817211379131E-7,36000.0,1.0,1.0,1.0,?,1.0,1.7976931348623157E308,?,1.0,?,36000.0,477128.0
37000.0,4.833494187,5.874412640404452E-7,37000.0,1.0,1.0,1.0,?,1.0,1.7976931348623157E308,?,1.0,?,37000.0,477128.0
38000.0,4.961960099,6.032982425396558E-7,38000.0,1.0,1.0,1.0,?,1.0,1.7976931348623157E308,?,1.0,?,38000.0,477128.0
39000.0,5.108223352,6.213520065455159E-7,39000.0,1.0,1.0,1.0,?,1.0,1.7976931348623157E308,?,1.0,?,39000.0,477128.0
40000.0,5.242002599,6.378648278091019E-7,40000.0,1.0,1.0,1.0,?,1.0,1.7976931348623157E308,?,1.0,?,40000.0,477128.0
41000.0,5.373971632,6.541542082857112E-7,41000.0,1.0,1.0,1.0,?,1.0,1.7976931348623157E308,?,1.0,?,41000.0,477128.0
42000.0,5.51705084,6.721880630451295E-7,42000.0,1.0,1.0,1.0,?,1.0,1.7976931348623157E308,?,1.0,?,42000.0,487208.0
43000.0,5.634329717,6.869700167876026E-7,43000.0,1.0,1.0,1.0,?,1.0,1.7976931348623157E308,?,1.0,?,43000.0,487208.0
44000.0,5.745302643,7.009571617941061E-7,44000.0,1.0,1.0,1.0,?,1.0,1.7976931348623157E308,?,1.0,?,44000.0,487208.0
45000.0,5.895781551,7.199236825706808E-7,45000.0,1.0,1.0,1.0,?,1.0,1.7976931348623157E308,?,1.0,?,45000.0,487208.0
46000.0,6.036168316,7.376181789656748E-7,46000.0,1.0,1.0,1.0,?,1.0,1.7976931348623157E308,?,1.0,?,46000.0,487208.0
47000.0,6.173709607,7.610220459343884E-7,47000.0,1.0,1.0,1.0,?,1.0,1.7976931348623157E308,?,1.0,?,47000.0,657744.0
48000.0,6.314351831,7.787487406520275E-7,48000.0,1.0,1.0,1.0,?,1.0,1.7976931348623157E308,?,1.0,?,48000.0,487208.0
49000.0,6.461776098,7.97330251245039E-7,49000.0,1.0,1.0,1.0,?,1.0,1.7976931348623157E308,?,1.0,?,49000.0,487208.0
50000.0,6.594901497,8.141095173865989E-7,50000.0,1.0,1.0,1.0,?,1.0,1.7976931348623157E308,?,1.0,?,50000.0,487208.0
51000.0,6.687137342,8.257350208793372E-7,51000.0,1.0,1.0,1.0,?,1.0,1.7976931348623157E308,?,1.0,?,51000.0,487208.0
52000.0,6.82396495,8.429809173603312E-7,52000.0,1.0,1.0,1.0,?,1.0,1.7976931348623157E308,?,1.0,?,52000.0,487208.0
53000.0,6.978456007,8.624531336418683E-7,53000.0,1.0,1.0,1.0,?,1.0,1.7976931348623157E308,?,1.0,?,53000.0,487208.0
54000.0,7.14126147,8.829733064525946E-7,54000.0,1.0,1.0,1.0,?,1.0,1.7976931348623157E308,?,1.0,?,54000.0,487208.0
55000.0,7.304194917,9.035096105020927E-7,55000.0,1.0,1.0,1.0,?,1.0,1.7976931348623157E308,?,1.0,?,55000.0,487208.0
56000.0,7.482450376,9.259771171553266E-7,56000.0,1.0,1.0,1.0,?,1.0,1.7976931348623157E308,?,1.0,?,56000.0,487208.0
57000.0,7.645948018,9.465845329395639E-7,57000.0,1.0,1.0,1.0,?,1.0,1.7976931348623157E308,?,1.0,?,57000.0,487208.0
58000.0,7.806078042,9.667674905880166E-7,58000.0,1.0,1.0,1.0,?,1.0,1.7976931348623157E308,?,1.0,?,58000.0,487208.0
59000.0,7.922274088,9.814129631655743E-7,59000.0,1.0,1.0,1.0,?,1.0,1.7976931348623157E308,?,1.0,?,59000.0,487208.0
60000.0,8.054009956,9.98017091349719E-7,60000.0,1.0,1.0,1.0,?,1.0,1.7976931348623157E308,?,1.0,?,60000.0,487208.0
61000.0,8.214035691,1.0181869043022703E-6,61000.0,1.0,1.0,1.0,?,1.0,1.7976931348623157E308,?,1.0,?,61000.0,487208.0
62000.0,8.363873534,1.0370726245679746E-6,62000.0,1.0,1.0,1.0,?,1.0,1.7976931348623157E308,?,1.0,?,62000.0,487208.0
63000.0,8.528015718,1.0577612791078412E-6,63000.0,1.0,1.0,1.0,?,1.0,1.7976931348623157E308,?,1.0,?,63000.0,487208.0
64000.0,8.631018639,1.0707438762515843E-6,64000.0,1.0,1.0,1.0,?,1.0,1.7976931348623157E308,?,1.0,?,64000.0,487208.0
65000.0,8.788055782,1.0905370039064145E-6,65000.0,1.0,1.0,1.0,?,1.0,1.7976931348623157E308,?,1.0,?,65000.0,487208.0
66000.0,8.960257334,1.1122414697161108E-6,66000.0,1.0,1.0,1.0,?,1.0,1.7976931348623157E308,?,1.0,?,66000.0,487208.0
67000.0,9.137664216,1.1346020208264389E-6,67000.0,1.0,1.0,1.0,?,1.0,1.7976931348623157E308,?,1.0,?,67000.0,487208.0
68000.0,9.318802724,1.1574329100260053E-6,68000.0,1.0,1.0,1.0,?,1.0,1.7976931348623157E308,?,1.0,?,68000.0,487208.0
69000.0,9.483948576,1.1782480679425096E-6,69000.0,1.0,1.0,1.0,?,1.0,1.7976931348623157E308,?,1.0,?,69000.0,487208.0
70000.0,9.650518479,1.1992427147537528E-6,70000.0,1.0,1.0,1.0,?,1.0,1.7976931348623157E308,?,1.0,?,70000.0,487208.0
71000.0,9.814119891,1.2198632098185826E-6,71000.0,1.0,1.0,1.0,?,1.0,1.7976931348623157E308,?,1.0,?,71000.0,487208.0
72000.0,9.972936087,1.2398805711958367E-6,72000.0,1.0,1.0,1.0,?,1.0,1.7976931348623157E308,?,1.0,?,72000.0,487208.0
73000.0,10.079938817,1.253367308497886E-6,73000.0,1.0,1.0,1.0,?,1.0,1.7976931348623157E308,?,1.0,?,73000.0,487208.0
74000.0,10.232360581,1.2725787089003142E-6,74000.0,1.0,1.0,1.0,?,1.0,1.7976931348623157E308,?,1.0,?,74000.0,487208.0
75000.0,10.382411509,1.2914912866248704E-6,75000.0,1.0,1.0,1.0,?,1.0,1.7976931348623157E308,?,1.0,?,75000.0,487208.0
76000.0,10.536059159,1.3108571989957715E-6,76000.0,1.0,1.0,1.0,?,1.0,1.7976931348623157E308,?,1.0,?,76000.0,487208.0
77000.0,10.679661657,1.32895700978045E-6,77000.0,1.0,1.0,1.0,?,1.0,1.7976931348623157E308,?,1.0,?,77000.0,487208.0
78000.0,10.818679021,1.346478905424527E-6,78000.0,1.0,1.0,1.0,?,1.0,1.7976931348623157E308,?,1.0,?,78000.0,487208.0
79000.0,10.973175137,1.3659517593477764E-6,79000.0,1.0,1.0,1.0,?,1.0,1.7976931348623157E308,?,1.0,?,79000.0,487208.0
80000.0,11.119163943,1.3843523429175772E-6,80000.0,1.0,1.0,1.0,?,1.0,1.7976931348623157E308,?,1.0,?,80000.0,487208.0
81000.0,11.27945408,1.4045554813779555E-6,81000.0,1.0,1.0,1.0,?,1.0,1.7976931348623157E308,?,1.0,?,81000.0,487208.0
82000.0,11.444966177,1.4254168012017607E-6,82000.0,1.0,1.0,1.0,?,1.0,1.7976931348623157E308,?,1.0,?,82000.0,487208.0
83000.0,11.576107614,1.4422879846198231E-6,83000.0,1.0,1.0,1.0,?,1.0,1.7976931348623157E308,?,1.0,?,83000.0,497288.0
84000.0,11.716509379,1.4603504977638165E-6,84000.0,1.0,1.0,1.0,?,1.0,1.7976931348623157E308,?,1.0,?,84000.0,497288.0
85000.0,11.877490284,1.4810604917763167E-6,85000.0,1.0,1.0,1.0,?,1.0,1.7976931348623157E308,?,1.0,?,85000.0,497288.0
86000.0,12.037455525,1.501639821873375E-6,86000.0,1.0,1.0,1.0,?,1.0,1.7976931348623157E308,?,1.0,?,86000.0,497288.0
87000.0,12.197708087,1.522256115461163E-6,87000.0,1.0,1.0,1.0,?,1.0,1.7976931348623157E308,?,1.0,?,87000.0,497288.0
88000.0,12.323337721,1.5384182122510438E-6,88000.0,1.0,1.0,1.0,?,1.0,1.7976931348623157E308,?,1.0,?,88000.0,497288.0
89000.0,12.480791521,1.5586744485745097E-6,89000.0,1.0,1.0,1.0,?,1.0,1.7976931348623157E308,?,1.0,?,89000.0,497288.0
90000.0,12.626604824,1.5774331493786385E-6,90000.0,1.0,1.0,1.0,?,1.0,1.7976931348623157E308,?,1.0,?,90000.0,497288.0
91000.0,12.782310466,1.5974644873409422E-6,91000.0,1.0,1.0,1.0,?,1.0,1.7976931348623157E308,?,1.0,?,91000.0,497288.0
92000.0,12.926511594,1.6160157838284093E-6,92000.0,1.0,1.0,1.0,?,1.0,1.7976931348623157E308,?,1.0,?,92000.0,497288.0
93000.0,13.047348021,1.6315612404753447E-6,93000.0,1.0,1.0,1.0,?,1.0,1.7976931348623157E308,?,1.0,?,93000.0,497288.0
94000.0,13.154114118,1.6452965665974585E-6,94000.0,1.0,1.0,1.0,?,1.0,1.7976931348623157E308,?,1.0,?,94000.0,497288.0
95000.0,13.292054654,1.6630424456794595E-6,95000.0,1.0,1.0,1.0,?,1.0,1.7976931348623157E308,?,1.0,?,95000.0,497288.0
96000.0,13.451587208,1.6835661111299603E-6,96000.0,1.0,1.0,1.0,?,1.0,1.7976931348623157E308,?,1.0,?,96000.0,497288.0
97000.0,13.596099602,1.7021574516027454E-6,97000.0,1.0,1.0,1.0,?,1.0,1.7976931348623157E308,?,1.0,?,97000.0,497288.0
98000.0,13.746206246,1.7214684854081306E-6,98000.0,1.0,1.0,1.0,?,1.0,1.7976931348623157E308,?,1.0,?,98000.0,497288.0
99000.0,13.894655495,1.7405662973998706E-6,99000.0,1.0,1.0,1.0,?,1.0,1.7976931348623157E308,?,1.0,?,99000.0,497288.0
100000.0,14.062148137,1.7621140183109802E-6,100000.0,1.0,1.0,1.0,?,1.0,1.7976931348623157E308,?,1.0,?,100000.0,497288.0
101000.0,14.216998983,1.782035387826766E-6,101000.0,1.0,1.0,1.0,?,1.0,1.7976931348623157E308,?,1.0,?,101000.0,497288.0
102000.0,14.38591194,1.8037658305032046E-6,102000.0,1.0,1.0,1.0,?,1.0,1.7976931348623157E308,?,1.0,?,102000.0,497288.0
103000.0,14.522377903,1.821322007595389E-6,103000.0,1.0,1.0,1.0,?,1.0,1.7976931348623157E308,?,1.0,?,103000.0,497288.0
104000.0,14.659318753,1.838939278311855E-6,104000.0,1.0,1.0,1.0,?,1.0,1.7976931348623157E308,?,1.0,?,104000.0,497288.0
105000.0,14.802965059,1.85741919763631E-6,105000.0,1.0,1.0,1.0,?,1.0,1.7976931348623157E308,?,1.0,?,105000.0,497288.0
106000.0,14.963412041,1.8780605031162596E-6,106000.0,1.0,1.0,1.0,?,1.0,1.7976931348623157E308,?,1.0,?,106000.0,497288.0
107000.0,15.109064722,1.8967985400990596E-6,107000.0,1.0,1.0,1.0,?,1.0,1.7976931348623157E308,?,1.0,?,107000.0,497288.0
108000.0,15.21894676,1.910934728170939E-6,108000.0,1.0,1.0,1.0,?,1.0,1.7976931348623157E308,?,1.0,?,108000.0,497288.0
109000.0,15.310673283,1.922735231728286E-6,109000.0,1.0,1.0,1.0,?,1.0,1.7976931348623157E308,?,1.0,?,109000.0,497288.0
110000.0,15.429760011,1.938055591766318E-6,110000.0,1.0,1.0,1.0,?,1.0,1.7976931348623157E308,?,1.0,?,110000.0,497288.0
111000.0,15.535194481,1.95161960572444E-6,111000.0,1.0,1.0,1.0,?,1.0,1.7976931348623157E308,?,1.0,?,111000.0,497288.0
112000.0,15.663619345,1.9681413053912183E-6,112000.0,1.0,1.0,1.0,?,1.0,1.7976931348623157E308,?,1.0,?,112000.0,497288.0
113000.0,15.814813414,1.9875922350758015E-6,113000.0,1.0,1.0,1.0,?,1.0,1.7976931348623157E308,?,1.0,?,113000.0,497288.0
114000.0,15.971650224,2.007769096400066E-6,114000.0,1.0,1.0,1.0,?,1.0,1.7976931348623157E308,?,1.0,?,114000.0,497288.0
115000.0,16.128534043,2.0279520053739483E-6,115000.0,1.0,1.0,1.0,?,1.0,1.7976931348623157E308,?,1.0,?,115000.0,497288.0
116000.0,16.274513203,2.046732043475671E-6,116000.0,1.0,1.0,1.0,?,1.0,1.7976931348623157E308,?,1.0,?,116000.0,497288.0
117000.0,16.425740977,2.0661873092667517E-6,117000.0,1.0,1.0,1.0,?,1.0,1.7976931348623157E308,?,1.0,?,117000.0,497288.0
118000.0,16.564369322,2.0840216741245765E-6,118000.0,1.0,1.0,1.0,?,1.0,1.7976931348623157E308,?,1.0,?,118000.0,497288.0
119000.0,16.694540758,2.1007680681155815E-6,119000.0,1.0,1.0,1.0,?,1.0,1.7976931348623157E308,?,1.0,?,119000.0,497288.0
120000.0,16.808358212,2.115410542580848E-6,120000.0,1.0,1.0,1.0,?,1.0,1.7976931348623157E308,?,1.0,?,120000.0,497288.0
121000.0,16.974618604,2.1367997360559126E-6,121000.0,1.0,1.0,1.0,?,1.0,1.7976931348623157E308,?,1.0,?,121000.0,497288.0
122000.0,17.092940641,2.1520217195440586E-6,122000.0,1.0,1.0,1.0,?,1.0,1.7976931348623157E308,?,1.0,?,122000.0,497288.0
123000.0,17.235214451,2.170325068958299E-6,123000.0,1.0,1.0,1.0,?,1.0,1.7976931348623157E308,?,1.0,?,123000.0,497288.0
124000.0,17.3882036,2.1900069334612194E-6,124000.0,1.0,1.0,1.0,?,1.0,1.7976931348623157E308,?,1.0,?,124000.0,497288.0
125000.0,17.539615001,2.209485822638382E-6,125000.0,1.0,1.0,1.0,?,1.0,1.7976931348623157E308,?,1.0,?,125000.0,497288.0
126000.0,17.706615544,2.230970235622731E-6,126000.0,1.0,1.0,1.0,?,1.0,1.7976931348623157E308,?,1.0,?,126000.0,497288.0
127000.0,17.853160578,2.249823072713575E-6,127000.0,1.0,1.0,1.0,?,1.0,1.7976931348623157E308,?,1.0,?,127000.0,497288.0
128000.0,17.956965347,2.2631774276568463E-6,128000.0,1.0,1.0,1.0,?,1.0,1.7976931348623157E308,?,1.0,?,128000.0,497288.0
129000.0,18.069439312,2.2776470639265153E-6,129000.0,1.0,1.0,1.0,?,1.0,1.7976931348623157E308,?,1.0,?,129000.0,497288.0
130000.0,18.233019953,2.298691510754982E-6,130000.0,1.0,1.0,1.0,?,1.0,1.7976931348623157E308,?,1.0,?,130000.0,497288.0
131000.0,18.39340649,2.319325040060558E-6,131000.0,1.0,1.0,1.0,?,1.0,1.7976931348623157E308,?,1.0,?,131000.0,497288.0
132000.0,18.560466012,2.3408170406201968E-6,132000.0,1.0,1.0,1.0,?,1.0,1.7976931348623157E308,?,1.0,?,132000.0,497288.0
133000.0,18.722395135,2.361649021703788E-6,133000.0,1.0,1.0,1.0,?,1.0,1.7976931348623157E308,?,1.0,?,133000.0,497288.0
134000.0,18.885398903,2.3826192545354087E-6,134000.0,1.0,1.0,1.0,?,1.0,1.7976931348623157E308,?,1.0,?,134000.0,497288.0
135000.0,19.033116988,2.401623003184281E-6,135000.0,1.0,1.0,1.0,?,1.0,1.7976931348623157E308,?,1.0,?,135000.0,497288.0
136000.0,19.161951222,2.4181973677944507E-6,136000.0,1.0,1.0,1.0,?,1.0,1.7976931348623157E308,?,1.0,?,136000.0,497288.0
137000.0,19.257573311,2.43049903109205E-6,137000.0,1.0,1.0,1.0,?,1.0,1.7976931348623157E308,?,1.0,?,137000.0,497288.0
138000.0,19.357812317,2.443394655042474E-6,138000.0,1.0,1.0,1.0,?,1.0,1.7976931348623157E308,?,1.0,?,138000.0,497288.0
139000.0,19.453302729,2.4556793782571384E-6,139000.0,1.0,1.0,1.0,?,1.0,1.7976931348623157E308,?,1.0,?,139000.0,497288.0
140000.0,19.597756211,2.4742631397741013E-6,140000.0,1.0,1.0,1.0,?,1.0,1.7976931348623157E308,?,1.0,?,140000.0,497288.0
141000.0,19.745278278,2.4932416709500917E-6,141000.0,1.0,1.0,1.0,?,1.0,1.7976931348623157E308,?,1.0,?,141000.0,497288.0
142000.0,19.894424726,2.5124291767295235E-6,142000.0,1.0,1.0,1.0,?,1.0,1.7976931348623157E308,?,1.0,?,142000.0,497288.0
143000.0,20.025447419,2.5292850838790803E-6,143000.0,1.0,1.0,1.0,?,1.0,1.7976931348623157E308,?,1.0,?,143000.0,497288.0
144000.0,20.178906345,2.5490273846111126E-6,144000.0,1.0,1.0,1.0,?,1.0,1.7976931348623157E308,?,1.0,?,144000.0,497288.0
145000.0,20.331188043,2.568618236419241E-6,145000.0,1.0,1.0,1.0,?,1.0,1.7976931348623157E308,?,1.0,?,145000.0,497288.0
146000.0,20.50765659,2.591320696389662E-6,146000.0,1.0,1.0,1.0,?,1.0,1.7976931348623157E308,?,1.0,?,146000.0,497288.0
147000.0,20.684005015,2.6140077028135845E-6,147000.0,1.0,1.0,1.0,?,1.0,1.7976931348623157E308,?,1.0,?,147000.0,497288.0
148000.0,20.838605513,2.6338968653692897E-6,148000.0,1.0,1.0,1.0,?,1.0,1.7976931348623157E308,?,1.0,?,148000.0,497288.0
149000.0,21.002401059,2.654968959459792E-6,149000.0,1.0,1.0,1.0,?,1.0,1.7976931348623157E308,?,1.0,?,149000.0,497288.0
150000.0,21.162912578,2.6756185675448463E-6,150000.0,1.0,1.0,1.0,?,1.0,1.7976931348623157E308,?,1.0,?,150000.0,497288.0
151000.0,21.29184887,2.692206061790291E-6,151000.0,1.0,1.0,1.0,?,1.0,1.7976931348623157E308,?,1.0,?,151000.0,497288.0
152000.0,21.465349153,2.7145266582740613E-6,152000.0,1.0,1.0,1.0,?,1.0,1.7976931348623157E308,?,1.0,?,152000.0,497288.0
153000.0,21.593179819,2.7309719151042046E-6,153000.0,1.0,1.0,1.0,?,1.0,1.7976931348623157E308,?,1.0,?,153000.0,497288.0
154000.0,21.731283492,2.748738781559169E-6,154000.0,1.0,1.0,1.0,?,1.0,1.7976931348623157E308,?,1.0,?,154000.0,497288.0
155000.0,21.893051777,2.769550071033299E-6,155000.0,1.0,1.0,1.0,?,1.0,1.7976931348623157E308,?,1.0,?,155000.0,497288.0
156000.0,22.041161261,2.7886041726786743E-6,156000.0,1.0,1.0,1.0,?,1.0,1.7976931348623157E308,?,1.0,?,156000.0,497288.0
157000.0,22.198939938,2.8089022040257475E-6,157000.0,1.0,1.0,1.0,?,1.0,1.7976931348623157E308,?,1.0,?,157000.0,497288.0
158000.0,22.341250849,2.8272103264376786E-6,158000.0,1.0,1.0,1.0,?,1.0,1.7976931348623157E308,?,1.0,?,158000.0,497288.0
159000.0,22.452469744,2.8415184995065707E-6,159000.0,1.0,1.0,1.0,?,1.0,1.7976931348623157E308,?,1.0,?,159000.0,497288.0
160000.0,22.602375653,2.860803709002867E-6,160000.0,1.0,1.0,1.0,?,1.0,1.7976931348623157E308,?,1.0,?,160000.0,497288.0
161000.0,22.757807975,2.8807998846857473E-6,161000.0,1.0,1.0,1.0,?,1.0,1.7976931348623157E308,?,1.0,?,161000.0,497288.0
162000.0,22.892595494,2.8981401320365107E-6,162000.0,1.0,1.0,1.0,?,1.0,1.7976931348623157E308,?,1.0,?,162000.0,497288.0
163000.0,23.04312243,2.9175052358870574E-6,163000.0,1.0,1.0,1.0,?,1.0,1.7976931348623157E308,?,1.0,?,163000.0,497288.0
164000.0,23.168737183,2.933665418254722E-6,164000.0,1.0,1.0,1.0,?,1.0,1.7976931348623157E308,?,1.0,?,164000.0,497288.0
165000.0,23.316384992,2.953045147648569E-6,165000.0,1.0,1.0,1.0,?,1.0,1.7976931348623157E308,?,1.0,?,165000.0,507368.0
166000.0,23.458603216,2.9717122089118586E-6,166000.0,1.0,1.0,1.0,?,1.0,1.7976931348623157E308,?,1.0,?,166000.0,507368.0
167000.0,23.576154141,2.9871415277207574E-6,167000.0,1.0,1.0,1.0,?,1.0,1.7976931348623157E308,?,1.0,?,167000.0,507368.0
168000.0,23.714064483,3.0052431516234382E-6,168000.0,1.0,1.0,1.0,?,1.0,1.7976931348623157E308,?,1.0,?,168000.0,507368.0
169000.0,23.991500369,3.0514654490130903E-6,169000.0,0.8321829882298023,-0.16637684387152096,0.9997,0.0,1.0,3332.3333333333335,0.0,1.0,-15.899999999988117,169000.0,644008.0
170000.0,24.208240106,3.0875754444581963E-6,170000.0,0.8321829882298023,-0.16637684387152096,0.9997,0.0,1.0,3332.3333333333335,0.0,1.0,-15.999999999962252,170000.0,644008.0
171000.0,24.442600941,3.126621208753653E-6,171000.0,0.8321829882298023,-0.16637684387152096,0.9997,0.0,0.8321829882298023,3332.3333333333335,0.0,1.0,-16.099999999982913,171000.0,644008.0
172000.0,24.629226657,3.1577140477871326E-6,172000.0,0.8321829882298023,-0.16637684387152096,0.9997,0.0,0.8321829882298023,3332.3333333333335,0.0,1.0,-16.199999999964355,172000.0,644008.0
173000.0,24.813634939,3.188437450496899E-6,173000.0,0.8321829882298023,-0.16637684387152096,0.9997,0.0,0.8321829882298023,3332.3333333333335,0.0,1.0,-16.299999999955183,173000.0,644008.0
174000.0,24.987099277,3.21733753380312E-6,174000.0,0.8321829882298023,-0.16637684387152096,0.9997,0.0,0.8321829882298023,3332.3333333333335,0.0,1.0,-16.399999999980682,174000.0,644008.0
175000.0,25.166579959,3.247239972087912E-6,175000.0,0.8321829882298023,-0.16637684387152096,0.9997,0.0,0.8321829882298023,3332.3333333333335,0.0,1.0,-16.500000000029143,175000.0,644008.0
176000.0,25.315046413,3.271975274676616E-6,176000.0,0.8321829882298023,-0.16637684387152096,0.9997,0.0,0.8321829882298023,3332.3333333333335,0.0,1.0,-16.59999999994529,176000.0,644008.0
177000.0,25.459692239,3.2960740402759006E-6,177000.0,0.8321829882298023,-0.16637684387152096,0.9997,0.0,0.8321829882298023,3332.3333333333335,0.0,1.0,-16.70000000001572,177000.0,644008.0
178000.0,25.62303079,3.323287113495696E-6,178000.0,0.8321829882298023,-0.16637684387152096,0.9997,0.0,0.8321829882298023,3332.3333333333335,0.0,1.0,-16.800000000055334,178000.0,644008.0
179000.0,25.765819626,3.3470764946628975E-6,179000.0,1.0,1.0,1.0,?,0.8321829882298023,1.7976931348623157E308,?,1.0,1.0,179000.0,644008.0
180000.0,25.878487502,3.3658475633440863E-6,180000.0,1.0,1.0,1.0,?,0.8321829882298023,1.7976931348623157E308,?,1.0,1.0,180000.0,644008.0
181000.0,26.004285392,3.386806162342958E-6,181000.0,1.0,1.0,1.0,?,1.0,1.7976931348623157E308,?,1.0,1.0,181000.0,644008.0
182000.0,26.143540868,3.41000686690073E-6,182000.0,1.0,1.0,1.0,?,1.0,1.7976931348623157E308,?,1.0,1.0,182000.0,644008.0
183000.0,26.270805381,3.43120981310876E-6,183000.0,1.0,1.0,1.0,?,1.0,1.7976931348623157E308,?,1.0,1.0,183000.0,644008.0
184000.0,26.383266832,3.449946490284667E-6,184000.0,1.0,1.0,1.0,?,1.0,1.7976931348623157E308,?,1.0,1.0,184000.0,644008.0
185000.0,26.492553238,3.468154188040026E-6,185000.0,1.0,1.0,1.0,?,1.0,1.7976931348623157E308,?,1.0,1.0,185000.0,644008.0
186000.0,26.655879619,3.4953652336729533E-6,186000.0,1.0,1.0,1.0,?,1.0,1.7976931348623157E308,?,1.0,1.0,186000.0,644008.0
187000.0,26.764128996,3.5134001568693656E-6,187000.0,1.0,1.0,1.0,?,1.0,1.7976931348623157E308,?,1.0,1.0,187000.0,644008.0
188000.0,26.916659208,3.538812503201414E-6,188000.0,1.0,1.0,1.0,?,1.0,1.7976931348623157E308,?,1.0,1.0,188000.0,644008.0
189000.0,27.087764201,3.567319507054911E-6,189000.0,1.0,1.0,1.0,?,1.0,1.7976931348623157E308,?,1.0,1.0,189000.0,644008.0
190000.0,27.256521293,3.5954353380870826E-6,190000.0,1.0,1.0,1.0,?,1.0,1.7976931348623157E308,?,1.0,1.0,190000.0,644008.0
191000.0,27.372849552,3.614816246086556E-6,191000.0,1.0,1.0,1.0,?,1.0,1.7976931348623157E308,?,1.0,1.0,191000.0,644008.0
192000.0,27.503201758,3.636533618406333E-6,192000.0,1.0,1.0,1.0,?,1.0,1.7976931348623157E308,?,1.0,1.0,192000.0,644008.0
193000.0,27.654962244,3.663752484003842E-6,193000.0,1.0,1.0,1.0,?,1.0,1.7976931348623157E308,?,1.0,1.0,193000.0,693288.0
194000.0,27.809638305,3.691494269935597E-6,194000.0,1.0,1.0,1.0,?,1.0,1.7976931348623157E308,?,1.0,1.0,194000.0,693288.0
195000.0,27.981242416,3.7222721710638852E-6,195000.0,1.0,1.0,1.0,?,1.0,1.7976931348623157E308,?,1.0,1.0,195000.0,693288.0
196000.0,28.154487597,3.75334440482739E-6,196000.0,1.0,1.0,1.0,?,1.0,1.7976931348623157E308,?,1.0,1.0,196000.0,693288.0
197000.0,28.327463806,3.784368397359528E-6,197000.0,1.0,1.0,1.0,?,1.0,1.7976931348623157E308,?,1.0,1.0,197000.0,693288.0
198000.0,28.505475872,3.816295591498778E-6,198000.0,1.0,1.0,1.0,?,1.0,1.7976931348623157E308,?,1.0,1.0,198000.0,693288.0
199000.0,28.67646607,3.846963384812602E-6,199000.0,1.0,1.0,1.0,?,1.0,1.7976931348623157E308,?,1.0,1.0,199000.0,693288.0
200000.0,28.84065231,3.87641086035324E-6,200000.0,1.0,1.0,1.0,?,1.0,1.7976931348623157E308,?,1.0,1.0,200000.0,693288.0
201000.0,28.97330626,3.90020289035523E-6,201000.0,1.0,1.0,1.0,?,1.0,1.7976931348623157E308,?,1.0,1.0,201000.0,693288.0
202000.0,29.206220972,3.946563725252854E-6,202000.0,0.9989447820628355,0.6778654039354635,0.9996,0.8179882238381015,1.0,768.2307692307693,0.8320502943378437,1.0,-4.049999999999439,202000.0,769408.0
203000.0,29.452254991,3.995563407421785E-6,203000.0,0.9977663269943234,0.6778590059195342,0.9996,0.8179882238381015,1.0,768.2307692307693,0.8320502943378437,1.0,-4.075000000002535,203000.0,769840.0
204000.0,29.672507904,4.040633348362674E-6,204000.0,0.997720113070068,0.6778583177518972,0.9996,0.8179882238381015,1.0,768.2307692307693,0.8320502943378437,1.0,-4.0999999999983014,204000.0,790984.0
205000.0,29.868823365,4.080805013347888E-6,205000.0,0.997720113070068,0.6778583177518972,0.9996,0.8179882238381015,1.0,768.2307692307693,0.8320502943378437,1.0,-4.125000000000889,205000.0,790984.0
206000.0,30.08000325,4.124185314143082E-6,206000.0,0.9976276852215572,0.67785315734325,0.9996,0.8179882238381015,1.0,768.2307692307693,0.8320502943378437,1.0,-4.150000000002144,206000.0,794040.0
207000.0,30.276281503,4.164504540828404E-6,207000.0,0.9976276852215572,0.67785315734325,0.9996,0.8179882238381015,1.0,768.2307692307693,0.8320502943378437,1.0,-4.174999999996553,207000.0,794040.0
208000.0,30.437966155,4.1977175944188355E-6,208000.0,0.9976276852215572,0.67785315734325,0.9996,0.8179882238381015,1.0,768.2307692307693,0.8320502943378437,1.0,-4.1999999999988455,208000.0,794040.0
209000.0,30.607709323,4.23258601801784E-6,209000.0,0.9976276852215572,0.67785315734325,0.9996,0.8179882238381015,1.0,768.2307692307693,0.8320502943378437,1.0,-4.2249999999989125,209000.0,794040.0
210000.0,30.797366684,4.271545189570579E-6,210000.0,0.9976276852215572,0.67785315734325,0.9996,0.8179882238381015,1.0,768.2307692307693,0.8320502943378437,1.0,-4.2500000000010925,210000.0,794040.0
211000.0,30.92264587,4.297754877333332E-6,211000.0,0.9976276852215572,0.67785315734325,0.9996,0.8179882238381015,0.9976276852215572,768.2307692307693,0.8320502943378437,1.0,-4.274999999997511,211000.0,808696.0
212000.0,31.070419032,4.3286613601032E-6,212000.0,1.0,1.0,1.0,?,0.9976276852215572,1.7976931348623157E308,?,1.0,1.0,212000.0,808456.0
213000.0,31.258849704,4.368071285685509E-6,213000.0,1.0,1.0,1.0,?,0.9976276852215572,1.7976931348623157E308,?,1.0,1.0,213000.0,808456.0
214000.0,31.43778079,4.405494390474E-6,214000.0,1.0,1.0,1.0,?,0.9976276852215572,1.7976931348623157E308,?,1.0,1.0,214000.0,808456.0
215000.0,31.617180656,4.443015539730085E-6,215000.0,1.0,1.0,1.0,?,0.9976276852215572,1.7976931348623157E308,?,1.0,1.0,215000.0,808456.0
216000.0,31.805807574,4.482466509799333E-6,216000.0,1.0,1.0,1.0,?,0.9976276852215572,1.7976931348623157E308,?,1.0,1.0,216000.0,808456.0
217000.0,31.945386579,4.511659199829664E-6,217000.0,1.0,1.0,1.0,?,0.9976276852215572,1.7976931348623157E308,?,1.0,1.0,217000.0,808456.0
218000.0,32.076539667,4.539089624946282E-6,218000.0,1.0,1.0,1.0,?,0.9976276852215572,1.7976931348623157E308,?,1.0,1.0,218000.0,808456.0
219000.0,32.222414571,4.569599090575989E-6,219000.0,1.0,1.0,1.0,?,0.9976276852215572,1.7976931348623157E308,?,1.0,1.0,219000.0,808456.0
220000.0,32.381810976,4.6048756330323446E-6,220000.0,1.0,1.0,1.0,?,0.9976276852215572,1.7976931348623157E308,?,1.0,1.0,220000.0,855480.0
221000.0,32.499572834,4.630937897005464E-6,221000.0,1.0,1.0,1.0,?,1.0,1.7976931348623157E308,?,1.0,1.0,221000.0,855480.0
222000.0,32.645587823,4.663252954291246E-6,222000.0,1.0,1.0,1.0,?,1.0,1.7976931348623157E308,?,1.0,1.0,222000.0,855480.0
223000.0,32.825782826,4.703132502852912E-6,223000.0,1.0,1.0,1.0,?,1.0,1.7976931348623157E308,?,1.0,1.0,223000.0,855480.0
224000.0,32.947824076,4.730141853139398E-6,224000.0,1.0,1.0,1.0,?,1.0,1.7976931348623157E308,?,1.0,1.0,224000.0,855480.0
225000.0,33.07732063,4.758801161265781E-6,225000.0,1.0,1.0,1.0,?,1.0,1.7976931348623157E308,?,1.0,1.0,225000.0,855480.0
226000.0,33.204154001,4.786871071606382E-6,226000.0,1.0,1.0,1.0,?,1.0,1.7976931348623157E308,?,1.0,1.0,226000.0,855480.0
227000.0,33.375248487,4.824736554829967E-6,227000.0,1.0,1.0,1.0,?,1.0,1.7976931348623157E308,?,1.0,1.0,227000.0,855480.0
228000.0,33.552078299,4.8638713419073E-6,228000.0,1.0,1.0,1.0,?,1.0,1.7976931348623157E308,?,1.0,1.0,228000.0,855480.0
229000.0,33.741829038,4.905865701820613E-6,229000.0,1.0,1.0,1.0,?,1.0,1.7976931348623157E308,?,1.0,1.0,229000.0,855480.0
230000.0,33.902240036,4.941366787189591E-6,230000.0,1.0,1.0,1.0,?,1.0,1.7976931348623157E308,?,1.0,1.0,230000.0,855480.0
231000.0,34.091972146,4.983357024257665E-6,231000.0,1.0,1.0,1.0,?,1.0,1.7976931348623157E308,?,1.0,1.0,231000.0,855480.0
232000.0,34.270407015,5.0228470317767974E-6,232000.0,1.0,1.0,1.0,?,1.0,1.7976931348623157E308,?,1.0,1.0,232000.0,855480.0
233000.0,34.426806935,5.057460412285915E-6,233000.0,1.0,1.0,1.0,?,1.0,1.7976931348623157E308,?,1.0,1.0,233000.0,855480.0
234000.0,34.584025913,5.092255061213924E-6,234000.0,1.0,1.0,1.0,?,1.0,1.7976931348623157E308,?,1.0,1.0,234000.0,855480.0
235000.0,34.723224702,5.123061602867305E-6,235000.0,1.0,1.0,1.0,?,1.0,1.7976931348623157E308,?,1.0,1.0,235000.0,855480.0
236000.0,34.890188686,5.160012951112946E-6,236000.0,1.0,1.0,1.0,?,1.0,1.7976931348623157E308,?,1.0,1.0,236000.0,855480.0
237000.0,35.062900793,5.1982364353584785E-6,237000.0,1.0,1.0,1.0,?,1.0,1.7976931348623157E308,?,1.0,1.0,237000.0,855480.0
238000.0,35.233065037,5.2358960436665805E-6,238000.0,1.0,1.0,1.0,?,1.0,1.7976931348623157E308,?,1.0,1.0,238000.0,855480.0
239000.0,35.362688655,5.264583472744566E-6,239000.0,1.0,1.0,1.0,?,1.0,1.7976931348623157E308,?,1.0,1.0,239000.0,855480.0
240000.0,35.536794049,5.303115309916938E-6,240000.0,1.0,1.0,1.0,?,1.0,1.7976931348623157E308,?,1.0,1.0,240000.0,855480.0
241000.0,35.657545259,5.3298391572096125E-6,241000.0,1.0,1.0,1.0,?,1.0,1.7976931348623157E308,?,1.0,1.0,241000.0,855480.0
242000.0,35.823561407,5.366580736753784E-6,242000.0,1.0,1.0,1.0,?,1.0,1.7976931348623157E308,?,1.0,1.0,242000.0,855480.0
243000.0,35.959606652,5.3966893572162574E-6,243000.0,1.0,1.0,1.0,?,1.0,1.7976931348623157E308,?,1.0,1.0,243000.0,855480.0
244000.0,36.145159644,5.437754699939587E-6,244000.0,1.0,1.0,1.0,?,1.0,1.7976931348623157E308,?,1.0,1.0,244000.0,855480.0
245000.0,36.331649346,5.479027349032746E-6,245000.0,1.0,1.0,1.0,?,1.0,1.7976931348623157E308,?,1.0,1.0,245000.0,855480.0
246000.0,36.535940965,5.5239176229417E-6,246000.0,1.0,1.0,1.0,?,1.0,1.7976931348623157E308,?,1.0,1.0,246000.0,849384.0
247000.0,36.730398948,5.566647090569311E-6,247000.0,1.0,1.0,1.0,?,1.0,1.7976931348623157E308,?,1.0,1.0,247000.0,849384.0
248000.0,36.918111366,5.607894313051463E-6,248000.0,1.0,1.0,1.0,?,1.0,1.7976931348623157E308,?,1.0,1.0,248000.0,849384.0
249000.0,37.092897863,5.646301242147838E-6,249000.0,1.0,1.0,1.0,?,1.0,1.7976931348623157E308,?,1.0,1.0,249000.0,849384.0
250000.0,37.254707788,5.681856747997725E-6,250000.0,1.0,1.0,1.0,?,1.0,1.7976931348623157E308,?,1.0,1.0,250000.0,849384.0
251000.0,37.372691027,5.707781942292531E-6,251000.0,1.0,1.0,1.0,?,1.0,1.7976931348623157E308,?,1.0,1.0,251000.0,849384.0
252000.0,37.540665888,5.744692108049789E-6,252000.0,1.0,1.0,1.0,?,1.0,1.7976931348623157E308,?,1.0,1.0,252000.0,849384.0
253000.0,37.657553913,5.770376644129199E-6,253000.0,1.0,1.0,1.0,?,1.0,1.7976931348623157E308,?,1.0,1.0,253000.0,849384.0
254000.0,37.778376964,5.796925848058634E-6,254000.0,1.0,1.0,1.0,?,1.0,1.7976931348623157E308,?,1.0,1.0,254000.0,849384.0
255000.0,37.928512162,5.829915993198142E-6,255000.0,1.0,1.0,1.0,?,1.0,1.7976931348623157E308,?,1.0,1.0,255000.0,849384.0
256000.0,38.072146317,5.861477623539087E-6,256000.0,1.0,1.0,1.0,?,1.0,1.7976931348623157E308,?,1.0,1.0,256000.0,849384.0
257000.0,38.242892684,5.8989967896268E-6,257000.0,1.0,1.0,1.0,?,1.0,1.7976931348623157E308,?,1.0,1.0,257000.0,849384.0
258000.0,38.388906448,5.931081306321718E-6,258000.0,1.0,1.0,1.0,?,1.0,1.7976931348623157E308,?,1.0,1.0,258000.0,849384.0
259000.0,38.508630398,5.95738899792096E-6,259000.0,1.0,1.0,1.0,?,1.0,1.7976931348623157E308,?,1.0,1.0,259000.0,849384.0
260000.0,38.634571157,5.985062747805979E-6,260000.0,1.0,1.0,1.0,?,1.0,1.7976931348623157E308,?,1.0,1.0,260000.0,849384.0
261000.0,38.827274112,6.027406572165288E-6,261000.0,1.0,1.0,1.0,?,1.0,1.7976931348623157E308,?,1.0,1.0,261000.0,849384.0
262000.0,39.002852448,6.065987496992744E-6,262000.0,1.0,1.0,1.0,?,1.0,1.7976931348623157E308,?,1.0,1.0,262000.0,849384.0
263000.0,39.14108443,6.096362074106246E-6,263000.0,1.0,1.0,1.0,?,1.0,1.7976931348623157E308,?,1.0,1.0,263000.0,849384.0
264000.0,39.255075186,6.121409975165412E-6,264000.0,1.0,1.0,1.0,?,1.0,1.7976931348623157E308,?,1.0,1.0,264000.0,849384.0
265000.0,39.405980224,6.154569282058276E-6,265000.0,1.0,1.0,1.0,?,1.0,1.7976931348623157E308,?,1.0,1.0,265000.0,849384.0
266000.0,39.521107528,6.179866923910923E-6,266000.0,1.0,1.0,1.0,?,1.0,1.7976931348623157E308,?,1.0,1.0,266000.0,849384.0
267000.0,39.641623422,6.206348634313553E-6,267000.0,1.0,1.0,1.0,?,1.0,1.7976931348623157E308,?,1.0,1.0,267000.0,849384.0
268000.0,39.827245902,6.247418214859575E-6,268000.0,1.0,1.0,1.0,?,1.0,1.7976931348623157E308,?,1.0,1.0,268000.0,855248.0
269000.0,39.999562462,6.2855438171052365E-6,269000.0,1.0,1.0,1.0,?,1.0,1.7976931348623157E308,?,1.0,1.0,269000.0,855248.0
270000.0,40.117270284,6.311587057538862E-6,270000.0,1.0,1.0,1.0,?,1.0,1.7976931348623157E308,?,1.0,1.0,270000.0,855248.0
271000.0,40.297380657,6.351437066390686E-6,271000.0,1.0,1.0,1.0,?,1.0,1.7976931348623157E308,?,1.0,1.0,271000.0,855248.0
272000.0,40.496513135,6.395342055269763E-6,272000.0,1.0,1.0,1.0,?,1.0,1.7976931348623157E308,?,1.0,1.0,272000.0,852264.0
273000.0,40.628923776,6.424536126367379E-6,273000.0,1.0,1.0,1.0,?,1.0,1.7976931348623157E308,?,1.0,1.0,273000.0,852264.0
274000.0,40.821330138,6.466958132404354E-6,274000.0,1.0,1.0,1.0,?,1.0,1.7976931348623157E308,?,1.0,1.0,274000.0,852264.0
275000.0,40.94665644,6.494590239184876E-6,275000.0,1.0,1.0,1.0,?,1.0,1.7976931348623157E308,?,1.0,1.0,275000.0,852264.0
276000.0,41.078380844,6.523633007852291E-6,276000.0,1.0,1.0,1.0,?,1.0,1.7976931348623157E308,?,1.0,1.0,276000.0,852264.0
277000.0,41.235125373,6.558192246363857E-6,277000.0,1.0,1.0,1.0,?,1.0,1.7976931348623157E308,?,1.0,1.0,277000.0,852264.0
278000.0,41.413024904,6.597415767351468E-6,278000.0,1.0,1.0,1.0,?,1.0,1.7976931348623157E308,?,1.0,1.0,278000.0,852264.0
279000.0,41.553617379,6.633471728627769E-6,279000.0,1.0,1.0,1.0,?,1.0,1.7976931348623157E308,?,1.0,1.0,279000.0,991328.0
280000.0,41.752738317,6.677531596052597E-6,280000.0,1.0,1.0,1.0,?,1.0,1.7976931348623157E308,?,1.0,1.0,280000.0,855320.0
281000.0,41.931506259,6.7170879174693305E-6,281000.0,1.0,1.0,1.0,?,1.0,1.7976931348623157E308,?,1.0,1.0,281000.0,855320.0
282000.0,42.063605599,6.746317788851853E-6,282000.0,1.0,1.0,1.0,?,1.0,1.7976931348623157E308,?,1.0,1.0,282000.0,855320.0
283000.0,42.257221701,6.789159590779443E-6,283000.0,1.0,1.0,1.0,?,1.0,1.7976931348623157E308,?,1.0,1.0,283000.0,855320.0
284000.0,42.446537186,6.831049787030764E-6,284000.0,1.0,1.0,1.0,?,1.0,1.7976931348623157E308,?,1.0,1.0,284000.0,855320.0
285000.0,42.620321806,6.869503439341673E-6,285000.0,1.0,1.0,1.0,?,1.0,1.7976931348623157E308,?,1.0,1.0,285000.0,855320.0
286000.0,42.781094445,6.9050779059499E-6,286000.0,1.0,1.0,1.0,?,1.0,1.7976931348623157E308,?,1.0,1.0,286000.0,855320.0
287000.0,42.937549002,6.939696902368198E-6,287000.0,1.0,1.0,1.0,?,1.0,1.7976931348623157E308,?,1.0,1.0,287000.0,855320.0
288000.0,43.134527103,6.983282620187861E-6,288000.0,1.0,1.0,1.0,?,1.0,1.7976931348623157E308,?,1.0,1.0,288000.0,855320.0
289000.0,43.309776607,7.022060410158431E-6,289000.0,1.0,1.0,1.0,?,1.0,1.7976931348623157E308,?,1.0,1.0,289000.0,855320.0
290000.0,43.500839218,7.064337196291799E-6,290000.0,1.0,1.0,1.0,?,1.0,1.7976931348623157E308,?,1.0,1.0,290000.0,855320.0
291000.0,43.682879638,7.104617625119229E-6,291000.0,1.0,1.0,1.0,?,1.0,1.7976931348623157E308,?,1.0,1.0,291000.0,855320.0
292000.0,43.868226924,7.145629770455305E-6,292000.0,1.0,1.0,1.0,?,1.0,1.7976931348623157E308,?,1.0,1.0,292000.0,855320.0
293000.0,44.073347663,7.191017225221226E-6,293000.0,1.0,1.0,1.0,?,1.0,1.7976931348623157E308,?,1.0,1.0,293000.0,855320.0
294000.0,44.25669348,7.2315865017174864E-6,294000.0,1.0,1.0,1.0,?,1.0,1.7976931348623157E308,?,1.0,1.0,294000.0,855320.0
295000.0,44.43124305,7.270209415965011E-6,295000.0,1.0,1.0,1.0,?,1.0,1.7976931348623157E308,?,1.0,1.0,295000.0,855320.0
296000.0,44.583299189,7.303855166094369E-6,296000.0,1.0,1.0,1.0,?,1.0,1.7976931348623157E308,?,1.0,1.0,296000.0,855320.0
297000.0,44.77728583,7.34677895788892E-6,297000.0,1.0,1.0,1.0,?,1.0,1.7976931348623157E308,?,1.0,1.0,297000.0,855320.0
298000.0,44.938628118,7.38247947181126E-6,298000.0,1.0,1.0,1.0,?,1.0,1.7976931348623157E308,?,1.0,1.0,298000.0,855320.0
299000.0,45.119126574,7.422418707341308E-6,299000.0,1.0,1.0,1.0,?,1.0,1.7976931348623157E308,?,1.0,1.0,299000.0,855320.0
300000.0,45.284652462,7.459044934366499E-6,300000.0,1.0,1.0,1.0,?,1.0,1.7976931348623157E308,?,1.0,1.0,300000.0,855320.0
301000.0,45.4073805,7.4862011999903046E-6,301000.0,1.0,1.0,1.0,?,1.0,1.7976931348623157E308,?,1.0,1.0,301000.0,855320.0
302000.0,45.592745856,7.527217343709535E-6,302000.0,1.0,1.0,1.0,?,1.0,1.7976931348623157E308,?,1.0,1.0,302000.0,855320.0
303000.0,45.776984826,7.567984249863256E-6,303000.0,1.0,1.0,1.0,?,1.0,1.7976931348623157E308,?,1.0,1.0,303000.0,855320.0
304000.0,45.927229125,7.601229090721108E-6,304000.0,1.0,1.0,1.0,?,1.0,1.7976931348623157E308,?,1.0,1.0,304000.0,855320.0
305000.0,46.119144118,7.643694485035477E-6,305000.0,1.0,1.0,1.0,?,1.0,1.7976931348623157E308,?,1.0,1.0,305000.0,855320.0
306000.0,46.309249977,7.68575956884009E-6,306000.0,1.0,1.0,1.0,?,1.0,1.7976931348623157E308,?,1.0,1.0,306000.0,855320.0
307000.0,46.493098799,7.726440146206247E-6,307000.0,1.0,1.0,1.0,?,1.0,1.7976931348623157E308,?,1.0,1.0,307000.0,855320.0
308000.0,46.686013739,7.769126800688906E-6,308000.0,1.0,1.0,1.0,?,1.0,1.7976931348623157E308,?,1.0,1.0,308000.0,855320.0
309000.0,46.831114572,7.80123353707447E-6,309000.0,1.0,1.0,1.0,?,1.0,1.7976931348623157E308,?,1.0,1.0,309000.0,855320.0
310000.0,46.951086483,7.827779949252196E-6,310000.0,1.0,1.0,1.0,?,1.0,1.7976931348623157E308,?,1.0,1.0,310000.0,855320.0
311000.0,47.113843712,7.86379354985191E-6,311000.0,1.0,1.0,1.0,?,1.0,1.7976931348623157E308,?,1.0,1.0,311000.0,855320.0
312000.0,47.346265801,7.926246571257435E-6,312000.0,1.0,1.0,0.9999,0.0,1.0,1.7976931348623157E308,?,0.9999,-0.9500000000009742,312000.0,1038672.0
313000.0,47.70119004,7.982143134280235E-6,313000.0,0.9993273198625082,0.9773321145703472,0.9986,0.9898226036193442,1.0,12.35113484646195,0.9912301975073547,0.9998919035779915,0.42718954248368146,313000.0,608768.0
314000.0,47.946729864,8.025082027544867E-6,314000.0,0.9994080555555556,0.982206867186153,0.9979,0.9883073496659244,1.0,9.0,0.9930370922914544,0.9991111111111111,0.35098425196851646,314000.0,675976.0
315000.0,48.096164895,8.051606396629628E-6,315000.0,0.9994077222222222,0.9822032648722482,0.9979,0.9883073496659244,1.0,9.0,0.9930370922914544,0.9991111111111111,0.348917322834643,315000.0,686112.0
316000.0,48.279109491,8.088059100778392E-6,316000.0,0.9994065,0.9821703535023362,0.9979,0.9883073496659244,1.0,9.0,0.9930370922914544,0.9991111111111111,0.34685039370079285,316000.0,770216.0
317000.0,48.45387095,8.120354884546961E-6,317000.0,0.9994038333333334,0.9821436866330315,0.9979,0.9883073496659244,1.0,9.0,0.9930370922914544,0.9991111111111111,0.3447834645669432,317000.0,714336.0
318000.0,48.581911876,8.144306123304134E-6,318000.0,0.9994038333333334,0.9821436866330315,0.9979,0.9883073496659244,1.0,9.0,0.9930370922914544,0.9991111111111111,0.34271653543307634,318000.0,723072.0
319000.0,48.72406695,8.171265594307162E-6,319000.0,0.9988984235011571,0.9806670441360189,0.9978,0.9877560174999903,1.0,8.99000999000999,0.9925408967607381,0.9991110123347039,0.3099311701081718,319000.0,733080.0
320000.0,48.885488974,8.202421221764364E-6,320000.0,0.9988716695017396,0.9806732083853326,0.9978,0.9877560174999903,1.0,8.99000999000999,0.9925408967607381,0.9991110123347039,0.30776794493609977,320000.0,746064.0
321000.0,49.131705513,8.256195246905713E-6,321000.0,0.9983450728569493,0.9764513596827781,0.9974,0.9855555956789006,0.9988716695017396,8.950248756218905,0.9905635257245482,0.9991106170094497,0.1825661116552227,321000.0,844224.0
322000.0,49.313201404,8.295689203760326E-6,322000.0,0.9983499954369343,0.976584239665308,0.9975,0.9861049818642227,0.9988716695017396,8.950248756218905,0.9906186351031953,0.9992217898832685,0.21155729676788812,322000.0,841136.0
323000.0,49.489526384,8.335293952368705E-6,323000.0,0.9959137514111248,0.9764642709344973,0.9988,0.9760378793203708,0.9988716695017396,38.0625,0.9898304856215556,0.9992816091954023,0.6203721841332113,323000.0,868232.0
324000.0,49.8038498,8.415649469185678E-6,324000.0,0.9799598248073279,0.6696075787917418,0.9986,0.8471392103211668,0.9988716695017396,187.67924528301887,0.8578164469184381,1.0,0.5756782039289142,324000.0,988192.0
325000.0,50.259902325,8.559239092320055E-6,325000.0,0.998904780439756,0.9775619676476656,0.998,0.9889184593644338,0.9988716695017396,8.920634920634921,0.9922556486853109,0.999443950177936,0.6788537549407091,325000.0,1217056.0
326000.0,50.587044205,8.669074969144348E-6,326000.0,0.9988384737050218,0.9774330121064598,0.998,0.9889184593644338,0.9988716695017396,8.920634920634921,0.9922556486853109,0.999443950177936,0.6778656126482218,326000.0,1297808.0
327000.0,50.883764271,8.777272111056058E-6,327000.0,0.9987828687228153,0.9771247764558976,0.998,0.9889184593644338,0.9988716695017396,8.920634920634921,0.9922556486853109,0.999443950177936,0.6768774703557291,327000.0,1409520.0
328000.0,51.145970711,8.878933147158118E-6,328000.0,0.9987578244153533,0.9770798755027494,0.998,0.9889184593644338,0.9988716695017396,8.920634920634921,0.9922556486853109,0.999443950177936,0.6758893280632411,328000.0,1498696.0
329000.0,51.385641925,8.972645150389506E-6,329000.0,0.9993000735096733,0.9784524655936535,0.9981,0.9894678655709402,0.9988716695017396,8.930486593843098,0.9927482362118619,0.9994440120093406,0.6911561264822118,329000.0,1511408.0
330000.0,51.620856218,9.065944913836567E-6,330000.0,0.999304214433139,0.9784329572819358,0.9981,0.9894678655709402,0.9988716695017396,8.930486593843098,0.9927482362118619,0.9994440120093406,0.6902173913043452,330000.0,1533272.0
331000.0,52.021019359,9.25004931140728E-6,331000.0,0.9999120269879657,0.9805931475587255,0.9981,0.9909940809307911,0.999304214433139,7.312551953449709,0.9938816157846811,0.9994316244174151,0.7172212230215786,331000.0,1778400.0
332000.0,52.316817431,9.389639210066752E-6,332000.0,0.9999124049600904,0.9805853203134869,0.9981,0.9909940809307911,0.999304214433139,7.312551953449709,0.9938816157846811,0.9994316244174151,0.7163669064748193,332000.0,1824152.0
333000.0,52.559777216,9.505772043180086E-6,333000.0,0.9999120269879657,0.980575740299638,0.9981,0.9909940809307911,0.999304214433139,7.312551953449709,0.9938816157846811,0.9994316244174151,0.7155125899280549,333000.0,1847664.0
334000.0,52.806163134,9.623686848294848E-6,334000.0,0.99999256067091,0.9900293970676368,0.999,0.9951057045460663,0.999304214433139,7.658008658008658,0.9975510772355436,0.9994347088750707,0.8498201438848927,334000.0,1849928.0
335000.0,53.070513316,9.752605098150902E-6,335000.0,0.9999913265306123,0.9720796813358126,0.9996,0.9896949711459203,0.999304214433139,49.0,0.9899494936611666,1.0,0.9397482014388552,335000.0,1885112.0
336000.0,53.359305389,9.89640649090561E-6,336000.0,0.9999918367346938,0.9722503902485732,0.9996,0.9896949711459203,0.999304214433139,49.0,0.9899494936611666,1.0,0.9395683453237478,336000.0,1924776.0
337000.0,53.652274704,1.0048129295987094E-5,337000.0,0.9999974489795919,0.9725549871100606,0.9996,0.9896949711459203,0.999304214433139,49.0,0.9899494936611666,1.0,0.9393884892086397,337000.0,2001848.0
338000.0,53.905538721,1.018008835557288E-5,338000.0,0.9999979591836735,0.9725913327946126,0.9996,0.9896949711459203,0.999304214433139,49.0,0.9899494936611666,1.0,0.9392086330935324,338000.0,2014040.0
339000.0,54.178786346,1.0322459546143743E-5,339000.0,0.9999979591836735,0.9726243708243762,0.9996,0.9896949711459203,0.999304214433139,49.0,0.9899494936611666,1.0,0.9390287769784241,339000.0,2014040.0
340000.0,54.469722991,1.0475388240751206E-5,340000.0,0.9999964285714286,0.9725537855757846,0.9996,0.9896949711459203,0.999304214433139,49.0,0.9899494936611666,1.0,0.9388489208633164,340000.0,2031856.0
341000.0,54.740063351,1.0619626254251429E-5,341000.0,1.0,1.0,1.0,?,0.9999964285714286,1.7976931348623157E308,?,1.0,1.0,341000.0,2062392.0
342000.0,54.96675309,1.0741889866607212E-5,342000.0,1.0,1.0,1.0,?,0.9999964285714286,1.7976931348623157E308,?,1.0,1.0,342000.0,2084816.0
343000.0,55.273579321,1.0908373435902306E-5,343000.0,1.0,1.0,1.0,?,0.9999964285714286,1.7976931348623157E308,?,1.0,1.0,343000.0,2097400.0
344000.0,55.547087391,1.1057066163719342E-5,344000.0,1.0,1.0,1.0,?,0.9999964285714286,1.7976931348623157E308,?,1.0,1.0,344000.0,2101464.0
345000.0,55.799687773,1.1194663746422103E-5,345000.0,1.0,1.0,1.0,?,0.9999964285714286,1.7976931348623157E308,?,1.0,1.0,345000.0,2105616.0
346000.0,56.041947955,1.1326732556538267E-5,346000.0,1.0,1.0,1.0,?,0.9999964285714286,1.7976931348623157E308,?,1.0,1.0,346000.0,2107272.0
347000.0,56.28325336,1.1458892640957157E-5,347000.0,1.0,1.0,1.0,?,0.9999964285714286,1.7976931348623157E308,?,1.0,1.0,347000.0,2117072.0
348000.0,56.566818019,1.161407437131243E-5,348000.0,1.0,1.0,1.0,?,0.9999964285714286,1.7976931348623157E308,?,1.0,1.0,348000.0,2115392.0
349000.0,56.850208288,1.1774018109846472E-5,349000.0,0.4826982698269827,-0.4826982698269827,0.9999,0.0,0.9999964285714286,9999.0,0.0,1.0,0.9843146067415747,349000.0,2181648.0
350000.0,57.153324864,1.19456027671046E-5,350000.0,0.4887988798879888,-0.4887988798879888,0.9999,0.0,0.9999964285714286,9999.0,0.0,1.0,0.98426966292135,350000.0,2188120.0
351000.0,57.47320146,1.212770550156543E-5,351000.0,0.4926992699269927,-0.4926992699269927,0.9999,0.0,0.4887988798879888,9999.0,0.0,1.0,0.9842247191011254,351000.0,2200576.0
352000.0,57.799395773,1.2314347958615178E-5,352000.0,0.49294929492949296,-0.49294929492949296,0.9999,0.0,0.4887988798879888,9999.0,0.0,1.0,0.9841797752809007,352000.0,2211752.0
353000.0,58.108210322,1.2491377097012734E-5,353000.0,0.494949494949495,-0.494949494949495,0.9999,0.0,0.4887988798879888,9999.0,0.0,1.0,0.984134831460676,353000.0,2215896.0
354000.0,58.350004135,1.2630721952713956E-5,354000.0,0.49524952495249525,-0.49524952495249525,0.9999,0.0,0.4887988798879888,9999.0,0.0,1.0,0.9840898876404511,354000.0,2227656.0
355000.0,58.663592006,1.2828534898899105E-5,355000.0,0.4955995599559956,-0.4955995599559956,0.9999,0.0,0.4887988798879888,9999.0,0.0,1.0,0.9840449438202264,355000.0,2256072.0
356000.0,58.977304463,1.3011632371284738E-5,356000.0,0.4954995499549955,-0.4954995499549955,0.9999,0.0,0.4887988798879888,9999.0,0.0,1.0,0.9840000000000017,356000.0,2256072.0
357000.0,59.274903207,1.3185325116331006E-5,357000.0,0.4954995499549955,-0.4954995499549955,0.9999,0.0,0.4887988798879888,9999.0,0.0,1.0,0.983955056179777,357000.0,2256072.0
358000.0,59.568986615,1.3357016052730274E-5,358000.0,0.4955995599559956,-0.4955995599559956,0.9999,0.0,0.4887988798879888,9999.0,0.0,1.0,0.9839101123595524,358000.0,2256728.0
359000.0,59.843308854,1.3518466227664165E-5,359000.0,1.0,1.0,1.0,?,0.4887988798879888,1.7976931348623157E308,?,1.0,1.0,359000.0,2274992.0
360000.0,60.138859471,1.3692624893171627E-5,360000.0,1.0,1.0,1.0,?,0.4887988798879888,1.7976931348623157E308,?,1.0,1.0,360000.0,2277800.0
361000.0,60.42998735,1.3864409348711266E-5,361000.0,1.0,1.0,1.0,?,1.0,1.7976931348623157E308,?,1.0,1.0,361000.0,2280880.0
362000.0,60.732615943,1.4053781523287828E-5,362000.0,1.0,1.0,1.0,?,1.0,1.7976931348623157E308,?,1.0,1.0,362000.0,2402672.0
363000.0,60.979914622,1.4199721802717513E-5,363000.0,1.0,1.0,1.0,?,1.0,1.7976931348623157E308,?,1.0,1.0,363000.0,2281160.0
364000.0,61.279284445,1.437662914628262E-5,364000.0,1.0,1.0,1.0,?,1.0,1.7976931348623157E308,?,1.0,1.0,364000.0,2284232.0
365000.0,61.539398544,1.4530339008608728E-5,365000.0,1.0,1.0,1.0,?,1.0,1.7976931348623157E308,?,1.0,1.0,365000.0,2284232.0
366000.0,61.820128717,1.4696463397402717E-5,366000.0,1.0,1.0,1.0,?,1.0,1.7976931348623157E308,?,1.0,1.0,366000.0,2287424.0
367000.0,62.131745009,1.4881013878324837E-5,367000.0,1.0,1.0,1.0,?,1.0,1.7976931348623157E308,?,1.0,1.0,367000.0,2289272.0
368000.0,62.435470313,1.506091743053025E-5,368000.0,1.0,1.0,1.0,?,1.0,1.7976931348623157E308,?,1.0,1.0,368000.0,2289608.0
369000.0,62.681772774,1.5207572722536587E-5,369000.0,1.0,1.0,1.0,?,1.0,1.7976931348623157E308,?,1.0,1.0,369000.0,2301608.0
370000.0,62.917745486,1.5348087652299037E-5,370000.0,1.0,1.0,1.0,?,1.0,1.7976931348623157E308,?,1.0,1.0,370000.0,2301776.0
371000.0,63.20312794,1.551827331022685E-5,371000.0,1.0,1.0,1.0,?,1.0,1.7976931348623157E308,?,1.0,1.0,371000.0,2305144.0
372000.0,63.50424694,1.5697934324635966E-5,372000.0,1.0,1.0,1.0,?,1.0,1.7976931348623157E308,?,1.0,1.0,372000.0,2306312.0
373000.0,63.688313703,1.580775675815754E-5,373000.0,1.0,1.0,1.0,?,1.0,1.7976931348623157E308,?,1.0,1.0,373000.0,2306312.0
374000.0,63.947631831,1.5962477509525445E-5,374000.0,1.0,1.0,1.0,?,1.0,1.7976931348623157E308,?,1.0,1.0,374000.0,2306312.0
375000.0,64.235357316,1.6134185466631373E-5,375000.0,1.0,1.0,1.0,?,1.0,1.7976931348623157E308,?,1.0,1.0,375000.0,2306824.0
376000.0,64.536992314,1.6314194301435252E-5,376000.0,1.0,1.0,1.0,?,1.0,1.7976931348623157E308,?,1.0,1.0,376000.0,2306824.0
377000.0,64.848503704,1.650033568114051E-5,377000.0,1.0,1.0,1.0,?,1.0,1.7976931348623157E308,?,1.0,1.0,377000.0,2309784.0
378000.0,65.126718191,1.6666775355576533E-5,378000.0,1.0,1.0,1.0,?,1.0,1.7976931348623157E308,?,1.0,1.0,378000.0,2312488.0
379000.0,65.3647424,1.6809536041723268E-5,379000.0,1.0,1.0,1.0,?,1.0,1.7976931348623157E308,?,1.0,1.0,379000.0,2318408.0
380000.0,65.63916443,1.6974146497705345E-5,380000.0,1.0,1.0,1.0,?,1.0,1.7976931348623157E308,?,1.0,1.0,380000.0,2318680.0
381000.0,65.927917137,1.7147353126798968E-5,381000.0,1.0,1.0,1.0,?,1.0,1.7976931348623157E308,?,1.0,1.0,381000.0,2318680.0
382000.0,66.179087468,1.729804217777212E-5,382000.0,1.0,1.0,1.0,?,1.0,1.7976931348623157E308,?,1.0,1.0,382000.0,2319080.0
383000.0,66.446651141,1.746085669124006E-5,383000.0,1.0,1.0,1.0,?,1.0,1.7976931348623157E308,?,1.0,1.0,383000.0,2352168.0
384000.0,66.736752172,1.7640004879378037E-5,384000.0,1.0,1.0,1.0,?,1.0,1.7976931348623157E308,?,1.0,1.0,384000.0,2387072.0
385000.0,66.979285289,1.7791536433084767E-5,385000.0,0.48734873487348734,-0.48734873487348734,0.9999,0.0,1.0,9999.0,0.0,1.0,0.9827044025157253,385000.0,2415096.0
386000.0,67.212748312,1.7938512415144184E-5,386000.0,0.48704870487048707,-0.48704870487048707,0.9999,0.0,1.0,9999.0,0.0,1.0,0.9826594788858958,386000.0,2433496.0
387000.0,67.50975943,1.8126981869056636E-5,387000.0,0.48644864486448647,-0.48644864486448647,0.9999,0.0,1.0,9999.0,0.0,1.0,0.9826145552560667,387000.0,2452848.0
388000.0,67.831421213,1.8331093489506197E-5,388000.0,0.48664866486648667,-0.48664866486648667,0.9999,0.0,1.0,9999.0,0.0,1.0,0.9825696316262373,388000.0,2452848.0
389000.0,68.093114211,1.8496929107490966E-5,389000.0,0.48654865486548654,-0.48654865486548654,0.9999,0.0,1.0,9999.0,0.0,1.0,0.9825247079964079,389000.0,2449560.0
390000.0,68.342039416,1.8655859675239988E-5,390000.0,0.4862986298629863,-0.4862986298629863,0.9999,0.0,1.0,9999.0,0.0,1.0,0.9824797843665787,390000.0,2467976.0
391000.0,68.576757843,1.8806075268847015E-5,391000.0,0.48634863486348634,-0.48634863486348634,0.9999,0.0,0.4862986298629863,9999.0,0.0,1.0,0.9824348607367495,391000.0,2473832.0
392000.0,68.897008319,1.9011516332929078E-5,392000.0,0.48644864486448647,-0.48644864486448647,0.9999,0.0,0.4862986298629863,9999.0,0.0,1.0,0.9823899371069201,392000.0,2479704.0
393000.0,69.130936482,1.9161413049394724E-5,393000.0,0.48754875487548754,-0.48754875487548754,0.9999,0.0,0.4862986298629863,9999.0,0.0,1.0,0.9823450134770907,393000.0,2476920.0
394000.0,69.379861264,1.932093786035272E-5,394000.0,0.493999399939994,-0.493999399939994,0.9999,0.0,0.4862986298629863,9999.0,0.0,1.0,0.9823000898472616,394000.0,2477208.0
395000.0,69.690842876,1.9520353773125933E-5,395000.0,1.0,1.0,1.0,?,0.4862986298629863,1.7976931348623157E308,?,1.0,1.0,395000.0,2478720.0
396000.0,69.996629268,1.9716531298565343E-5,396000.0,1.0,1.0,1.0,?,0.4862986298629863,1.7976931348623157E308,?,1.0,1.0,396000.0,2479896.0
397000.0,70.283071166,1.990029775425174E-5,397000.0,1.0,1.0,1.0,?,0.4862986298629863,1.7976931348623157E308,?,1.0,1.0,397000.0,2479888.0
398000.0,70.556576138,2.0076405306317143E-5,398000.0,1.0,1.0,1.0,?,0.4862986298629863,1.7976931348623157E308,?,1.0,1.0,398000.0,2488944.0
399000.0,70.887707295,2.0289893369427058E-5,399000.0,1.0,1.0,1.0,?,0.4862986298629863,1.7976931348623157E308,?,1.0,1.0,399000.0,2492160.0
400000.0,71.167139866,2.0470037990763535E-5,400000.0,1.0,1.0,1.0,?,0.4862986298629863,1.7976931348623157E308,?,1.0,1.0,400000.0,2491992.0
401000.0,71.475026814,2.0668795483404953E-5,401000.0,1.0,1.0,1.0,?,1.0,1.7976931348623157E308,?,1.0,1.0,401000.0,2495368.0
402000.0,71.720216436,2.08272753876584E-5,402000.0,1.0,1.0,1.0,?,1.0,1.7976931348623157E308,?,1.0,1.0,402000.0,2498472.0
403000.0,71.969834255,2.0989008043308683E-5,403000.0,1.0,1.0,1.0,?,1.0,1.7976931348623157E308,?,1.0,1.0,403000.0,2504520.0
404000.0,72.244133228,2.116695524223657E-5,404000.0,1.0,1.0,1.0,?,1.0,1.7976931348623157E308,?,1.0,1.0,404000.0,2507664.0
405000.0,72.557618585,2.1370310374615224E-5,405000.0,1.0,1.0,1.0,?,1.0,1.7976931348623157E308,?,1.0,1.0,405000.0,2507496.0
406000.0,72.883131881,2.1581974533377023E-5,406000.0,1.0,1.0,1.0,?,1.0,1.7976931348623157E308,?,1.0,1.0,406000.0,2513512.0
407000.0,73.19608453,2.1785499015297277E-5,407000.0,1.0,1.0,1.0,?,1.0,1.7976931348623157E308,?,1.0,1.0,407000.0,2513856.0
408000.0,73.488378268,2.1975740699609055E-5,408000.0,1.0,1.0,1.0,?,1.0,1.7976931348623157E308,?,1.0,1.0,408000.0,2515872.0
409000.0,73.798050868,2.2178069683421336E-5,409000.0,1.0,1.0,1.0,?,1.0,1.7976931348623157E308,?,1.0,1.0,409000.0,2525560.0
410000.0,74.108589556,2.2380964538107993E-5,410000.0,1.0,1.0,1.0,?,1.0,1.7976931348623157E308,?,1.0,1.0,410000.0,2525560.0
411000.0,74.442078184,2.2600308981944726E-5,411000.0,0.9955995599559956,2.6421473821780506E-4,0.9999,0.0,1.0,9999.0,0.0,1.0,0.9815446789402805,411000.0,2542424.0
412000.0,74.689630951,2.276510615540109E-5,412000.0,0.9970494098819764,0.01935187304693753,0.9998,0.0,1.0,4999.0,0.0,1.0,0.9630161579892318,412000.0,2573264.0
413000.0,74.942642785,2.2934171580018356E-5,413000.0,0.9970494098819764,0.019351719228044684,0.9998,0.0,1.0,4999.0,0.0,1.0,0.9629263913824102,413000.0,2582952.0
414000.0,75.149268932,2.307224369194466E-5,414000.0,0.9970994198839768,0.019351235684358592,0.9998,0.0,1.0,4999.0,0.0,1.0,0.9628366247755875,414000.0,2582992.0
415000.0,75.3642747,2.3216074996753002E-5,415000.0,0.996749349869974,0.019350648394439562,0.9998,0.0,1.0,4999.0,0.0,1.0,0.9627468581687655,415000.0,2585864.0
416000.0,75.644422868,2.3403496454178324E-5,416000.0,0.9970494098819764,0.01935309927346507,0.9998,0.0,1.0,4999.0,0.0,1.0,0.9626570915619428,416000.0,2586032.0
417000.0,75.879598276,2.3560830760637022E-5,417000.0,0.9971994398879775,0.01935372080212938,0.9998,0.0,1.0,4999.0,0.0,1.0,0.9625673249551212,417000.0,2586032.0
418000.0,76.138251943,2.37338925597124E-5,418000.0,0.9966493298659732,0.019353158192666697,0.9998,0.0,1.0,4999.0,0.0,1.0,0.9624775583482985,418000.0,2586336.0
419000.0,76.43210734,2.3930507377753353E-5,419000.0,0.9966993398679735,0.01935462090024398,0.9998,0.0,1.0,4999.0,0.0,1.0,0.962387791741476,419000.0,2586336.0
420000.0,76.672262426,2.4091758130266268E-5,420000.0,0.9961492298459692,0.0193524617674794,0.9998,0.0,1.0,4999.0,0.0,1.0,0.9622980251346542,420000.0,2595448.0
421000.0,76.965564745,2.4289456097279476E-5,421000.0,1.0,0.038440053343201996,0.9999,0.0,0.9961492298459692,9999.0,0.0,1.0,0.9811041292639161,421000.0,2605488.0
422000.0,77.217870006,2.4460343285076187E-5,422000.0,1.0,1.0,1.0,?,0.9961492298459692,1.7976931348623157E308,?,1.0,1.0,422000.0,2618096.0
423000.0,77.550997702,2.4686237210975025E-5,423000.0,1.0,1.0,1.0,?,0.9961492298459692,1.7976931348623157E308,?,1.0,1.0,423000.0,2621176.0
424000.0,77.887696421,2.4915586749003243E-5,424000.0,1.0,1.0,1.0,?,0.9961492298459692,1.7976931348623157E308,?,1.0,1.0,424000.0,2633048.0
425000.0,78.181840377,2.5115970506183667E-5,425000.0,1.0,1.0,1.0,?,0.9961492298459692,1.7976931348623157E308,?,1.0,1.0,425000.0,2633328.0
426000.0,78.457394691,2.5303690184321788E-5,426000.0,1.0,1.0,1.0,?,0.9961492298459692,1.7976931348623157E308,?,1.0,1.0,426000.0,2633328.0
427000.0,78.760422958,2.5510126323615883E-5,427000.0,1.0,1.0,1.0,?,0.9961492298459692,1.7976931348623157E308,?,1.0,1.0,427000.0,2633328.0
428000.0,79.058965491,2.5713968747538703E-5,428000.0,1.0,1.0,1.0,?,0.9961492298459692,1.7976931348623157E308,?,1.0,1.0,428000.0,2639312.0
429000.0,79.37202065,2.59277338808862E-5,429000.0,1.0,1.0,1.0,?,0.9961492298459692,1.7976931348623157E308,?,1.0,1.0,429000.0,2639480.0
430000.0,79.625480726,2.6100675817141297E-5,430000.0,1.0,1.0,1.0,?,0.9961492298459692,1.7976931348623157E308,?,1.0,1.0,430000.0,2637504.0
431000.0,79.897534007,2.6286494092085543E-5,431000.0,1.0,1.0,1.0,?,1.0,1.7976931348623157E308,?,1.0,1.0,431000.0,2640200.0
432000.0,80.180872823,2.648137638747591E-5,432000.0,1.0,1.0,1.0,?,1.0,1.7976931348623157E308,?,1.0,1.0,432000.0,2658696.0
433000.0,80.437059367,2.665758317215749E-5,433000.0,1.0,1.0,1.0,?,1.0,1.7976931348623157E308,?,1.0,1.0,433000.0,2658696.0
434000.0,80.726880031,2.6856923725101284E-5,434000.0,1.0,1.0,1.0,?,1.0,1.7976931348623157E308,?,1.0,1.0,434000.0,2658696.0
435000.0,80.993561091,2.7040561197685547E-5,435000.0,1.0,1.0,1.0,?,1.0,1.7976931348623157E308,?,1.0,1.0,435000.0,2661776.0
436000.0,81.330900792,2.727285444750978E-5,436000.0,1.0,1.0,1.0,?,1.0,1.7976931348623157E308,?,1.0,1.0,436000.0,2661776.0
437000.0,81.651838568,2.7493307292305035E-5,437000.0,1.0,1.0,1.0,?,1.0,1.7976931348623157E308,?,1.0,1.0,437000.0,2655200.0
438000.0,81.938582865,2.7690310543886813E-5,438000.0,1.0,1.0,1.0,?,1.0,1.7976931348623157E308,?,1.0,1.0,438000.0,2655712.0
439000.0,82.267882597,2.791655085146304E-5,439000.0,1.0,1.0,1.0,?,1.0,1.7976931348623157E308,?,1.0,1.0,439000.0,2655712.0
440000.0,82.607127151,2.815097022831861E-5,440000.0,1.0,1.0,1.0,?,1.0,1.7976931348623157E308,?,1.0,1.0,440000.0,2671056.0
441000.0,82.945232639,2.8384613002076682E-5,441000.0,1.0,1.0,1.0,?,1.0,1.7976931348623157E308,?,1.0,1.0,441000.0,2671176.0
442000.0,83.277273319,2.861406478038002E-5,442000.0,1.0,1.0,1.0,?,1.0,1.7976931348623157E308,?,1.0,1.0,442000.0,2671176.0
443000.0,83.533317472,2.8791000287890787E-5,443000.0,1.0,1.0,1.0,?,1.0,1.7976931348623157E308,?,1.0,1.0,443000.0,2671176.0
444000.0,83.765102509,2.895139735445287E-5,444000.0,1.0,1.0,1.0,?,1.0,1.7976931348623157E308,?,1.0,1.0,444000.0,2674936.0
445000.0,84.026392589,2.9132626911199485E-5,445000.0,1.0,1.0,1.0,?,1.0,1.7976931348623157E308,?,1.0,1.0,445000.0,2681072.0
446000.0,84.257759365,2.9293101806612174E-5,446000.0,1.0,1.0,1.0,?,1.0,1.7976931348623157E308,?,1.0,1.0,446000.0,2681072.0
447000.0,84.597763648,2.9528927160181054E-5,447000.0,1.0,1.0,1.0,?,1.0,1.7976931348623157E308,?,1.0,1.0,447000.0,2823512.0
448000.0,84.944912246,2.976970777665432E-5,448000.0,1.0,1.0,1.0,?,1.0,1.7976931348623157E308,?,1.0,1.0,448000.0,2681072.0
449000.0,85.219393552,2.996073714296785E-5,449000.0,1.0,1.0,1.0,?,1.0,1.7976931348623157E308,?,1.0,1.0,449000.0,2690232.0
450000.0,85.461401684,3.0131528381040984E-5,450000.0,1.0,1.0,1.0,?,1.0,1.7976931348623157E308,?,1.0,1.0,450000.0,2727960.0
451000.0,85.791016473,3.0366138471225785E-5,451000.0,1.0,1.0,1.0,?,1.0,1.7976931348623157E308,?,1.0,1.0,451000.0,2751328.0
452000.0,86.041441982,3.0547146928000925E-5,452000.0,0.9928985797159432,0.022449726427002714,0.9998,0.0,1.0,4999.0,0.0,1.0,0.9594618834080758,452000.0,2793976.0
453000.0,86.278049583,3.0726901273348166E-5,453000.0,0.992248449689938,0.02244886444664307,0.9998,0.0,1.0,4999.0,0.0,1.0,0.9593721973094211,453000.0,2794216.0
454000.0,86.532084652,3.0910755321641855E-5,454000.0,0.9922984596919384,0.022448947833609623,0.9998,0.0,1.0,4999.0,0.0,1.0,0.9592825112107669,454000.0,2797576.0
455000.0,86.806153098,3.1109539873842385E-5,455000.0,0.99249849969994,0.022449576776499836,0.9998,0.0,1.0,4999.0,0.0,1.0,0.9591928251121122,455000.0,2803664.0
456000.0,87.122413525,3.1339439187225825E-5,456000.0,0.9917983596719344,0.022448775942331856,0.9998,0.0,1.0,4999.0,0.0,1.0,0.9591031390134578,456000.0,2809928.0
457000.0,87.479193236,3.159936028533185E-5,457000.0,0.9917983596719344,0.0224487998024121,0.9998,0.0,1.0,4999.0,0.0,1.0,0.9590134529148032,457000.0,2816072.0
458000.0,87.847615722,3.1868870510464054E-5,458000.0,0.9913482696539307,0.02244636696623248,0.9998,0.0,1.0,4999.0,0.0,1.0,0.958923766816148,458000.0,2827688.0
459000.0,88.141861987,3.208434430265113E-5,459000.0,0.9911982396479296,0.022445688305241407,0.9998,0.0,1.0,4999.0,0.0,1.0,0.9588340807174933,459000.0,2830648.0
460000.0,88.434698042,3.229921995278411E-5,460000.0,0.99124824964993,0.02244614420026081,0.9998,0.0,1.0,4999.0,0.0,1.0,0.9587443946188389,460000.0,3055824.0
461000.0,88.799197823,3.25666866575638E-5,461000.0,0.9958991798359672,0.02246402206785114,0.9998,0.0,0.99124824964993,4999.0,0.0,1.0,0.9586547085201844,461000.0,2836448.0
462000.0,89.146255621,3.2821354589995715E-5,462000.0,1.0,1.0,1.0,?,0.99124824964993,1.7976931348623157E308,?,1.0,1.0,462000.0,2836448.0
463000.0,89.470704162,3.305968855584497E-5,463000.0,1.0,1.0,1.0,?,0.99124824964993,1.7976931348623157E308,?,1.0,1.0,463000.0,2981944.0
464000.0,89.837131015,3.332918587491529E-5,464000.0,1.0,1.0,1.0,?,0.99124824964993,1.7976931348623157E308,?,1.0,1.0,464000.0,2842952.0
465000.0,90.183295006,3.359633355497267E-5,465000.0,1.0,1.0,1.0,?,0.99124824964993,1.7976931348623157E308,?,1.0,1.0,465000.0,2842952.0
466000.0,90.458227085,3.379875850703896E-5,466000.0,1.0,1.0,1.0,?,0.99124824964993,1.7976931348623157E308,?,1.0,1.0,466000.0,2846040.0
467000.0,90.77862129,3.403465597606236E-5,467000.0,1.0,1.0,1.0,?,0.99124824964993,1.7976931348623157E308,?,1.0,1.0,467000.0,2846040.0
468000.0,91.137436639,3.4298841880036024E-5,468000.0,1.0,1.0,1.0,?,0.99124824964993,1.7976931348623157E308,?,1.0,1.0,468000.0,2846040.0
469000.0,91.427826424,3.451275309089553E-5,469000.0,1.0,1.0,1.0,?,0.99124824964993,1.7976931348623157E308,?,1.0,1.0,469000.0,2847440.0
470000.0,91.735118694,3.4739138790842975E-5,470000.0,1.0,1.0,1.0,?,0.99124824964993,1.7976931348623157E308,?,1.0,1.0,470000.0,2847736.0
471000.0,91.98507052,3.4923288377689625E-5,471000.0,1.0,1.0,1.0,?,1.0,1.7976931348623157E308,?,1.0,1.0,471000.0,2847848.0
472000.0,92.28907636,3.5147261735799715E-5,472000.0,1.0,1.0,1.0,?,1.0,1.7976931348623157E308,?,1.0,1.0,472000.0,2847848.0
473000.0,92.623361346,3.540901730467146E-5,473000.0,1.0,1.0,1.0,?,1.0,1.7976931348623157E308,?,1.0,1.0,473000.0,2847848.0
474000.0,92.908726702,3.561903658466945E-5,474000.0,1.0,1.0,1.0,?,1.0,1.7976931348623157E308,?,1.0,1.0,474000.0,2844856.0
475000.0,93.181320287,3.581970253307503E-5,475000.0,1.0,1.0,1.0,?,1.0,1.7976931348623157E308,?,1.0,1.0,475000.0,2845512.0
476000.0,93.465746266,3.602908167579327E-5,476000.0,1.0,1.0,1.0,?,1.0,1.7976931348623157E308,?,1.0,1.0,476000.0,2845552.0
477000.0,93.734721191,3.622729811707617E-5,477000.0,1.0,1.0,1.0,?,1.0,1.7976931348623157E308,?,1.0,1.0,477000.0,2848592.0
478000.0,94.076515126,3.647978066840779E-5,478000.0,1.0,1.0,1.0,?,1.0,1.7976931348623157E308,?,1.0,1.0,478000.0,2855416.0
479000.0,94.430470768,3.6741805984937136E-5,479000.0,1.0,1.0,1.0,?,1.0,1.7976931348623157E308,?,1.0,1.0,479000.0,2861520.0
480000.0,94.791080063,3.702250553927337E-5,480000.0,1.0,1.0,1.0,?,1.0,1.7976931348623157E308,?,1.0,1.0,480000.0,2868720.0
481000.0,95.146244094,3.728636699713637E-5,481000.0,1.0,1.0,1.0,?,1.0,1.7976931348623157E308,?,1.0,1.0,481000.0,2871768.0
482000.0,95.454990346,3.7515604068775824E-5,482000.0,1.0,1.0,1.0,?,1.0,1.7976931348623157E308,?,1.0,1.0,482000.0,2870024.0
483000.0,95.81364827,3.779511572610322E-5,483000.0,1.0,1.0,1.0,?,1.0,1.7976931348623157E308,?,1.0,1.0,483000.0,2870024.0
484000.0,96.183017948,3.806936431305329E-5,484000.0,1.0,1.0,1.0,?,1.0,1.7976931348623157E308,?,1.0,1.0,484000.0,2870024.0
485000.0,96.551434847,3.834293750732508E-5,485000.0,1.0,1.0,1.0,?,1.0,1.7976931348623157E308,?,1.0,1.0,485000.0,2870360.0
486000.0,96.887850601,3.858637573603289E-5,486000.0,1.0,0.9763042867433602,0.9998,0.9959603875604179,1.0,38.21568627450981,0.9960707117193528,1.0,0.9608853118712314,486000.0,2797144.0
487000.0,97.452496313,3.8806479246604506E-5,487000.0,0.9999819289728785,0.966765774198554,0.9989,0.988410077585048,1.0,18.960079840319363,0.9927803033624446,0.9995789030424255,0.8038447455144635,487000.0,1506792.0
488000.0,97.670595175,3.889213872764797E-5,488000.0,0.9999819289728785,0.9667623084608008,0.9989,0.988410077585048,1.0,18.960079840319363,0.9927803033624446,0.9995789030424255,0.8034419626510456,488000.0,1518184.0
489000.0,97.930464771,3.899809130320572E-5,489000.0,0.9999821391011009,0.9667702493072171,0.9989,0.988410077585048,1.0,18.960079840319363,0.9927803033624446,0.9995789030424255,0.8030391797876258,489000.0,1576008.0
490000.0,98.201833989,3.91128340042806E-5,490000.0,0.9999808783317669,0.9667117499996406,0.9989,0.988410077585048,1.0,18.960079840319363,0.9927803033624446,0.9995789030424255,0.8026363969242035,490000.0,1634432.0
491000.0,98.456716991,3.9220883855983466E-5,491000.0,0.9999808783317669,0.9667121067133095,0.9989,0.988410077585048,0.9999808783317669,18.960079840319363,0.9927803033624446,0.9995789030424255,0.8022336140607864,491000.0,1638648.0
492000.0,98.640430116,3.929889116726816E-5,492000.0,0.9999810884599891,0.9667240835228462,0.9989,0.988410077585048,0.9999808783317669,18.960079840319363,0.9927803033624446,0.9995789030424255,0.801830831197366,492000.0,1783776.0
493000.0,98.908403895,3.941364291236449E-5,493000.0,0.9999808783317669,0.9667141020368129,0.9989,0.988410077585048,0.9999808783317669,18.960079840319363,0.9927803033624446,0.9995789030424255,0.8014280483339439,493000.0,1655272.0
494000.0,99.143001188,3.951596707424949E-5,494000.0,0.9999806682035445,0.9666978511852089,0.9989,0.988410077585048,0.9999808783317669,18.960079840319363,0.9927803033624446,0.9995789030424255,0.8010252654705267,494000.0,1686000.0
495000.0,99.337921881,3.960881205473821E-5,495000.0,0.9999804580753221,0.9666894814600419,0.9989,0.988410077585048,0.9999808783317669,18.960079840319363,0.9927803033624446,0.9995789030424255,0.8006224826071048,495000.0,1698768.0
496000.0,99.549736335,3.970190788745492E-5,496000.0,0.9999670762547281,0.9577426353471761,0.9991,0.9812087375194696,0.9999808783317669,39.65040650406504,0.9895822571693554,0.9995899118310436,0.8365433906993757,496000.0,1698936.0
497000.0,99.795867212,3.9810492832018745E-5,497000.0,1.0,1.0,1.0,?,0.9999808783317669,1.7976931348623157E308,?,1.0,1.0,497000.0,1705320.0
498000.0,100.037443357,3.992616278333032E-5,498000.0,1.0,1.0,1.0,?,0.9999808783317669,1.7976931348623157E308,?,1.0,1.0,498000.0,1850840.0
499000.0,100.310751771,4.004696722415317E-5,499000.0,1.0,1.0,1.0,?,0.9999808783317669,1.7976931348623157E308,?,1.0,1.0,499000.0,1708568.0
500000.0,100.557877965,4.015619892046988E-5,500000.0,1.0,1.0,1.0,?,0.9999808783317669,1.7976931348623157E308,?,1.0,1.0,500000.0,1708568.0
501000.0,100.814265343,4.026952413201396E-5,501000.0,1.0,1.0,1.0,?,1.0,1.7976931348623157E308,?,1.0,1.0,501000.0,1708568.0
502000.0,101.039814168,4.036924740513897E-5,502000.0,1.0,1.0,1.0,?,1.0,1.7976931348623157E308,?,1.0,1.0,502000.0,1709064.0
503000.0,101.24582087,4.046065101781612E-5,503000.0,1.0,1.0,1.0,?,1.0,1.7976931348623157E308,?,1.0,1.0,503000.0,1715080.0
504000.0,101.503538072,4.057499818751086E-5,504000.0,1.0,1.0,1.0,?,1.0,1.7976931348623157E308,?,1.0,1.0,504000.0,1715080.0
505000.0,101.752049913,4.0685271809034916E-5,505000.0,1.0,1.0,1.0,?,1.0,1.7976931348623157E308,?,1.0,1.0,505000.0,1715248.0
506000.0,101.922848493,4.0761061267967647E-5,506000.0,1.0,1.0,1.0,?,1.0,1.7976931348623157E308,?,1.0,1.0,506000.0,1715248.0
507000.0,102.174685097,4.0873204235213803E-5,507000.0,1.0,1.0,1.0,?,1.0,1.7976931348623157E308,?,1.0,1.0,507000.0,1721296.0
508000.0,102.431071745,4.099667085026821E-5,508000.0,1.0,1.0,1.0,?,1.0,1.7976931348623157E308,?,1.0,1.0,508000.0,1861472.0
509000.0,102.679013133,4.110707927585773E-5,509000.0,1.0,1.0,1.0,?,1.0,1.7976931348623157E308,?,1.0,1.0,509000.0,1721296.0
510000.0,102.91552795,4.121239797511932E-5,510000.0,1.0,1.0,1.0,?,1.0,1.7976931348623157E308,?,1.0,1.0,510000.0,1721272.0
511000.0,103.096717191,4.1293101135353475E-5,511000.0,1.0,1.0,1.0,?,1.0,1.7976931348623157E308,?,1.0,1.0,511000.0,1721712.0
512000.0,103.346668031,4.140443127051962E-5,512000.0,1.0,1.0,1.0,?,1.0,1.7976931348623157E308,?,1.0,1.0,512000.0,1721712.0
513000.0,103.591167845,4.151374992740193E-5,513000.0,1.0,1.0,1.0,?,1.0,1.7976931348623157E308,?,1.0,1.0,513000.0,1728296.0
514000.0,103.841545791,4.1625496227113506E-5,514000.0,1.0,1.0,1.0,?,1.0,1.7976931348623157E308,?,1.0,1.0,514000.0,1725200.0
515000.0,104.168224413,4.177705733123143E-5,515000.0,1.0,1.0,1.0,?,1.0,1.7976931348623157E308,?,1.0,1.0,515000.0,1793368.0
516000.0,104.731121359,4.2078005255810983E-5,516000.0,0.9997114990127304,0.9485900935215597,0.9991,0.9767563664312342,1.0,48.504950495049506,0.9774689481279983,1.0,0.8416638254347054,516000.0,2066640.0
517000.0,105.031047022,4.2258137379502916E-5,517000.0,0.999611963645844,0.948543762540066,0.9991,0.9767563664312342,1.0,48.504950495049506,0.9774689481279983,1.0,0.8413569723832242,517000.0,2142056.0
518000.0,105.316752793,4.242233914304298E-5,518000.0,0.9995270806933725,0.9484831314305541,0.9991,0.9767563664312342,1.0,48.504950495049506,0.9774689481279983,1.0,0.8410501193317411,518000.0,2221576.0
519000.0,105.566964167,4.258251758670219E-5,519000.0,0.9994229980254609,0.9484167133154868,0.9991,0.9767563664312342,1.0,48.504950495049506,0.9774689481279983,1.0,0.8407432662802574,519000.0,2286152.0
520000.0,105.83049442,4.274000291066805E-5,520000.0,0.9993734829698524,0.9483937332560413,0.9991,0.9767563664312342,1.0,48.504950495049506,0.9774689481279983,1.0,0.8404364132287743,520000.0,2310000.0
521000.0,106.172017143,4.294712655569005E-5,521000.0,0.9993537779987429,0.9483768112819961,0.9991,0.9767563664312342,0.9993734829698524,48.504950495049506,0.9774689481279983,1.0,0.8401295601772906,521000.0,2344296.0
522000.0,106.502771264,4.3160545405580176E-5,522000.0,0.9993029367729125,0.9406662322461117,0.9989,0.9717314923510559,0.9993734829698524,48.01960784313726,0.9726656318450596,1.0,0.8043611584327087,522000.0,2494192.0
523000.0,106.841007935,4.3383966187594315E-5,523000.0,0.9992548979575497,0.9406255470904612,0.9989,0.9717314923510559,0.9993734829698524,48.01960784313726,0.9726656318450596,1.0,0.8039863713798993,523000.0,2553320.0
524000.0,107.135425083,4.3579259279736045E-5,524000.0,0.9992348817844818,0.9406050467838715,0.9989,0.9717314923510559,0.9993734829698524,48.01960784313726,0.9726656318450596,1.0,0.8036115843270869,524000.0,2564048.0
525000.0,107.459027487,4.379008004474942E-5,525000.0,0.9992799181738845,0.9406308152814081,0.9989,0.9717314923510559,0.9993734829698524,48.01960784313726,0.9726656318450596,1.0,0.8032367972742762,525000.0,2518280.0
526000.0,107.848094218,4.40524954999882E-5,526000.0,0.9995748299319728,0.13404261662874573,0.9996,0.0,0.9993734829698524,2499.0,0.0,1.0,0.9283622744296983,526000.0,2607160.0
527000.0,108.101434761,4.422570297254281E-5,527000.0,0.9995748299319728,0.13407858882106738,0.9996,0.0,0.9993734829698524,2499.0,0.0,1.0,0.9282260810350771,527000.0,2642800.0
528000.0,108.388722341,4.442456174638373E-5,528000.0,0.9995998399359743,0.13412722974085256,0.9996,0.0,0.9993734829698524,2499.0,0.0,1.0,0.9280898876404577,528000.0,2675656.0
529000.0,108.674544579,4.4624347651218155E-5,529000.0,0.999624849939976,0.13418430827930816,0.9996,0.0,0.9993734829698524,2499.0,0.0,1.0,0.9279536942458364,529000.0,2701912.0
530000.0,108.998772169,4.485334977744595E-5,530000.0,0.9996498599439776,0.13417295118925143,0.9996,0.0,0.9993734829698524,2499.0,0.0,1.0,0.9278175008512165,530000.0,2730184.0
531000.0,109.264482941,4.5041894160279555E-5,531000.0,0.9996498599439776,0.13419988193497523,0.9996,0.0,0.9996498599439776,2499.0,0.0,1.0,0.9276813074565957,531000.0,2742880.0
532000.0,109.553924354,4.524911587228121E-5,532000.0,0.999749949989998,0.09801228277587293,0.9998,0.0,0.9996498599439776,4999.0,0.0,1.0,0.9637725570309877,532000.0,2767432.0
533000.0,109.871276458,4.5478434746361145E-5,533000.0,0.9998999599839936,0.1349848590473618,0.9996,0.0,0.9996498599439776,2499.0,0.0,1.0,0.9274583191561829,533000.0,2793192.0
534000.0,110.26370891,4.576415901575528E-5,534000.0,0.9999249699879952,0.1349966351676669,0.9996,0.0,0.9996498599439776,2499.0,0.0,1.0,0.927322218441655,534000.0,2814392.0
535000.0,110.631374398,4.6032752517916255E-5,535000.0,0.9999749899959984,0.1350687355866086,0.9996,0.0,0.9996498599439776,2499.0,0.0,1.0,0.9271861177271256,535000.0,2823872.0
536000.0,110.955080946,4.627488066254601E-5,536000.0,1.0,0.18228283306356263,0.9997,0.0,0.9996498599439776,3332.3333333333335,0.0,1.0,0.9453061224489854,536000.0,2891320.0
537000.0,111.318185949,4.6552098671946465E-5,537000.0,1.0,0.18228859088391258,0.9997,0.0,0.9996498599439776,3332.3333333333335,0.0,1.0,0.9452040816326589,537000.0,2951152.0
538000.0,111.575088841,4.67494265846745E-5,538000.0,1.0,0.18229843324814088,0.9997,0.0,0.9996498599439776,3332.3333333333335,0.0,1.0,0.9451020408163325,538000.0,2969080.0
539000.0,111.848649382,4.697006632343301E-5,539000.0,1.0,0.18230550751642094,0.9997,0.0,0.9996498599439776,3332.3333333333335,0.0,1.0,0.9450000000000064,539000.0,2975248.0
540000.0,112.214045423,4.7251805784016705E-5,540000.0,1.0,0.18233478125587854,0.9997,0.0,0.9996498599439776,3332.3333333333335,0.0,1.0,0.9448979591836798,540000.0,2980480.0
541000.0,112.529031713,4.7496226249954895E-5,541000.0,1.0,0.18230137369807886,0.9997,0.0,1.0,3332.3333333333335,0.0,1.0,0.9447959183673525,541000.0,2999496.0
542000.0,112.779576632,4.769064203179869E-5,542000.0,1.0,0.18230730195382272,0.9997,0.0,1.0,3332.3333333333335,0.0,1.0,0.944693877551027,542000.0,2999496.0
543000.0,113.141265963,4.797130273867546E-5,543000.0,1.0,0.20273054845514893,0.9999,0.0,1.0,9999.0,0.0,1.0,0.9815306122448999,543000.0,2999496.0
544000.0,113.500284326,4.8249617416074835E-5,544000.0,1.0,0.2027345885673042,0.9999,0.0,1.0,9999.0,0.0,1.0,0.9814965986394577,544000.0,2996552.0
545000.0,113.897394868,4.858043012139063E-5,545000.0,1.0,0.9898824236179626,0.9997,0.995729102069336,1.0,26.3224043715847,0.9958932064677039,1.0,0.9505295007564355,545000.0,3220128.0
546000.0,114.206584001,4.8840706083640076E-5,546000.0,1.0,0.9920624487716201,0.9998,0.9971489705645469,1.0,26.397260273972602,0.9972565106055741,1.0,0.9669591527987934,546000.0,3253960.0
547000.0,114.558547059,4.9140412808420396E-5,547000.0,1.0,0.9951202545974324,0.9998,0.9982324651260952,1.0,15.583747927031508,0.998340247818645,1.0,0.9691222128140028,547000.0,3291560.0
548000.0,114.975847788,4.9502502404359165E-5,548000.0,1.0,0.9950912137434236,0.9998,0.9982324651260952,1.0,15.583747927031508,0.998340247818645,1.0,0.9690657634772827,548000.0,3354048.0
549000.0,115.367045578,4.984194262065757E-5,549000.0,1.0,0.9950832820396951,0.9998,0.9982324651260952,1.0,15.583747927031508,0.998340247818645,1.0,0.9690093141405625,549000.0,3354048.0
550000.0,115.737578737,5.016318384774804E-5,550000.0,1.0,0.9950843634490665,0.9998,0.9982324651260952,1.0,15.583747927031508,0.998340247818645,1.0,0.9689528648038421,550000.0,3351248.0
551000.0,116.128384945,5.0503161045657395E-5,551000.0,1.0,0.995113098966376,0.9998,0.9982324651260952,1.0,15.583747927031508,0.998340247818645,1.0,0.9688964154671217,551000.0,3362720.0
552000.0,116.576856313,5.0897764093218145E-5,552000.0,1.0,0.991795638851178,0.9996,0.9972857076356982,1.0,11.453300124533001,0.9975062305320137,1.0,0.9410098851188953,552000.0,3401168.0
553000.0,116.926452717,5.1218947009135955E-5,553000.0,0.9993264430349341,0.9899887769297948,0.9995,0.9966090678408881,1.0,11.437810945273633,0.996885697824662,1.0,0.926148504273512,553000.0,3408864.0
554000.0,117.277942939,5.152974402249524E-5,554000.0,0.9993254286419144,0.9899917074727529,0.9995,0.9966090678408881,1.0,11.437810945273633,0.996885697824662,1.0,0.9260149572649649,554000.0,3417952.0
555000.0,117.663692716,5.187309677035406E-5,555000.0,0.9987838549688977,0.9883817372468366,0.9997,0.9964145677546307,1.0,21.779043280182233,0.9965772860224867,1.0,0.9555288461538508,555000.0,3440624.0
556000.0,118.070145984,5.22521733998964E-5,556000.0,0.9987875478375395,0.9883775817524804,0.9997,0.9964145677546307,1.0,21.779043280182233,0.9965772860224867,1.0,0.9554487179487227,556000.0,3464936.0
557000.0,118.490286254,5.263836236402253E-5,557000.0,0.9973535222144203,0.9747814308713978,0.9997,0.9923281584204607,1.0,48.75124378109453,0.9925092578236596,1.0,0.955368589743595,557000.0,3553104.0
558000.0,118.931694246,5.305778251329728E-5,558000.0,0.9973458919682537,0.9716244376314795,0.9996,0.989795939191962,1.0,48.504950495049506,0.9900495037128094,1.0,0.9404005340454008,558000.0,3672920.0
559000.0,119.285248392,5.339658536192425E-5,559000.0,0.9973135556054075,0.9716517208120633,0.9996,0.989795939191962,1.0,48.504950495049506,0.9900495037128094,1.0,0.9402937249666283,559000.0,3704192.0
560000.0,119.653630557,5.3750169366264135E-5,560000.0,0.9973009242136706,0.9716459642664208,0.9996,0.989795939191962,1.0,48.504950495049506,0.9900495037128094,1.0,0.9401869158878566,560000.0,3710192.0
561000.0,120.047692274,5.414562419288312E-5,561000.0,0.9972855139157516,0.9716496594908541,0.9996,0.989795939191962,0.9973009242136706,48.504950495049506,0.9900495037128094,1.0,0.9400801068090857,561000.0,3735608.0
562000.0,120.442865453,5.452928624208125E-5,562000.0,0.7307961592318464,-0.061602386352511806,0.9998,0.0,0.9973009242136706,4999.0,0.0,1.0,0.9699866488651571,562000.0,3752872.0
563000.0,120.734617475,5.4814164580415716E-5,563000.0,1.0,0.33836804927199926,0.9999,0.0,0.9973009242136706,9999.0,0.0,1.0,0.9849666221628856,563000.0,3774400.0
564000.0,121.124606025,5.51970643178329E-5,564000.0,1.0,0.33835616558943804,0.9999,0.0,0.9973009242136706,9999.0,0.0,1.0,0.9849399198931926,564000.0,3795208.0
565000.0,121.507122056,5.557563645369913E-5,565000.0,1.0,0.33833799503078055,0.9999,0.0,0.9973009242136706,9999.0,0.0,1.0,0.9849132176234996,565000.0,3825616.0
566000.0,121.867513476,5.593488235388835E-5,566000.0,1.0,0.33833493302048834,0.9999,0.0,0.9973009242136706,9999.0,0.0,1.0,0.9848865153538066,566000.0,3853184.0
567000.0,122.274880251,5.6341573965994634E-5,567000.0,1.0,0.33836464835559465,0.9999,0.0,0.9973009242136706,9999.0,0.0,1.0,0.9848598130841137,567000.0,3859064.0
568000.0,122.693568958,5.6759605139182616E-5,568000.0,1.0,1.0,1.0,?,0.9973009242136706,1.7976931348623157E308,?,1.0,1.0,568000.0,3859400.0
569000.0,123.046991702,5.711288830812268E-5,569000.0,1.0,1.0,1.0,?,0.9973009242136706,1.7976931348623157E308,?,1.0,1.0,569000.0,3863944.0
570000.0,123.652232714,5.730329508871349E-5,570000.0,0.9979128865979382,0.9318171853227671,0.9979,0.9638591539600043,0.9973009242136706,32.333333333333336,0.9809894016683193,0.9989690721649485,0.7040791100123638,570000.0,1216064.0
571000.0,123.840046491,5.736352267134004E-5,571000.0,0.9979355670103093,0.9318098820424043,0.9979,0.9638591539600043,0.9979128865979382,32.333333333333336,0.9809894016683193,0.9989690721649485,0.7035599505562443,571000.0,1239568.0
572000.0,124.084193796,5.7435758738071356E-5,572000.0,0.9979262886597938,0.9317293972296833,0.9979,0.9638591539600043,0.9979128865979382,32.333333333333336,0.9809894016683193,0.9989690721649485,0.7030407911001249,572000.0,1143680.0
573000.0,124.212743075,5.7474083243034806E-5,573000.0,0.9979364261168385,0.931738850000903,0.9979,0.9638591539600043,0.9979128865979382,32.333333333333336,0.9809894016683193,0.9989690721649485,0.7025216316440058,573000.0,1152416.0
574000.0,124.378844064,5.752428303528677E-5,574000.0,0.9978592783505155,0.9316264282827775,0.9978,0.962199312714777,0.9979128865979382,32.333333333333336,0.9809387817141243,0.9988659793814433,0.6878121137206477,574000.0,1168240.0
575000.0,124.556755164,5.7578590081426386E-5,575000.0,0.9978676975945017,0.9316375755358386,0.9978,0.962199312714777,0.9979128865979382,32.333333333333336,0.9809387817141243,0.9988659793814433,0.6872682323856624,575000.0,1179928.0
576000.0,124.76402879,5.7642205310906556E-5,576000.0,0.997871821305842,0.9316433586983074,0.9978,0.962199312714777,0.9979128865979382,32.333333333333336,0.9809387817141243,0.9988659793814433,0.6867243510506834,576000.0,1186368.0
577000.0,124.989057369,5.771146585677445E-5,577000.0,0.9978745704467354,0.9316442098174436,0.9978,0.962199312714777,0.9979128865979382,32.333333333333336,0.9809387817141243,0.9988659793814433,0.6861804697156993,577000.0,1189736.0
578000.0,125.158787724,5.7763706408129714E-5,578000.0,0.9978773195876288,0.93164064125488,0.9978,0.962199312714777,0.9979128865979382,32.333333333333336,0.9809387817141243,0.9988659793814433,0.6856365883807205,578000.0,1189736.0
579000.0,125.327279493,5.7815565740606713E-5,579000.0,0.997877147766323,0.931641038418258,0.9978,0.962199312714777,0.9979128865979382,32.333333333333336,0.9809387817141243,0.9988659793814433,0.6850927070457402,579000.0,1189736.0
580000.0,125.523993067,5.7876505835804876E-5,580000.0,1.0,1.0,0.9999,0.0,0.9979128865979382,1.7976931348623157E308,?,0.9999,0.9856613102595814,580000.0,1197488.0
581000.0,125.7169268,5.793645944537426E-5,581000.0,1.0,1.0,0.9999,0.0,1.0,1.7976931348623157E308,?,0.9999,0.9856365883807185,581000.0,1201184.0
582000.0,125.888431843,5.798990571310518E-5,582000.0,1.0,1.0,0.9999,0.0,1.0,1.7976931348623157E308,?,0.9999,0.9856118665018557,582000.0,1204600.0
583000.0,126.060155371,5.805173784901662E-5,583000.0,1.0,1.0,0.9999,0.0,1.0,1.7976931348623157E308,?,0.9999,0.9855871446229929,583000.0,1204600.0
584000.0,126.240433437,5.810806058756383E-5,584000.0,1.0,1.0,1.0,?,1.0,1.7976931348623157E308,?,1.0,1.0,584000.0,1207656.0
585000.0,126.378705894,5.8151479650113545E-5,585000.0,1.0,1.0,1.0,?,1.0,1.7976931348623157E308,?,1.0,1.0,585000.0,1213800.0
586000.0,126.576909806,5.821355745472411E-5,586000.0,1.0,1.0,1.0,?,1.0,1.7976931348623157E308,?,1.0,1.0,586000.0,1210672.0
587000.0,126.787186196,5.827957478899123E-5,587000.0,1.0,1.0,1.0,?,1.0,1.7976931348623157E308,?,1.0,1.0,587000.0,1213584.0
588000.0,126.998463695,5.83460682130979E-5,588000.0,1.0,1.0,1.0,?,1.0,1.7976931348623157E308,?,1.0,1.0,588000.0,1216544.0
589000.0,127.186890892,5.840567668823796E-5,589000.0,1.0,1.0,1.0,?,1.0,1.7976931348623157E308,?,1.0,1.0,589000.0,1222832.0
590000.0,127.399337854,5.847292068953867E-5,590000.0,1.0,1.0,1.0,?,1.0,1.7976931348623157E308,?,1.0,1.0,590000.0,1223504.0
591000.0,127.599607571,5.853671071974733E-5,591000.0,1.0,1.0,1.0,?,1.0,1.7976931348623157E308,?,1.0,1.0,591000.0,1231232.0
592000.0,127.800539136,5.8600729027840254E-5,592000.0,1.0,1.0,1.0,?,1.0,1.7976931348623157E308,?,1.0,1.0,592000.0,1231568.0
593000.0,127.999677614,5.866433430596992E-5,593000.0,1.0,1.0,1.0,?,1.0,1.7976931348623157E308,?,1.0,1.0,593000.0,1234640.0
594000.0,128.198926229,5.872783208344385E-5,594000.0,1.0,1.0,1.0,?,1.0,1.7976931348623157E308,?,1.0,1.0,594000.0,1231872.0
595000.0,128.399728124,5.8791824869767875E-5,595000.0,1.0,1.0,1.0,?,1.0,1.7976931348623157E308,?,1.0,1.0,595000.0,1231872.0
596000.0,128.607622793,5.885824195411282E-5,596000.0,1.0,1.0,1.0,?,1.0,1.7976931348623157E308,?,1.0,1.0,596000.0,1234920.0
597000.0,128.810974412,5.892320764898017E-5,597000.0,1.0,1.0,1.0,?,1.0,1.7976931348623157E308,?,1.0,1.0,597000.0,1234920.0
598000.0,128.950845563,5.896789294119125E-5,598000.0,1.0,1.0,1.0,?,1.0,1.7976931348623157E308,?,1.0,1.0,598000.0,1234920.0
599000.0,129.157172231,5.903379627846165E-5,599000.0,1.0,1.0,1.0,?,1.0,1.7976931348623157E308,?,1.0,1.0,599000.0,1234680.0
600000.0,129.340382291,5.9092315879890525E-5,600000.0,1.0,1.0,1.0,?,1.0,1.7976931348623157E308,?,1.0,1.0,600000.0,1234680.0
601000.0,129.527021612,5.915193083048809E-5,601000.0,1.0,1.0,1.0,?,1.0,1.7976931348623157E308,?,1.0,1.0,601000.0,1234680.0
602000.0,129.710829909,5.9210641516351966E-5,602000.0,1.0,1.0,1.0,?,1.0,1.7976931348623157E308,?,1.0,1.0,602000.0,1234680.0
603000.0,129.903522237,5.927218987364721E-5,603000.0,1.0,1.0,1.0,?,1.0,1.7976931348623157E308,?,1.0,1.0,603000.0,1234680.0
604000.0,130.099464685,5.933477636021874E-5,604000.0,1.0,1.0,1.0,?,1.0,1.7976931348623157E308,?,1.0,1.0,604000.0,1234680.0
605000.0,130.300981238,5.939914328615546E-5,605000.0,1.0,1.0,1.0,?,1.0,1.7976931348623157E308,?,1.0,1.0,605000.0,1234680.0
606000.0,130.511596484,5.9473625206659696E-5,606000.0,1.0,1.0,1.0,?,1.0,1.7976931348623157E308,?,1.0,1.0,606000.0,1366984.0
607000.0,130.731503236,5.9544040960039754E-5,607000.0,1.0,1.0,1.0,?,1.0,1.7976931348623157E308,?,1.0,1.0,607000.0,1237752.0
608000.0,130.933973781,5.960887351217279E-5,608000.0,1.0,1.0,1.0,?,1.0,1.7976931348623157E308,?,1.0,1.0,608000.0,1237752.0
609000.0,131.141341363,5.967527413143677E-5,609000.0,1.0,1.0,1.0,?,1.0,1.7976931348623157E308,?,1.0,1.0,609000.0,1237752.0
610000.0,131.287878648,5.972219644386101E-5,610000.0,1.0,1.0,1.0,?,1.0,1.7976931348623157E308,?,1.0,1.0,610000.0,1237752.0
611000.0,131.485328799,5.978583334216168E-5,611000.0,1.0,1.0,1.0,?,1.0,1.7976931348623157E308,?,1.0,1.0,611000.0,1245816.0
612000.0,131.645954136,5.9837615804740266E-5,612000.0,1.0,1.0,1.0,?,1.0,1.7976931348623157E308,?,1.0,1.0,612000.0,1246152.0
613000.0,131.799077962,5.98869932371497E-5,613000.0,1.0,1.0,1.0,?,1.0,1.7976931348623157E308,?,1.0,1.0,613000.0,1246488.0
614000.0,131.99964868,5.995167074247377E-5,614000.0,1.0,1.0,1.0,?,1.0,1.7976931348623157E308,?,1.0,1.0,614000.0,1246488.0
615000.0,132.200675385,6.001649528871147E-5,615000.0,1.0,1.0,1.0,?,1.0,1.7976931348623157E308,?,1.0,1.0,615000.0,1246488.0
616000.0,132.411914865,6.008461312130732E-5,616000.0,1.0,1.0,1.0,?,1.0,1.7976931348623157E308,?,1.0,1.0,616000.0,1246488.0
617000.0,132.615152311,6.01501505593082E-5,617000.0,1.0,1.0,1.0,?,1.0,1.7976931348623157E308,?,1.0,1.0,617000.0,1246488.0
618000.0,132.757919632,6.019618835712912E-5,618000.0,1.0,1.0,1.0,?,1.0,1.7976931348623157E308,?,1.0,1.0,618000.0,1246488.0
619000.0,132.971438809,6.026504131754585E-5,619000.0,1.0,1.0,1.0,?,1.0,1.7976931348623157E308,?,1.0,1.0,619000.0,1246488.0
620000.0,133.152570591,6.032345040094288E-5,620000.0,1.0,1.0,1.0,?,1.0,1.7976931348623157E308,?,1.0,1.0,620000.0,1246488.0
621000.0,133.305615965,6.037280253514479E-5,621000.0,1.0,1.0,1.0,?,1.0,1.7976931348623157E308,?,1.0,1.0,621000.0,1246488.0
622000.0,133.458337895,6.042205036922133E-5,622000.0,1.0,1.0,1.0,?,1.0,1.7976931348623157E308,?,1.0,1.0,622000.0,1246488.0
623000.0,133.647941136,6.0483191221443035E-5,623000.0,1.0,1.0,1.0,?,1.0,1.7976931348623157E308,?,1.0,1.0,623000.0,1246488.0
623091.0,133.722368998,6.050719177590465E-5,623091.0,1.0,1.0,1.0,?,1.0,1.7976931348623157E308,?,1.0,1.0,623091.0,1246488.0
