learning evaluation instances,evaluation time (cpu seconds),model cost (RAM-Hours),classified instances,AUC,sAUC,Accuracy,Kappa,Periodical holdout AUC,Pos/Neg ratio,G-Mean,Recall,KappaM,model training instances,model serialized size (bytes)
1000.0,0.095733195,7.3042594038570915E-9,1000.0,1.0,1.0,0.998,0.0,0.0,1.7976931348623157E308,?,0.998,-Infinity,1000.0,294928.0
2000.0,0.17624259,1.3586935100331902E-8,2000.0,1.0,1.0,0.999,0.0,0.0,1.7976931348623157E308,?,0.999,-Infinity,2000.0,301648.0
3000.0,0.24928595,1.941397076120807E-8,3000.0,1.0,1.0,0.9993333333333333,0.0,0.0,1.7976931348623157E308,?,0.9993333333333333,-Infinity,3000.0,308368.0
4000.0,0.348266632,2.731015685877866E-8,4000.0,1.0,1.0,0.9995,0.0,0.0,1.7976931348623157E308,?,0.9995,-Infinity,4000.0,308368.0
5000.0,0.444611724,3.4996088705758254E-8,5000.0,1.0,1.0,0.9996,0.0,0.0,1.7976931348623157E308,?,0.9996,-Infinity,5000.0,308368.0
6000.0,0.545786234,4.3243176210183234E-8,6000.0,1.0,1.0,0.9996666666666667,0.0,0.0,1.7976931348623157E308,?,0.9996666666666667,-Infinity,6000.0,315088.0
7000.0,0.620220656,4.9310585793637566E-8,7000.0,1.0,1.0,0.9997142857142857,0.0,0.0,1.7976931348623157E308,?,0.9997142857142857,-Infinity,7000.0,315088.0
8000.0,0.710295304,5.6652884797470436E-8,8000.0,1.0,1.0,0.99975,0.0,0.0,1.7976931348623157E308,?,0.99975,-Infinity,8000.0,315088.0
9000.0,0.810962433,6.485861390534788E-8,9000.0,1.0,1.0,0.9997777777777778,0.0,0.0,1.7976931348623157E308,?,0.9997777777777778,-Infinity,9000.0,315088.0
10000.0,0.910412925,7.296517068414638E-8,10000.0,1.0,1.0,0.9998,0.0,0.0,1.7976931348623157E308,?,0.9998,-Infinity,10000.0,315088.0
11000.0,1.011232314,8.135858239896595E-8,11000.0,1.0,1.0,1.0,?,1.0,1.7976931348623157E308,?,1.0,?,11000.0,321808.0
12000.0,1.10742316,8.936665883825885E-8,12000.0,1.0,1.0,1.0,?,1.0,1.7976931348623157E308,?,1.0,?,12000.0,321808.0
13000.0,1.202427231,9.727593393302212E-8,13000.0,1.0,1.0,1.0,?,1.0,1.7976931348623157E308,?,1.0,?,13000.0,321808.0
14000.0,1.301471527,1.0552156567685719E-7,14000.0,1.0,1.0,1.0,?,1.0,1.7976931348623157E308,?,1.0,?,14000.0,321808.0
15000.0,1.384864975,1.124642336529783E-7,15000.0,1.0,1.0,1.0,?,1.0,1.7976931348623157E308,?,1.0,?,15000.0,321808.0
16000.0,1.458087688,1.1856016800827449E-7,16000.0,1.0,1.0,1.0,?,1.0,1.7976931348623157E308,?,1.0,?,16000.0,321808.0
17000.0,1.522386902,1.239132035840137E-7,17000.0,1.0,1.0,1.0,?,1.0,1.7976931348623157E308,?,1.0,?,17000.0,321808.0
18000.0,1.607027061,1.3095966269412388E-7,18000.0,1.0,1.0,1.0,?,1.0,1.7976931348623157E308,?,1.0,?,18000.0,321808.0
19000.0,1.706265577,1.3922146363358116E-7,19000.0,1.0,1.0,1.0,?,1.0,1.7976931348623157E308,?,1.0,?,19000.0,321808.0
20000.0,1.766212965,1.442122011663392E-7,20000.0,1.0,1.0,1.0,?,1.0,1.7976931348623157E308,?,1.0,?,20000.0,321808.0
21000.0,1.84127822,1.5059202935828102E-7,21000.0,1.0,1.0,1.0,?,1.0,1.7976931348623157E308,?,1.0,?,21000.0,328528.0
22000.0,1.905175104,1.5602265291268626E-7,22000.0,1.0,1.0,1.0,?,1.0,1.7976931348623157E308,?,1.0,?,22000.0,328528.0
23000.0,1.968567137,1.6141036896424574E-7,23000.0,1.0,1.0,1.0,?,1.0,1.7976931348623157E308,?,1.0,?,23000.0,328528.0
24000.0,2.028894524,1.6653761943889986E-7,24000.0,1.0,1.0,1.0,?,1.0,1.7976931348623157E308,?,1.0,?,24000.0,328528.0
25000.0,2.095785724,1.7222273119337026E-7,25000.0,1.0,1.0,1.0,?,1.0,1.7976931348623157E308,?,1.0,?,25000.0,328528.0
26000.0,2.156514749,1.7738411705376785E-7,26000.0,1.0,1.0,1.0,?,1.0,1.7976931348623157E308,?,1.0,?,26000.0,328528.0
27000.0,2.221127601,1.8287559103532382E-7,27000.0,1.0,1.0,1.0,?,1.0,1.7976931348623157E308,?,1.0,?,27000.0,328528.0
28000.0,2.287372872,1.8850580500726896E-7,28000.0,1.0,1.0,1.0,?,1.0,1.7976931348623157E308,?,1.0,?,28000.0,328528.0
29000.0,2.368039679,1.9536171150425654E-7,29000.0,1.0,1.0,1.0,?,1.0,1.7976931348623157E308,?,1.0,?,29000.0,328528.0
30000.0,2.433202485,2.008999263119573E-7,30000.0,1.0,1.0,1.0,?,1.0,1.7976931348623157E308,?,1.0,?,30000.0,328528.0
31000.0,2.531360344,2.0924240481427972E-7,31000.0,1.0,1.0,1.0,?,1.0,1.7976931348623157E308,?,1.0,?,31000.0,328528.0
32000.0,2.631251944,2.1773223470719322E-7,32000.0,1.0,1.0,1.0,?,1.0,1.7976931348623157E308,?,1.0,?,32000.0,328528.0
33000.0,2.702061132,2.2375033794085183E-7,33000.0,1.0,1.0,1.0,?,1.0,1.7976931348623157E308,?,1.0,?,33000.0,328528.0
34000.0,2.778268595,2.302272428802111E-7,34000.0,1.0,1.0,1.0,?,1.0,1.7976931348623157E308,?,1.0,?,34000.0,328528.0
35000.0,2.856609361,2.3688545815577522E-7,35000.0,1.0,1.0,1.0,?,1.0,1.7976931348623157E308,?,1.0,?,35000.0,328528.0
36000.0,2.924749422,2.426767111418396E-7,36000.0,1.0,1.0,1.0,?,1.0,1.7976931348623157E308,?,1.0,?,36000.0,328528.0
37000.0,2.993131713,2.4848855135941255E-7,37000.0,1.0,1.0,1.0,?,1.0,1.7976931348623157E308,?,1.0,?,37000.0,328528.0
38000.0,3.054866083,2.5373538192220444E-7,38000.0,1.0,1.0,1.0,?,1.0,1.7976931348623157E308,?,1.0,?,38000.0,328528.0
39000.0,3.119858365,2.5925910382206653E-7,39000.0,1.0,1.0,1.0,?,1.0,1.7976931348623157E308,?,1.0,?,39000.0,328528.0
40000.0,3.180998757,2.6445545194008697E-7,40000.0,1.0,1.0,1.0,?,1.0,1.7976931348623157E308,?,1.0,?,40000.0,328528.0
41000.0,3.275468659,2.724844893964918E-7,41000.0,1.0,1.0,1.0,?,1.0,1.7976931348623157E308,?,1.0,?,41000.0,328528.0
42000.0,3.375517344,2.8116160152882336E-7,42000.0,1.0,1.0,1.0,?,1.0,1.7976931348623157E308,?,1.0,?,42000.0,335248.0
43000.0,3.476580526,2.899266998673396E-7,43000.0,1.0,1.0,1.0,?,1.0,1.7976931348623157E308,?,1.0,?,43000.0,335248.0
44000.0,3.543813257,2.9575772049344665E-7,44000.0,1.0,1.0,1.0,?,1.0,1.7976931348623157E308,?,1.0,?,44000.0,335248.0
45000.0,3.644102555,3.044557007259586E-7,45000.0,1.0,1.0,1.0,?,1.0,1.7976931348623157E308,?,1.0,?,45000.0,335248.0
46000.0,3.729340942,3.1184833204318255E-7,46000.0,1.0,1.0,1.0,?,1.0,1.7976931348623157E308,?,1.0,?,46000.0,335248.0
47000.0,3.816242402,3.193851998479251E-7,47000.0,1.0,1.0,1.0,?,1.0,1.7976931348623157E308,?,1.0,?,47000.0,335248.0
48000.0,3.901735233,3.267998988127088E-7,48000.0,1.0,1.0,1.0,?,1.0,1.7976931348623157E308,?,1.0,?,48000.0,335248.0
49000.0,3.980462279,3.336278087046701E-7,49000.0,1.0,1.0,1.0,?,1.0,1.7976931348623157E308,?,1.0,?,49000.0,335248.0
50000.0,4.047948018,3.394807724356403E-7,50000.0,1.0,1.0,1.0,?,1.0,1.7976931348623157E308,?,1.0,?,50000.0,335248.0
51000.0,4.120704883,3.457908951124342E-7,51000.0,1.0,1.0,1.0,?,1.0,1.7976931348623157E308,?,1.0,?,51000.0,335248.0
52000.0,4.181574776,3.510700738147232E-7,52000.0,1.0,1.0,1.0,?,1.0,1.7976931348623157E308,?,1.0,?,52000.0,335248.0
53000.0,4.244267373,3.565073336251453E-7,53000.0,1.0,1.0,1.0,?,1.0,1.7976931348623157E308,?,1.0,?,53000.0,335248.0
54000.0,4.32093047,3.631562394961301E-7,54000.0,1.0,1.0,1.0,?,1.0,1.7976931348623157E308,?,1.0,?,54000.0,335248.0
55000.0,4.416474642,3.7144268018282955E-7,55000.0,1.0,1.0,1.0,?,1.0,1.7976931348623157E308,?,1.0,?,55000.0,335248.0
56000.0,4.476524392,3.7665072878705134E-7,56000.0,1.0,1.0,1.0,?,1.0,1.7976931348623157E308,?,1.0,?,56000.0,335248.0
57000.0,4.555898688,3.835347739578287E-7,57000.0,1.0,1.0,1.0,?,1.0,1.7976931348623157E308,?,1.0,?,57000.0,335248.0
58000.0,4.651889494,3.9185995071887146E-7,58000.0,1.0,1.0,1.0,?,1.0,1.7976931348623157E308,?,1.0,?,58000.0,335248.0
59000.0,4.723818517,3.9809827557181737E-7,59000.0,1.0,1.0,1.0,?,1.0,1.7976931348623157E308,?,1.0,?,59000.0,335248.0
60000.0,4.792849773,4.0408528028804816E-7,60000.0,1.0,1.0,1.0,?,1.0,1.7976931348623157E308,?,1.0,?,60000.0,335248.0
61000.0,4.887502702,4.1229442445207806E-7,61000.0,1.0,1.0,1.0,?,1.0,1.7976931348623157E308,?,1.0,?,61000.0,335248.0
62000.0,4.974025298,4.1979843379985133E-7,62000.0,1.0,1.0,1.0,?,1.0,1.7976931348623157E308,?,1.0,?,62000.0,335248.0
63000.0,5.035026111,4.2508896704938267E-7,63000.0,1.0,1.0,1.0,?,1.0,1.7976931348623157E308,?,1.0,?,63000.0,335248.0
64000.0,5.096571104,4.304266964302792E-7,64000.0,1.0,1.0,1.0,?,1.0,1.7976931348623157E308,?,1.0,?,64000.0,335248.0
65000.0,5.180965816,4.377461567450232E-7,65000.0,1.0,1.0,1.0,?,1.0,1.7976931348623157E308,?,1.0,?,65000.0,335248.0
66000.0,5.280178055,4.4635072483807394E-7,66000.0,1.0,1.0,1.0,?,1.0,1.7976931348623157E308,?,1.0,?,66000.0,335248.0
67000.0,5.343758382,4.5186497649254905E-7,67000.0,1.0,1.0,1.0,?,1.0,1.7976931348623157E308,?,1.0,?,67000.0,335248.0
68000.0,5.405614419,4.572296823765959E-7,68000.0,1.0,1.0,1.0,?,1.0,1.7976931348623157E308,?,1.0,?,68000.0,335248.0
69000.0,5.4659653,4.6246384774040855E-7,69000.0,1.0,1.0,1.0,?,1.0,1.7976931348623157E308,?,1.0,?,69000.0,335248.0
70000.0,5.528856969,4.6791837284588574E-7,70000.0,1.0,1.0,1.0,?,1.0,1.7976931348623157E308,?,1.0,?,70000.0,335248.0
71000.0,5.594394763,4.736023934548887E-7,71000.0,1.0,1.0,1.0,?,1.0,1.7976931348623157E308,?,1.0,?,71000.0,335248.0
72000.0,5.657301592,4.790582333704499E-7,72000.0,1.0,1.0,1.0,?,1.0,1.7976931348623157E308,?,1.0,?,72000.0,335248.0
73000.0,5.722466548,4.847099181508191E-7,73000.0,1.0,1.0,1.0,?,1.0,1.7976931348623157E308,?,1.0,?,73000.0,335248.0
74000.0,5.785380018,4.901663340329876E-7,74000.0,1.0,1.0,1.0,?,1.0,1.7976931348623157E308,?,1.0,?,74000.0,335248.0
75000.0,5.846965968,4.955076155693334E-7,75000.0,1.0,1.0,1.0,?,1.0,1.7976931348623157E308,?,1.0,?,75000.0,335248.0
76000.0,5.907776238,5.007816232345752E-7,76000.0,1.0,1.0,1.0,?,1.0,1.7976931348623157E308,?,1.0,?,76000.0,335248.0
77000.0,5.9934259,5.082099239790607E-7,77000.0,1.0,1.0,1.0,?,1.0,1.7976931348623157E308,?,1.0,?,77000.0,335248.0
78000.0,6.066301443,5.145303394679355E-7,78000.0,1.0,1.0,1.0,?,1.0,1.7976931348623157E308,?,1.0,?,78000.0,335248.0
79000.0,6.152472237,5.220038374161598E-7,79000.0,1.0,1.0,1.0,?,1.0,1.7976931348623157E308,?,1.0,?,79000.0,335248.0
80000.0,6.23150423,5.288581950251842E-7,80000.0,1.0,1.0,1.0,?,1.0,1.7976931348623157E308,?,1.0,?,80000.0,335248.0
81000.0,6.293613187,5.342448363819512E-7,81000.0,1.0,1.0,1.0,?,1.0,1.7976931348623157E308,?,1.0,?,81000.0,335248.0
82000.0,6.356191523,5.39672186461832E-7,82000.0,1.0,1.0,1.0,?,1.0,1.7976931348623157E308,?,1.0,?,82000.0,335248.0
83000.0,6.419865863,5.45305287613964E-7,83000.0,1.0,1.0,1.0,?,1.0,1.7976931348623157E308,?,1.0,?,83000.0,341968.0
84000.0,6.481269025,5.507374636303428E-7,84000.0,1.0,1.0,1.0,?,1.0,1.7976931348623157E308,?,1.0,?,84000.0,341968.0
85000.0,6.54186328,5.560980777749586E-7,85000.0,1.0,1.0,1.0,?,1.0,1.7976931348623157E308,?,1.0,?,85000.0,341968.0
86000.0,6.604293213,5.616210895173625E-7,86000.0,1.0,1.0,1.0,?,1.0,1.7976931348623157E308,?,1.0,?,86000.0,341968.0
87000.0,6.695114836,5.696558392950562E-7,87000.0,1.0,1.0,1.0,?,1.0,1.7976931348623157E308,?,1.0,?,87000.0,341968.0
88000.0,6.75656972,5.750925910205478E-7,88000.0,1.0,1.0,1.0,?,1.0,1.7976931348623157E308,?,1.0,?,88000.0,341968.0
89000.0,6.819400484,5.806510632257992E-7,89000.0,1.0,1.0,1.0,?,1.0,1.7976931348623157E308,?,1.0,?,89000.0,341968.0
90000.0,6.881952217,5.861848502934021E-7,90000.0,1.0,1.0,1.0,?,1.0,1.7976931348623157E308,?,1.0,?,90000.0,341968.0
91000.0,6.946986885,5.919382960808154E-7,91000.0,1.0,1.0,1.0,?,1.0,1.7976931348623157E308,?,1.0,?,91000.0,341968.0
92000.0,7.010157227,5.975268098573346E-7,92000.0,1.0,1.0,1.0,?,1.0,1.7976931348623157E308,?,1.0,?,92000.0,341968.0
93000.0,7.086642237,6.042932372431831E-7,93000.0,1.0,1.0,1.0,?,1.0,1.7976931348623157E308,?,1.0,?,93000.0,341968.0
94000.0,7.158964865,6.106914296565165E-7,94000.0,1.0,1.0,1.0,?,1.0,1.7976931348623157E308,?,1.0,?,94000.0,341968.0
95000.0,7.252776539,6.18990701370881E-7,95000.0,1.0,1.0,1.0,?,1.0,1.7976931348623157E308,?,1.0,?,95000.0,341968.0
96000.0,7.315500567,6.245397309233374E-7,96000.0,1.0,1.0,1.0,?,1.0,1.7976931348623157E308,?,1.0,?,96000.0,341968.0
97000.0,7.388883595,6.310317341317528E-7,97000.0,1.0,1.0,1.0,?,1.0,1.7976931348623157E308,?,1.0,?,97000.0,341968.0
98000.0,7.491284082,6.40090835510716E-7,98000.0,1.0,1.0,1.0,?,1.0,1.7976931348623157E308,?,1.0,?,98000.0,341968.0
99000.0,7.56327038,6.464592736947869E-7,99000.0,1.0,1.0,1.0,?,1.0,1.7976931348623157E308,?,1.0,?,99000.0,341968.0
100000.0,7.627125967,6.521084092916343E-7,100000.0,1.0,1.0,1.0,?,1.0,1.7976931348623157E308,?,1.0,?,100000.0,341968.0
101000.0,7.688297099,6.575200582250416E-7,101000.0,1.0,1.0,1.0,?,1.0,1.7976931348623157E308,?,1.0,?,101000.0,341968.0
102000.0,7.748667999,6.628609127410875E-7,102000.0,1.0,1.0,1.0,?,1.0,1.7976931348623157E308,?,1.0,?,102000.0,341968.0
103000.0,7.811129243,6.683866944851934E-7,103000.0,1.0,1.0,1.0,?,1.0,1.7976931348623157E308,?,1.0,?,103000.0,341968.0
104000.0,7.872701349,6.738338165322816E-7,104000.0,1.0,1.0,1.0,?,1.0,1.7976931348623157E308,?,1.0,?,104000.0,341968.0
105000.0,7.946308205,6.803456212143311E-7,105000.0,1.0,1.0,1.0,?,1.0,1.7976931348623157E308,?,1.0,?,105000.0,341968.0
106000.0,8.006298911,6.85652840968565E-7,106000.0,1.0,1.0,1.0,?,1.0,1.7976931348623157E308,?,1.0,?,106000.0,341968.0
107000.0,8.066604309,6.909879006951923E-7,107000.0,1.0,1.0,1.0,?,1.0,1.7976931348623157E308,?,1.0,?,107000.0,341968.0
108000.0,8.131132884,6.966965737678608E-7,108000.0,1.0,1.0,1.0,?,1.0,1.7976931348623157E308,?,1.0,?,108000.0,341968.0
109000.0,8.19451653,7.023039579874526E-7,109000.0,1.0,1.0,1.0,?,1.0,1.7976931348623157E308,?,1.0,?,109000.0,341968.0
110000.0,8.257972661,7.07917754764081E-7,110000.0,1.0,1.0,1.0,?,1.0,1.7976931348623157E308,?,1.0,?,110000.0,341968.0
111000.0,8.323558758,7.137199840227515E-7,111000.0,1.0,1.0,1.0,?,1.0,1.7976931348623157E308,?,1.0,?,111000.0,341968.0
112000.0,8.393987863,7.19950661443501E-7,112000.0,1.0,1.0,1.0,?,1.0,1.7976931348623157E308,?,1.0,?,112000.0,341968.0
113000.0,8.492183972,7.286378125744397E-7,113000.0,1.0,1.0,1.0,?,1.0,1.7976931348623157E308,?,1.0,?,113000.0,341968.0
114000.0,8.579255556,7.363408062787852E-7,114000.0,1.0,1.0,1.0,?,1.0,1.7976931348623157E308,?,1.0,?,114000.0,341968.0
115000.0,8.643784373,7.420495007605562E-7,115000.0,1.0,1.0,1.0,?,1.0,1.7976931348623157E308,?,1.0,?,115000.0,341968.0
116000.0,8.741830679,7.507233992146413E-7,116000.0,1.0,1.0,1.0,?,1.0,1.7976931348623157E308,?,1.0,?,116000.0,341968.0
117000.0,8.826035365,7.581727660038614E-7,117000.0,1.0,1.0,1.0,?,1.0,1.7976931348623157E308,?,1.0,?,117000.0,341968.0
118000.0,8.898987213,7.646266238533335E-7,118000.0,1.0,1.0,1.0,?,1.0,1.7976931348623157E308,?,1.0,?,118000.0,341968.0
119000.0,8.959840066,7.70010115481905E-7,119000.0,1.0,1.0,1.0,?,1.0,1.7976931348623157E308,?,1.0,?,119000.0,341968.0
120000.0,9.020719658,7.753959726393804E-7,120000.0,1.0,1.0,1.0,?,1.0,1.7976931348623157E308,?,1.0,?,120000.0,341968.0
121000.0,9.115963367,7.838219327184518E-7,121000.0,1.0,1.0,1.0,?,1.0,1.7976931348623157E308,?,1.0,?,121000.0,341968.0
122000.0,9.176996025,7.892213312217967E-7,122000.0,1.0,1.0,1.0,?,1.0,1.7976931348623157E308,?,1.0,?,122000.0,341968.0
123000.0,9.237614558,7.945840931771283E-7,123000.0,1.0,1.0,1.0,?,1.0,1.7976931348623157E308,?,1.0,?,123000.0,341968.0
124000.0,9.304345323,8.004875881988929E-7,124000.0,1.0,1.0,1.0,?,1.0,1.7976931348623157E308,?,1.0,?,124000.0,341968.0
125000.0,9.365960925,8.059385582225399E-7,125000.0,1.0,1.0,1.0,?,1.0,1.7976931348623157E308,?,1.0,?,125000.0,341968.0
126000.0,9.462341489,8.144650928691735E-7,126000.0,1.0,1.0,1.0,?,1.0,1.7976931348623157E308,?,1.0,?,126000.0,341968.0
127000.0,9.548784256,8.221124567897288E-7,127000.0,1.0,1.0,1.0,?,1.0,1.7976931348623157E308,?,1.0,?,127000.0,341968.0
128000.0,9.61184008,8.276908394604096E-7,128000.0,1.0,1.0,1.0,?,1.0,1.7976931348623157E308,?,1.0,?,128000.0,341968.0
129000.0,9.67185351,8.330000695470723E-7,129000.0,1.0,1.0,1.0,?,1.0,1.7976931348623157E308,?,1.0,?,129000.0,341968.0
130000.0,9.732197763,8.38338566673212E-7,130000.0,1.0,1.0,1.0,?,1.0,1.7976931348623157E308,?,1.0,?,130000.0,341968.0
131000.0,9.79671161,8.440459367985115E-7,131000.0,1.0,1.0,1.0,?,1.0,1.7976931348623157E308,?,1.0,?,131000.0,341968.0
132000.0,9.860750081,8.497112516611527E-7,132000.0,1.0,1.0,1.0,?,1.0,1.7976931348623157E308,?,1.0,?,132000.0,341968.0
133000.0,9.924540655,8.553546357291235E-7,133000.0,1.0,1.0,1.0,?,1.0,1.7976931348623157E308,?,1.0,?,133000.0,341968.0
134000.0,9.986539223,8.608394857461214E-7,134000.0,1.0,1.0,1.0,?,1.0,1.7976931348623157E308,?,1.0,?,134000.0,341968.0
135000.0,10.047354662,8.662196674566552E-7,135000.0,1.0,1.0,1.0,?,1.0,1.7976931348623157E308,?,1.0,?,135000.0,341968.0
136000.0,10.108559277,8.716342785428838E-7,136000.0,1.0,1.0,1.0,?,1.0,1.7976931348623157E308,?,1.0,?,136000.0,341968.0
137000.0,10.20475657,8.801445996868529E-7,137000.0,1.0,1.0,1.0,?,1.0,1.7976931348623157E308,?,1.0,?,137000.0,341968.0
138000.0,10.27974448,8.867785825788148E-7,138000.0,1.0,1.0,1.0,?,1.0,1.7976931348623157E308,?,1.0,?,138000.0,341968.0
139000.0,10.341132545,8.922094230033665E-7,139000.0,1.0,1.0,1.0,?,1.0,1.7976931348623157E308,?,1.0,?,139000.0,341968.0
140000.0,10.402089405,8.976021158572909E-7,140000.0,1.0,1.0,1.0,?,1.0,1.7976931348623157E308,?,1.0,?,140000.0,341968.0
141000.0,10.465682421,9.032280224893368E-7,141000.0,1.0,1.0,1.0,?,1.0,1.7976931348623157E308,?,1.0,?,141000.0,341968.0
142000.0,10.529040505,9.088331453061147E-7,142000.0,1.0,1.0,1.0,?,1.0,1.7976931348623157E308,?,1.0,?,142000.0,341968.0
143000.0,10.594140834,9.145923999492577E-7,143000.0,1.0,1.0,1.0,?,1.0,1.7976931348623157E308,?,1.0,?,143000.0,341968.0
144000.0,10.655098978,9.199852063952802E-7,144000.0,1.0,1.0,1.0,?,1.0,1.7976931348623157E308,?,1.0,?,144000.0,341968.0
145000.0,10.715731292,9.253491875193849E-7,145000.0,1.0,1.0,1.0,?,1.0,1.7976931348623157E308,?,1.0,?,145000.0,341968.0
146000.0,10.778772104,9.309262421179648E-7,146000.0,1.0,1.0,1.0,?,1.0,1.7976931348623157E308,?,1.0,?,146000.0,341968.0
147000.0,10.842283972,9.36544969800181E-7,147000.0,1.0,1.0,1.0,?,1.0,1.7976931348623157E308,?,1.0,?,147000.0,341968.0
148000.0,10.905471008,9.42134960450911E-7,148000.0,1.0,1.0,1.0,?,1.0,1.7976931348623157E308,?,1.0,?,148000.0,341968.0
149000.0,10.966981853,9.475766628986805E-7,149000.0,1.0,1.0,1.0,?,1.0,1.7976931348623157E308,?,1.0,?,149000.0,341968.0
150000.0,11.041197892,9.541423603962528E-7,150000.0,1.0,1.0,1.0,?,1.0,1.7976931348623157E308,?,1.0,?,150000.0,341968.0
151000.0,11.103248908,9.596318503496715E-7,151000.0,1.0,1.0,1.0,?,1.0,1.7976931348623157E308,?,1.0,?,151000.0,341968.0
152000.0,11.163286137,9.649431858711816E-7,152000.0,1.0,1.0,1.0,?,1.0,1.7976931348623157E308,?,1.0,?,152000.0,341968.0
153000.0,11.256647664,9.732026342660688E-7,153000.0,1.0,1.0,1.0,?,1.0,1.7976931348623157E308,?,1.0,?,153000.0,341968.0
154000.0,11.361643367,9.824913275691827E-7,154000.0,1.0,1.0,1.0,?,1.0,1.7976931348623157E308,?,1.0,?,154000.0,341968.0
155000.0,11.442824426,9.896732020414458E-7,155000.0,1.0,1.0,1.0,?,1.0,1.7976931348623157E308,?,1.0,?,155000.0,341968.0
156000.0,11.504986261,9.951724958599153E-7,156000.0,1.0,1.0,1.0,?,1.0,1.7976931348623157E308,?,1.0,?,156000.0,341968.0
157000.0,11.568750886,1.0008135842882016E-6,157000.0,1.0,1.0,1.0,?,1.0,1.7976931348623157E308,?,1.0,?,157000.0,341968.0
158000.0,11.633936493,1.0065803832513965E-6,158000.0,1.0,1.0,1.0,?,1.0,1.7976931348623157E308,?,1.0,?,158000.0,341968.0
159000.0,11.698095195,1.0122563346339392E-6,159000.0,1.0,1.0,1.0,?,1.0,1.7976931348623157E308,?,1.0,?,159000.0,341968.0
160000.0,11.770352524,1.0186487502167294E-6,160000.0,1.0,1.0,1.0,?,1.0,1.7976931348623157E308,?,1.0,?,160000.0,341968.0
161000.0,11.846921706,1.0254226240777228E-6,161000.0,1.0,1.0,1.0,?,1.0,1.7976931348623157E308,?,1.0,?,161000.0,341968.0
162000.0,11.91144588,1.0311309078055126E-6,162000.0,1.0,1.0,1.0,?,1.0,1.7976931348623157E308,?,1.0,?,162000.0,341968.0
163000.0,11.976345071,1.0368723682995599E-6,163000.0,1.0,1.0,1.0,?,1.0,1.7976931348623157E308,?,1.0,?,163000.0,341968.0
164000.0,12.040892997,1.042582753304231E-6,164000.0,1.0,1.0,1.0,?,1.0,1.7976931348623157E308,?,1.0,?,164000.0,341968.0
165000.0,12.105108413,1.0483753585225553E-6,165000.0,1.0,1.0,1.0,?,1.0,1.7976931348623157E308,?,1.0,?,165000.0,348688.0
166000.0,12.198540748,1.0568035003145704E-6,166000.0,1.0,1.0,1.0,?,1.0,1.7976931348623157E308,?,1.0,?,166000.0,348688.0
167000.0,12.273377277,1.0635541918993868E-6,167000.0,1.0,1.0,1.0,?,1.0,1.7976931348623157E308,?,1.0,?,167000.0,348688.0
168000.0,12.352162348,1.0706610650122334E-6,168000.0,1.0,1.0,1.0,?,1.0,1.7976931348623157E308,?,1.0,?,168000.0,348688.0
169000.0,12.457071162,1.0828471354911976E-6,169000.0,0.8322663465706378,-0.16635943221588656,0.9997,0.0,1.0,3332.3333333333335,0.0,1.0,-15.899999999988117,169000.0,449008.0
170000.0,12.567167908,1.095635829358813E-6,170000.0,0.8322663465706378,-0.16635943221588656,0.9997,0.0,1.0,3332.3333333333335,0.0,1.0,-15.999999999962252,170000.0,449008.0
171000.0,12.650012417,1.1052589390573861E-6,171000.0,0.8322663465706378,-0.16635943221588656,0.9997,0.0,0.8322663465706378,3332.3333333333335,0.0,1.0,-16.099999999982913,171000.0,449008.0
172000.0,12.726649122,1.1141609583710882E-6,172000.0,0.8322663465706378,-0.16635943221588656,0.9997,0.0,0.8322663465706378,3332.3333333333335,0.0,1.0,-16.199999999964355,172000.0,449008.0
173000.0,12.835000009,1.1267468555430864E-6,173000.0,0.8322663465706378,-0.16635943221588656,0.9997,0.0,0.8322663465706378,3332.3333333333335,0.0,1.0,-16.299999999955183,173000.0,449008.0
174000.0,12.923759819,1.1370570788610192E-6,174000.0,0.8322663465706378,-0.16635943221588656,0.9997,0.0,0.8322663465706378,3332.3333333333335,0.0,1.0,-16.399999999980682,174000.0,449008.0
175000.0,13.0284542,1.1492182410834568E-6,175000.0,0.8322663465706378,-0.16635943221588656,0.9997,0.0,0.8322663465706378,3332.3333333333335,0.0,1.0,-16.500000000029143,175000.0,449008.0
176000.0,13.106204886,1.158249658971603E-6,176000.0,0.8322663465706378,-0.16635943221588656,0.9997,0.0,0.8322663465706378,3332.3333333333335,0.0,1.0,-16.59999999994529,176000.0,449008.0
177000.0,13.193227313,1.168358070154981E-6,177000.0,0.8322663465706378,-0.16635943221588656,0.9997,0.0,0.8322663465706378,3332.3333333333335,0.0,1.0,-16.70000000001572,177000.0,449008.0
178000.0,13.282645106,1.1787447239167081E-6,178000.0,0.8322663465706378,-0.16635943221588656,0.9997,0.0,0.8322663465706378,3332.3333333333335,0.0,1.0,-16.800000000055334,178000.0,449008.0
179000.0,13.356092398,1.187276265192173E-6,179000.0,1.0,1.0,1.0,?,0.8322663465706378,1.7976931348623157E308,?,1.0,1.0,179000.0,449008.0
180000.0,13.426287366,1.1954300207700087E-6,180000.0,1.0,1.0,1.0,?,0.8322663465706378,1.7976931348623157E308,?,1.0,1.0,180000.0,449008.0
181000.0,13.499359991,1.2039180412172984E-6,181000.0,1.0,1.0,1.0,?,1.0,1.7976931348623157E308,?,1.0,1.0,181000.0,449008.0
182000.0,13.567031023,1.2117786196939195E-6,182000.0,1.0,1.0,1.0,?,1.0,1.7976931348623157E308,?,1.0,1.0,182000.0,449008.0
183000.0,13.634643804,1.2196324318106475E-6,183000.0,1.0,1.0,1.0,?,1.0,1.7976931348623157E308,?,1.0,1.0,183000.0,449008.0
184000.0,13.705463328,1.227858734995723E-6,184000.0,1.0,1.0,1.0,?,1.0,1.7976931348623157E308,?,1.0,1.0,184000.0,449008.0
185000.0,13.788004796,1.2374466438485022E-6,185000.0,1.0,1.0,1.0,?,1.0,1.7976931348623157E308,?,1.0,1.0,185000.0,449008.0
186000.0,13.87770689,1.247866321642159E-6,186000.0,1.0,1.0,1.0,?,1.0,1.7976931348623157E308,?,1.0,1.0,186000.0,449008.0
187000.0,13.946660569,1.2558758907149529E-6,187000.0,1.0,1.0,1.0,?,1.0,1.7976931348623157E308,?,1.0,1.0,187000.0,449008.0
188000.0,14.029630262,1.2655135416230646E-6,188000.0,1.0,1.0,1.0,?,1.0,1.7976931348623157E308,?,1.0,1.0,188000.0,449008.0
189000.0,14.123492529,1.2764164596655596E-6,189000.0,1.0,1.0,1.0,?,1.0,1.7976931348623157E308,?,1.0,1.0,189000.0,449008.0
190000.0,14.196338598,1.2848781636645152E-6,190000.0,1.0,1.0,1.0,?,1.0,1.7976931348623157E308,?,1.0,1.0,190000.0,449008.0
191000.0,14.268257291,1.293232144881508E-6,191000.0,1.0,1.0,1.0,?,1.0,1.7976931348623157E308,?,1.0,1.0,191000.0,449008.0
192000.0,14.340856644,1.3016651906729244E-6,192000.0,1.0,1.0,1.0,?,1.0,1.7976931348623157E308,?,1.0,1.0,192000.0,449008.0
193000.0,14.416679092,1.3108351181013555E-6,193000.0,1.0,1.0,1.0,?,1.0,1.7976931348623157E308,?,1.0,1.0,193000.0,467488.0
194000.0,14.51159874,1.322314650965979E-6,194000.0,1.0,1.0,1.0,?,1.0,1.7976931348623157E308,?,1.0,1.0,194000.0,467488.0
195000.0,14.58205886,1.3308360612348554E-6,195000.0,1.0,1.0,1.0,?,1.0,1.7976931348623157E308,?,1.0,1.0,195000.0,467488.0
196000.0,14.652324191,1.3393339138233748E-6,196000.0,1.0,1.0,1.0,?,1.0,1.7976931348623157E308,?,1.0,1.0,196000.0,467488.0
197000.0,14.725022432,1.34812600128202E-6,197000.0,1.0,1.0,1.0,?,1.0,1.7976931348623157E308,?,1.0,1.0,197000.0,467488.0
198000.0,14.793865346,1.3564518274983104E-6,198000.0,1.0,1.0,1.0,?,1.0,1.7976931348623157E308,?,1.0,1.0,198000.0,467488.0
199000.0,14.862914006,1.3648025365288392E-6,199000.0,1.0,1.0,1.0,?,1.0,1.7976931348623157E308,?,1.0,1.0,199000.0,467488.0
200000.0,14.948203838,1.3751174444545642E-6,200000.0,1.0,1.0,1.0,?,1.0,1.7976931348623157E308,?,1.0,1.0,200000.0,467488.0
201000.0,15.03641066,1.3857851316338613E-6,201000.0,1.0,1.0,1.0,?,1.0,1.7976931348623157E308,?,1.0,1.0,201000.0,467488.0
202000.0,15.131902179,1.3983877859715602E-6,202000.0,0.9990834238356017,0.6960738277710286,0.9996,0.8179882238381015,1.0,768.2307692307693,0.8320502943378437,1.0,-4.049999999999439,202000.0,510152.0
203000.0,15.211494142,1.4088945404394283E-6,203000.0,0.9988292472521971,0.6960722336335663,0.9996,0.8179882238381015,1.0,768.2307692307693,0.8320502943378437,1.0,-4.075000000002535,203000.0,510272.0
204000.0,15.287376208,1.4191995821077192E-6,204000.0,0.9983440010475156,0.6960664223117186,0.9996,0.8179882238381015,1.0,768.2307692307693,0.8320502943378437,1.0,-4.0999999999983014,204000.0,524944.0
205000.0,15.362133774,1.429411324841494E-6,205000.0,0.9977124107493588,0.6960631691267187,0.9996,0.8179882238381015,1.0,768.2307692307693,0.8320502943378437,1.0,-4.125000000000889,205000.0,528016.0
206000.0,15.481994343,1.4460690785212277E-6,206000.0,0.9973658063174434,0.6960509383806408,0.9996,0.8179882238381015,1.0,768.2307692307693,0.8320502943378437,1.0,-4.150000000002144,206000.0,537208.0
207000.0,15.597267804,1.46218118353585E-6,207000.0,0.9973658063174434,0.6960509383806408,0.9996,0.8179882238381015,1.0,768.2307692307693,0.8320502943378437,1.0,-4.174999999996553,207000.0,540288.0
208000.0,15.713630252,1.4784454994128107E-6,208000.0,0.9973658063174434,0.6960509383806408,0.9996,0.8179882238381015,1.0,768.2307692307693,0.8320502943378437,1.0,-4.1999999999988455,208000.0,540288.0
209000.0,15.794460287,1.4897433471650839E-6,209000.0,0.9973658063174434,0.6960509383806408,0.9996,0.8179882238381015,1.0,768.2307692307693,0.8320502943378437,1.0,-4.2249999999989125,209000.0,540288.0
210000.0,15.869329246,1.5002079980854153E-6,210000.0,0.9973658063174434,0.6960509383806408,0.9996,0.8179882238381015,1.0,768.2307692307693,0.8320502943378437,1.0,-4.2500000000010925,210000.0,540288.0
211000.0,15.966911119,1.5143566317199502E-6,211000.0,0.9973658063174434,0.6960509383806408,0.9996,0.8179882238381015,0.9973658063174434,768.2307692307693,0.8320502943378437,1.0,-4.274999999997511,211000.0,560464.0
212000.0,16.065873513,1.528702358262419E-6,212000.0,1.0,1.0,1.0,?,0.9973658063174434,1.7976931348623157E308,?,1.0,1.0,212000.0,560344.0
213000.0,16.174641813,1.5444695626035873E-6,213000.0,1.0,1.0,1.0,?,0.9973658063174434,1.7976931348623157E308,?,1.0,1.0,213000.0,560344.0
214000.0,16.279834491,1.559718439796857E-6,214000.0,1.0,1.0,1.0,?,0.9973658063174434,1.7976931348623157E308,?,1.0,1.0,214000.0,560344.0
215000.0,16.39023213,1.575721835390017E-6,215000.0,1.0,1.0,1.0,?,0.9973658063174434,1.7976931348623157E308,?,1.0,1.0,215000.0,560344.0
216000.0,16.470395996,1.587342501117072E-6,216000.0,1.0,1.0,1.0,?,0.9973658063174434,1.7976931348623157E308,?,1.0,1.0,216000.0,560344.0
217000.0,16.597226713,1.6057280585972926E-6,217000.0,1.0,1.0,1.0,?,0.9973658063174434,1.7976931348623157E308,?,1.0,1.0,217000.0,560344.0
218000.0,16.691450543,1.6193868762989344E-6,218000.0,1.0,1.0,1.0,?,0.9973658063174434,1.7976931348623157E308,?,1.0,1.0,218000.0,560344.0
219000.0,16.768992175,1.6306274193311568E-6,219000.0,1.0,1.0,1.0,?,0.9973658063174434,1.7976931348623157E308,?,1.0,1.0,219000.0,560344.0
220000.0,16.891429554,1.648935359812491E-6,220000.0,1.0,1.0,1.0,?,0.9973658063174434,1.7976931348623157E308,?,1.0,1.0,220000.0,578000.0
221000.0,17.005943868,1.6660585722015181E-6,221000.0,1.0,1.0,1.0,?,1.0,1.7976931348623157E308,?,1.0,1.0,221000.0,578000.0
222000.0,17.116130804,1.6825347160277314E-6,222000.0,1.0,1.0,1.0,?,1.0,1.7976931348623157E308,?,1.0,1.0,222000.0,578000.0
223000.0,17.214567677,1.697253884526533E-6,223000.0,1.0,1.0,1.0,?,1.0,1.7976931348623157E308,?,1.0,1.0,223000.0,578000.0
224000.0,17.304352862,1.71067937465472E-6,224000.0,1.0,1.0,1.0,?,1.0,1.7976931348623157E308,?,1.0,1.0,224000.0,578000.0
225000.0,17.403720595,1.7255377337309062E-6,225000.0,1.0,1.0,1.0,?,1.0,1.7976931348623157E308,?,1.0,1.0,225000.0,578000.0
226000.0,17.529693516,1.7443743403192243E-6,226000.0,1.0,1.0,1.0,?,1.0,1.7976931348623157E308,?,1.0,1.0,226000.0,578000.0
227000.0,17.629233894,1.7592585148319237E-6,227000.0,1.0,1.0,1.0,?,1.0,1.7976931348623157E308,?,1.0,1.0,227000.0,578000.0
228000.0,17.703554548,1.770371608897469E-6,228000.0,1.0,1.0,1.0,?,1.0,1.7976931348623157E308,?,1.0,1.0,228000.0,578000.0
229000.0,17.797299786,1.784389241843634E-6,229000.0,1.0,1.0,1.0,?,1.0,1.7976931348623157E308,?,1.0,1.0,229000.0,578000.0
230000.0,17.886617305,1.7977448023362548E-6,230000.0,1.0,1.0,1.0,?,1.0,1.7976931348623157E308,?,1.0,1.0,230000.0,578000.0
231000.0,17.965780858,1.8095820503111149E-6,231000.0,1.0,1.0,1.0,?,1.0,1.7976931348623157E308,?,1.0,1.0,231000.0,578000.0
232000.0,18.078964976,1.8265063598046748E-6,232000.0,1.0,1.0,1.0,?,1.0,1.7976931348623157E308,?,1.0,1.0,232000.0,578000.0
233000.0,18.175537855,1.8409468071197312E-6,233000.0,1.0,1.0,1.0,?,1.0,1.7976931348623157E308,?,1.0,1.0,233000.0,578000.0
234000.0,18.251699364,1.8523351624171816E-6,234000.0,1.0,1.0,1.0,?,1.0,1.7976931348623157E308,?,1.0,1.0,234000.0,578000.0
235000.0,18.327423193,1.8636580718560607E-6,235000.0,1.0,1.0,1.0,?,1.0,1.7976931348623157E308,?,1.0,1.0,235000.0,578000.0
236000.0,18.404564005,1.8751928613648903E-6,236000.0,1.0,1.0,1.0,?,1.0,1.7976931348623157E308,?,1.0,1.0,236000.0,578000.0
237000.0,18.483414975,1.8869833691121645E-6,237000.0,1.0,1.0,1.0,?,1.0,1.7976931348623157E308,?,1.0,1.0,237000.0,578000.0
238000.0,18.578400537,1.9011864664823073E-6,238000.0,1.0,1.0,1.0,?,1.0,1.7976931348623157E308,?,1.0,1.0,238000.0,578000.0
239000.0,18.655025832,1.912644171242752E-6,239000.0,1.0,1.0,1.0,?,1.0,1.7976931348623157E308,?,1.0,1.0,239000.0,578000.0
240000.0,18.734635951,1.9245481937909964E-6,240000.0,1.0,1.0,1.0,?,1.0,1.7976931348623157E308,?,1.0,1.0,240000.0,578000.0
241000.0,18.814998972,1.936564797032464E-6,241000.0,1.0,1.0,1.0,?,1.0,1.7976931348623157E308,?,1.0,1.0,241000.0,578000.0
242000.0,18.893344747,1.9482797634698297E-6,242000.0,1.0,1.0,1.0,?,1.0,1.7976931348623157E308,?,1.0,1.0,242000.0,578000.0
243000.0,18.967833939,1.9594180588562304E-6,243000.0,1.0,1.0,1.0,?,1.0,1.7976931348623157E308,?,1.0,1.0,243000.0,578000.0
244000.0,19.044231884,1.9708417681954856E-6,244000.0,1.0,1.0,1.0,?,1.0,1.7976931348623157E308,?,1.0,1.0,244000.0,578000.0
245000.0,19.120704846,1.9822766947527366E-6,245000.0,1.0,1.0,1.0,?,1.0,1.7976931348623157E308,?,1.0,1.0,245000.0,578000.0
246000.0,19.201227366,1.9943153145737585E-6,246000.0,1.0,1.0,1.0,?,1.0,1.7976931348623157E308,?,1.0,1.0,246000.0,577912.0
247000.0,19.280398275,2.0061518601058124E-6,247000.0,1.0,1.0,1.0,?,1.0,1.7976931348623157E308,?,1.0,1.0,247000.0,577912.0
248000.0,19.354331839,2.017205389838975E-6,248000.0,1.0,1.0,1.0,?,1.0,1.7976931348623157E308,?,1.0,1.0,248000.0,577912.0
249000.0,19.431768439,2.0287826453400765E-6,249000.0,1.0,1.0,1.0,?,1.0,1.7976931348623157E308,?,1.0,1.0,249000.0,577912.0
250000.0,19.51536787,2.0412812825792332E-6,250000.0,1.0,1.0,1.0,?,1.0,1.7976931348623157E308,?,1.0,1.0,250000.0,577912.0
251000.0,19.59486454,2.053166531416046E-6,251000.0,1.0,1.0,1.0,?,1.0,1.7976931348623157E308,?,1.0,1.0,251000.0,577912.0
252000.0,19.675414457,2.0652092472597362E-6,252000.0,1.0,1.0,1.0,?,1.0,1.7976931348623157E308,?,1.0,1.0,252000.0,577912.0
253000.0,19.751649649,2.076606884758794E-6,253000.0,1.0,1.0,1.0,?,1.0,1.7976931348623157E308,?,1.0,1.0,253000.0,577912.0
254000.0,19.829726631,2.0882798813698135E-6,254000.0,1.0,1.0,1.0,?,1.0,1.7976931348623157E308,?,1.0,1.0,254000.0,577912.0
255000.0,19.907330089,2.0998820831843948E-6,255000.0,1.0,1.0,1.0,?,1.0,1.7976931348623157E308,?,1.0,1.0,255000.0,577912.0
256000.0,19.985817613,2.1116164583893603E-6,256000.0,1.0,1.0,1.0,?,1.0,1.7976931348623157E308,?,1.0,1.0,256000.0,577912.0
257000.0,20.098698016,2.1284927838814185E-6,257000.0,1.0,1.0,1.0,?,1.0,1.7976931348623157E308,?,1.0,1.0,257000.0,577912.0
258000.0,20.177708815,2.140305391968152E-6,258000.0,1.0,1.0,1.0,?,1.0,1.7976931348623157E308,?,1.0,1.0,258000.0,577912.0
259000.0,20.255919083,2.151998315668904E-6,259000.0,1.0,1.0,1.0,?,1.0,1.7976931348623157E308,?,1.0,1.0,259000.0,577912.0
260000.0,20.35953344,2.1674893093924317E-6,260000.0,1.0,1.0,1.0,?,1.0,1.7976931348623157E308,?,1.0,1.0,260000.0,577912.0
261000.0,20.440906102,2.179655030753891E-6,261000.0,1.0,1.0,1.0,?,1.0,1.7976931348623157E308,?,1.0,1.0,261000.0,577912.0
262000.0,20.52482539,2.19220148861292E-6,262000.0,1.0,1.0,1.0,?,1.0,1.7976931348623157E308,?,1.0,1.0,262000.0,577912.0
263000.0,20.648896125,2.210750838652881E-6,263000.0,1.0,1.0,1.0,?,1.0,1.7976931348623157E308,?,1.0,1.0,263000.0,577912.0
264000.0,20.76726694,2.228448015041418E-6,264000.0,1.0,1.0,1.0,?,1.0,1.7976931348623157E308,?,1.0,1.0,264000.0,577912.0
265000.0,20.889887975,2.24678062587408E-6,265000.0,1.0,1.0,1.0,?,1.0,1.7976931348623157E308,?,1.0,1.0,265000.0,577912.0
266000.0,21.018590888,2.266022515465527E-6,266000.0,1.0,1.0,1.0,?,1.0,1.7976931348623157E308,?,1.0,1.0,266000.0,577912.0
267000.0,21.106633414,2.2791854231663343E-6,267000.0,1.0,1.0,1.0,?,1.0,1.7976931348623157E308,?,1.0,1.0,267000.0,577912.0
268000.0,21.186139114,2.2910733384081767E-6,268000.0,1.0,1.0,1.0,?,1.0,1.7976931348623157E308,?,1.0,1.0,268000.0,577976.0
269000.0,21.276239863,2.3045454550908616E-6,269000.0,1.0,1.0,1.0,?,1.0,1.7976931348623157E308,?,1.0,1.0,269000.0,577976.0
270000.0,21.352986416,2.3160208149350937E-6,270000.0,1.0,1.0,1.0,?,1.0,1.7976931348623157E308,?,1.0,1.0,270000.0,577976.0
271000.0,21.433458587,2.3280532396313742E-6,271000.0,1.0,1.0,1.0,?,1.0,1.7976931348623157E308,?,1.0,1.0,271000.0,577976.0
272000.0,21.528438864,2.342254957025507E-6,272000.0,1.0,1.0,1.0,?,1.0,1.7976931348623157E308,?,1.0,1.0,272000.0,577976.0
273000.0,21.607385972,2.3540593500249093E-6,273000.0,1.0,1.0,1.0,?,1.0,1.7976931348623157E308,?,1.0,1.0,273000.0,577976.0
274000.0,21.699103584,2.3677732245979297E-6,274000.0,1.0,1.0,1.0,?,1.0,1.7976931348623157E308,?,1.0,1.0,274000.0,577976.0
275000.0,21.791999155,2.381663230904277E-6,275000.0,1.0,1.0,1.0,?,1.0,1.7976931348623157E308,?,1.0,1.0,275000.0,577976.0
276000.0,21.87027694,2.393367544851568E-6,276000.0,1.0,1.0,1.0,?,1.0,1.7976931348623157E308,?,1.0,1.0,276000.0,577976.0
277000.0,21.95070476,2.405393338061944E-6,277000.0,1.0,1.0,1.0,?,1.0,1.7976931348623157E308,?,1.0,1.0,277000.0,577976.0
278000.0,22.029212863,2.417132089802534E-6,278000.0,1.0,1.0,1.0,?,1.0,1.7976931348623157E308,?,1.0,1.0,278000.0,577976.0
279000.0,22.131119502,2.432369456268247E-6,279000.0,1.0,1.0,1.0,?,1.0,1.7976931348623157E308,?,1.0,1.0,279000.0,577976.0
280000.0,22.211416768,2.444431898762617E-6,280000.0,1.0,1.0,1.0,?,1.0,1.7976931348623157E308,?,1.0,1.0,280000.0,580680.0
281000.0,22.298897887,2.457573516402259E-6,281000.0,1.0,1.0,1.0,?,1.0,1.7976931348623157E308,?,1.0,1.0,281000.0,580680.0
282000.0,22.377962374,2.4694507679612893E-6,282000.0,1.0,1.0,1.0,?,1.0,1.7976931348623157E308,?,1.0,1.0,282000.0,580680.0
283000.0,22.457688743,2.4814274489773952E-6,283000.0,1.0,1.0,1.0,?,1.0,1.7976931348623157E308,?,1.0,1.0,283000.0,580680.0
284000.0,22.535378927,2.493098249535873E-6,284000.0,1.0,1.0,1.0,?,1.0,1.7976931348623157E308,?,1.0,1.0,284000.0,580680.0
285000.0,22.613676399,2.5048602783134725E-6,285000.0,1.0,1.0,1.0,?,1.0,1.7976931348623157E308,?,1.0,1.0,285000.0,580680.0
286000.0,22.693268366,2.5168167691478093E-6,286000.0,1.0,1.0,1.0,?,1.0,1.7976931348623157E308,?,1.0,1.0,286000.0,580680.0
287000.0,22.776198392,2.5292747109870945E-6,287000.0,1.0,1.0,1.0,?,1.0,1.7976931348623157E308,?,1.0,1.0,287000.0,580680.0
288000.0,22.878882745,2.5447001938812956E-6,288000.0,1.0,1.0,1.0,?,1.0,1.7976931348623157E308,?,1.0,1.0,288000.0,580680.0
289000.0,22.958562373,2.5566698533554153E-6,289000.0,1.0,1.0,1.0,?,1.0,1.7976931348623157E308,?,1.0,1.0,289000.0,580680.0
290000.0,23.035193496,2.568181559301499E-6,290000.0,1.0,1.0,1.0,?,1.0,1.7976931348623157E308,?,1.0,1.0,290000.0,580680.0
291000.0,23.112557815,2.5798034076599924E-6,291000.0,1.0,1.0,1.0,?,1.0,1.7976931348623157E308,?,1.0,1.0,291000.0,580680.0
292000.0,23.189049256,2.591294130250398E-6,292000.0,1.0,1.0,1.0,?,1.0,1.7976931348623157E308,?,1.0,1.0,292000.0,580680.0
293000.0,23.265601655,2.6027940100936738E-6,293000.0,1.0,1.0,1.0,?,1.0,1.7976931348623157E308,?,1.0,1.0,293000.0,580680.0
294000.0,23.34106986,2.614131019786704E-6,294000.0,1.0,1.0,1.0,?,1.0,1.7976931348623157E308,?,1.0,1.0,294000.0,580680.0
295000.0,23.447138287,2.6300648661664274E-6,295000.0,1.0,1.0,1.0,?,1.0,1.7976931348623157E308,?,1.0,1.0,295000.0,580680.0
296000.0,23.525914278,2.641898779183771E-6,296000.0,1.0,1.0,1.0,?,1.0,1.7976931348623157E308,?,1.0,1.0,296000.0,580680.0
297000.0,23.603697491,2.653583554775506E-6,297000.0,1.0,1.0,1.0,?,1.0,1.7976931348623157E308,?,1.0,1.0,297000.0,580680.0
298000.0,23.677547742,2.6646775116467435E-6,298000.0,1.0,1.0,1.0,?,1.0,1.7976931348623157E308,?,1.0,1.0,298000.0,580680.0
299000.0,23.77282092,2.6789896705548795E-6,299000.0,1.0,1.0,1.0,?,1.0,1.7976931348623157E308,?,1.0,1.0,299000.0,580680.0
300000.0,23.873888476,2.694172274434525E-6,300000.0,1.0,1.0,1.0,?,1.0,1.7976931348623157E308,?,1.0,1.0,300000.0,580680.0
301000.0,23.982919988,2.7105512423507452E-6,301000.0,1.0,1.0,1.0,?,1.0,1.7976931348623157E308,?,1.0,1.0,301000.0,580680.0
302000.0,24.103707208,2.728696180128637E-6,302000.0,1.0,1.0,1.0,?,1.0,1.7976931348623157E308,?,1.0,1.0,302000.0,580680.0
303000.0,24.189569453,2.741594606741942E-6,303000.0,1.0,1.0,1.0,?,1.0,1.7976931348623157E308,?,1.0,1.0,303000.0,580680.0
304000.0,24.26649687,2.753150822663452E-6,304000.0,1.0,1.0,1.0,?,1.0,1.7976931348623157E308,?,1.0,1.0,304000.0,580680.0
305000.0,24.360138974,2.767217957832809E-6,305000.0,1.0,1.0,1.0,?,1.0,1.7976931348623157E308,?,1.0,1.0,305000.0,580680.0
306000.0,24.450922885,2.7808557285864423E-6,306000.0,1.0,1.0,1.0,?,1.0,1.7976931348623157E308,?,1.0,1.0,306000.0,580680.0
307000.0,24.529646695,2.792681802852317E-6,307000.0,1.0,1.0,1.0,?,1.0,1.7976931348623157E308,?,1.0,1.0,307000.0,580680.0
308000.0,24.609273886,2.804643585118051E-6,308000.0,1.0,1.0,1.0,?,1.0,1.7976931348623157E308,?,1.0,1.0,308000.0,580680.0
309000.0,24.685673075,2.8161204493979505E-6,309000.0,1.0,1.0,1.0,?,1.0,1.7976931348623157E308,?,1.0,1.0,309000.0,580680.0
310000.0,24.764235485,2.827922277779556E-6,310000.0,1.0,1.0,1.0,?,1.0,1.7976931348623157E308,?,1.0,1.0,310000.0,580680.0
311000.0,24.877932338,2.845002084097038E-6,311000.0,1.0,1.0,1.0,?,1.0,1.7976931348623157E308,?,1.0,1.0,311000.0,580680.0
312000.0,25.004705025,2.8674960689520415E-6,312000.0,1.0,1.0,1.0,?,1.0,1.7976931348623157E308,?,1.0,1.0,312000.0,685872.0
313000.0,25.261439957,2.8923000867599655E-6,313000.0,0.9992255735640891,0.9774507086094949,0.9991,0.9934694967449068,1.0,12.35113484646195,0.9939738319685203,1.0,0.6317647058823505,313000.0,373456.0
314000.0,25.438217831,2.910765432027284E-6,314000.0,0.9993320555555556,0.9823381718040125,0.9985,0.9916555407209616,1.0,9.0,0.9951579439130922,0.9993333333333333,0.5364173228346694,314000.0,403768.0
315000.0,25.543236255,2.921917710149805E-6,315000.0,0.9993320555555556,0.9823381718040125,0.9985,0.9916555407209616,1.0,9.0,0.9951579439130922,0.9993333333333333,0.5349409448819026,315000.0,410488.0
316000.0,25.674106933,2.9388407329831847E-6,316000.0,0.9993303888888889,0.9822705916985958,0.9985,0.9916555407209616,1.0,9.0,0.9951579439130922,0.9993333333333333,0.5334645669291526,316000.0,499848.0
317000.0,25.78203141,2.9527965588141743E-6,317000.0,0.9993303888888889,0.9822705916985958,0.9985,0.9916555407209616,1.0,9.0,0.9951579439130922,0.9993333333333333,0.5319881889764029,317000.0,499848.0
318000.0,25.892666887,2.9672760495542935E-6,318000.0,0.9993303888888889,0.9822705916985958,0.9985,0.9916555407209616,1.0,9.0,0.9951579439130922,0.9993333333333333,0.5305118110236409,318000.0,505896.0
319000.0,25.973381459,2.977876706703921E-6,319000.0,0.9988161632788813,0.9808031856064005,0.9984,0.9911032058152114,1.0,8.99000999000999,0.9946607009466901,0.9993332592510279,0.4981317600786514,319000.0,507672.0
320000.0,26.054068847,2.988647464362974E-6,320000.0,0.9988126108806185,0.9808042498212003,0.9984,0.9911032058152114,1.0,8.99000999000999,0.9946607009466901,0.9993332592510279,0.4965585054080535,320000.0,515992.0
321000.0,26.151240888,3.0026540201460748E-6,321000.0,0.9982762673569341,0.9765376908399409,0.998,0.9888987751463557,0.9988126108806185,8.950248756218905,0.9926791559005741,0.9993329627570873,0.371204701273259,321000.0,557176.0
322000.0,26.238759665,3.015324381249159E-6,322000.0,0.9983871636813155,0.9766675352261504,0.998,0.9888987751463557,0.9988126108806185,8.950248756218905,0.9926791559005741,0.9993329627570873,0.3692458374142965,322000.0,559616.0
323000.0,26.312532857,3.0262354535842534E-6,323000.0,0.9959428157712439,0.9763513966217803,0.9989,0.9779930281913312,0.9988126108806185,38.0625,0.9898813126253951,0.999384236453202,0.6520078354554407,323000.0,571704.0
324000.0,26.454173023,3.051952564191571E-6,324000.0,0.9800926040087937,0.6929440068081504,0.9985,0.834431969199939,0.9988126108806185,187.67924528301887,0.8467473838610141,1.0,0.5453695042095533,324000.0,701840.0
325000.0,26.651993543,3.0914164591793396E-6,325000.0,0.9989074282960515,0.9765997055492373,0.9982,0.9900089342330324,0.9988126108806185,8.920634920634921,0.991921415573441,0.9997775800711743,0.7109683794466346,325000.0,771136.0
326000.0,26.806291644,3.1186504111063637E-6,326000.0,0.9988201593656443,0.9760325587688435,0.9982,0.9900089342330324,0.9988126108806185,8.920634920634921,0.991921415573441,0.9997775800711743,0.710079051383396,326000.0,682264.0
327000.0,26.909591603,3.138123704003248E-6,327000.0,0.9987895986908999,0.9759306287838779,0.9982,0.9900089342330324,0.9988126108806185,8.920634920634921,0.991921415573441,0.9997775800711743,0.7091897233201526,327000.0,728688.0
328000.0,27.044491426,3.1647762452277243E-6,328000.0,0.9987827583954697,0.9759228520425665,0.9982,0.9900089342330324,0.9988126108806185,8.920634920634921,0.991921415573441,0.9997775800711743,0.7083003952569134,328000.0,763712.0
329000.0,27.177251387,3.191110691693621E-6,329000.0,0.9993195634561185,0.9773432449664736,0.9983,0.9905597952563969,0.9988126108806185,8.930486593843098,0.9924138187529152,0.9997776048037362,0.7236660079051331,329000.0,766760.0
330000.0,27.301039366,3.215934701722195E-6,330000.0,0.9993195082438057,0.9773337790449882,0.9983,0.9905597952563969,0.9988126108806185,8.930486593843098,0.9924138187529152,0.9997776048037362,0.7228260869565156,330000.0,775168.0
331000.0,27.457025078,3.252957368155781E-6,331000.0,0.9999039950803148,0.9794171199917873,0.9984,0.9924078697365064,0.9993195082438057,7.312551953449709,0.9940511671121409,0.999772649766966,0.7618705035971136,331000.0,917456.0
332000.0,27.562741027,3.2797156446585877E-6,332000.0,0.9999029556569717,0.9794045444807102,0.9984,0.9924078697365064,0.9993195082438057,7.312551953449709,0.9940511671121409,0.999772649766966,0.7611510791366847,332000.0,978408.0
333000.0,27.668886972,3.3067044623954563E-6,333000.0,0.9999033336290966,0.9794148617322062,0.9984,0.9924078697365064,0.9993195082438057,7.312551953449709,0.9940511671121409,0.999772649766966,0.7604316546762515,333000.0,982840.0
334000.0,27.756490089,3.3289861692873046E-6,334000.0,0.9999895262077286,0.9877909159071115,0.9994,0.9970612105755274,0.9993195082438057,7.658008658008658,0.9981540277803308,0.9997738835500283,0.909892086330929,334000.0,983176.0
335000.0,27.846585329,3.3519436973786094E-6,335000.0,0.9999826530612245,0.9707600172834827,0.9997,0.9922902960526324,0.9993195082438057,49.0,0.9924716620639604,1.0,0.9548111510791414,335000.0,984976.0
336000.0,27.975322541,3.3848814912599064E-6,336000.0,0.9999964285714286,0.9713651086838514,0.9997,0.9922902960526324,0.9993195082438057,49.0,0.9924716620639604,1.0,0.9546762589928108,336000.0,988992.0
337000.0,28.098786494,3.4174444105902986E-6,337000.0,0.9999964285714286,0.9714470247240758,0.9997,0.9922902960526324,0.9993195082438057,49.0,0.9924716620639604,1.0,0.9545413669064798,337000.0,1019496.0
338000.0,28.20083238,3.4443554791568103E-6,338000.0,0.9999964285714286,0.9714578485733845,0.9997,0.9922902960526324,0.9993195082438057,49.0,0.9924716620639604,1.0,0.9544064748201493,338000.0,1019384.0
339000.0,28.338903851,3.4807670481950777E-6,339000.0,0.9999964285714286,0.9714607990342545,0.9997,0.9922902960526324,0.9993195082438057,49.0,0.9924716620639604,1.0,0.9542715827338181,339000.0,1019384.0
340000.0,28.466904643,3.5146475975581413E-6,340000.0,0.9999969387755102,0.9714528216257171,0.9997,0.9922902960526324,0.9993195082438057,49.0,0.9924716620639604,1.0,0.9541366906474873,340000.0,1023152.0
341000.0,28.577317649,3.5439761202818808E-6,341000.0,1.0,1.0,1.0,?,0.9999969387755102,1.7976931348623157E308,?,1.0,1.0,341000.0,1026768.0
342000.0,28.743081666,3.588577465348557E-6,342000.0,1.0,1.0,1.0,?,0.9999969387755102,1.7976931348623157E308,?,1.0,1.0,342000.0,1040064.0
343000.0,28.901213003,3.631259628849101E-6,343000.0,1.0,1.0,1.0,?,0.9999969387755102,1.7976931348623157E308,?,1.0,1.0,343000.0,1043352.0
344000.0,29.055940938,3.673038530845906E-6,344000.0,1.0,1.0,1.0,?,0.9999969387755102,1.7976931348623157E308,?,1.0,1.0,344000.0,1043736.0
345000.0,29.161224466,3.701518548046101E-6,345000.0,1.0,1.0,1.0,?,0.9999969387755102,1.7976931348623157E308,?,1.0,1.0,345000.0,1045640.0
346000.0,29.254273133,3.726753644602436E-6,346000.0,1.0,1.0,1.0,?,0.9999969387755102,1.7976931348623157E308,?,1.0,1.0,346000.0,1048328.0
347000.0,29.350028557,3.752872841539653E-6,347000.0,1.0,1.0,1.0,?,0.9999969387755102,1.7976931348623157E308,?,1.0,1.0,347000.0,1054384.0
348000.0,29.448537909,3.7796747249536763E-6,348000.0,1.0,1.0,1.0,?,0.9999969387755102,1.7976931348623157E308,?,1.0,1.0,348000.0,1051696.0
349000.0,29.596199182,3.821117224411493E-6,349000.0,0.4963496349634963,-0.4963496349634963,0.9999,0.0,0.9999969387755102,9999.0,0.0,1.0,0.9843146067415747,349000.0,1084880.0
350000.0,29.748340548,3.864300117961525E-6,350000.0,0.4961496149614962,-0.4961496149614962,0.9999,0.0,0.9999969387755102,9999.0,0.0,1.0,0.98426966292135,350000.0,1097152.0
351000.0,29.91809044,3.913509561342423E-6,351000.0,0.49504950495049505,-0.49504950495049505,0.9999,0.0,0.4961496149614962,9999.0,0.0,1.0,0.9842247191011254,351000.0,1120576.0
352000.0,30.068866173,3.958190225669291E-6,352000.0,0.494999499949995,-0.494999499949995,0.9999,0.0,0.4961496149614962,9999.0,0.0,1.0,0.9841797752809007,352000.0,1145488.0
353000.0,30.186442725,3.99297818483397E-6,353000.0,0.49464946494649464,-0.49464946494649464,0.9999,0.0,0.4961496149614962,9999.0,0.0,1.0,0.984134831460676,353000.0,1143696.0
354000.0,30.296670033,4.025568873920834E-6,354000.0,0.49434943494349437,-0.49434943494349437,0.9999,0.0,0.4961496149614962,9999.0,0.0,1.0,0.9840898876404511,354000.0,1142896.0
355000.0,30.403480582,4.057485783475634E-6,355000.0,0.4936993699369937,-0.4936993699369937,0.9999,0.0,0.4961496149614962,9999.0,0.0,1.0,0.9840449438202264,355000.0,1155072.0
356000.0,30.509341136,4.0891188174696725E-6,356000.0,0.4923992399239924,-0.4923992399239924,0.9999,0.0,0.4961496149614962,9999.0,0.0,1.0,0.9840000000000017,356000.0,1155072.0
357000.0,30.638566298,4.1282139472484056E-6,357000.0,0.49244924492449244,-0.49244924492449244,0.9999,0.0,0.4961496149614962,9999.0,0.0,1.0,0.983955056179777,357000.0,1169440.0
358000.0,30.742782878,4.160403109487838E-6,358000.0,0.4921992199219922,-0.4921992199219922,0.9999,0.0,0.4961496149614962,9999.0,0.0,1.0,0.9839101123595524,358000.0,1193920.0
359000.0,30.85225115,4.194554185353663E-6,359000.0,1.0,1.0,1.0,?,0.4961496149614962,1.7976931348623157E308,?,1.0,1.0,359000.0,1205920.0
360000.0,31.004375875,4.242122774338017E-6,360000.0,1.0,1.0,1.0,?,0.4961496149614962,1.7976931348623157E308,?,1.0,1.0,360000.0,1208712.0
361000.0,31.173476929,4.294999770727309E-6,361000.0,1.0,1.0,1.0,?,1.0,1.7976931348623157E308,?,1.0,1.0,361000.0,1208712.0
362000.0,31.299580875,4.334431801099619E-6,362000.0,1.0,1.0,1.0,?,1.0,1.7976931348623157E308,?,1.0,1.0,362000.0,1208712.0
363000.0,31.422823636,4.372969154204487E-6,363000.0,1.0,1.0,1.0,?,1.0,1.7976931348623157E308,?,1.0,1.0,363000.0,1208712.0
364000.0,31.537762273,4.4089098520882464E-6,364000.0,1.0,1.0,1.0,?,1.0,1.7976931348623157E308,?,1.0,1.0,364000.0,1208712.0
365000.0,31.640602345,4.441067393316928E-6,365000.0,1.0,1.0,1.0,?,1.0,1.7976931348623157E308,?,1.0,1.0,365000.0,1208712.0
366000.0,31.754719786,4.476800905000478E-6,366000.0,1.0,1.0,1.0,?,1.0,1.7976931348623157E308,?,1.0,1.0,366000.0,1210392.0
367000.0,31.920652381,4.528874645799924E-6,367000.0,1.0,1.0,1.0,?,1.0,1.7976931348623157E308,?,1.0,1.0,367000.0,1213080.0
368000.0,32.055033399,4.571058404422965E-6,368000.0,1.0,1.0,1.0,?,1.0,1.7976931348623157E308,?,1.0,1.0,368000.0,1213416.0
369000.0,32.155796507,4.602913917583682E-6,369000.0,1.0,1.0,1.0,?,1.0,1.7976931348623157E308,?,1.0,1.0,369000.0,1222040.0
370000.0,32.270698042,4.639239190126676E-6,370000.0,1.0,1.0,1.0,?,1.0,1.7976931348623157E308,?,1.0,1.0,370000.0,1222040.0
371000.0,32.383517225,4.6749997724304034E-6,371000.0,1.0,1.0,1.0,?,1.0,1.7976931348623157E308,?,1.0,1.0,371000.0,1225248.0
372000.0,32.493026773,4.709711291342024E-6,372000.0,1.0,1.0,1.0,?,1.0,1.7976931348623157E308,?,1.0,1.0,372000.0,1225248.0
373000.0,32.610554964,4.746964499843487E-6,373000.0,1.0,1.0,1.0,?,1.0,1.7976931348623157E308,?,1.0,1.0,373000.0,1225248.0
374000.0,32.760780473,4.794581860081895E-6,374000.0,1.0,1.0,1.0,?,1.0,1.7976931348623157E308,?,1.0,1.0,374000.0,1225248.0
375000.0,32.931445564,4.848829180061993E-6,375000.0,1.0,1.0,1.0,?,1.0,1.7976931348623157E308,?,1.0,1.0,375000.0,1228672.0
376000.0,33.058620536,4.889252803657893E-6,376000.0,1.0,1.0,1.0,?,1.0,1.7976931348623157E308,?,1.0,1.0,376000.0,1228672.0
377000.0,33.214285054,4.938732066628513E-6,377000.0,1.0,1.0,1.0,?,1.0,1.7976931348623157E308,?,1.0,1.0,377000.0,1228672.0
378000.0,33.376695616,4.990364018991803E-6,378000.0,1.0,1.0,1.0,?,1.0,1.7976931348623157E308,?,1.0,1.0,378000.0,1228872.0
379000.0,33.541358602,5.042712039615912E-6,379000.0,1.0,1.0,1.0,?,1.0,1.7976931348623157E308,?,1.0,1.0,379000.0,1228872.0
380000.0,33.711424699,5.096777763610602E-6,380000.0,1.0,1.0,1.0,?,1.0,1.7976931348623157E308,?,1.0,1.0,380000.0,1228872.0
381000.0,33.876723866,5.149328032577934E-6,381000.0,1.0,1.0,1.0,?,1.0,1.7976931348623157E308,?,1.0,1.0,381000.0,1228872.0
382000.0,34.0228158,5.195772128848895E-6,382000.0,1.0,1.0,1.0,?,1.0,1.7976931348623157E308,?,1.0,1.0,382000.0,1228872.0
383000.0,34.182190461,5.247412303565109E-6,383000.0,1.0,1.0,1.0,?,1.0,1.7976931348623157E308,?,1.0,1.0,383000.0,1252480.0
384000.0,34.304724851,5.287211954006137E-6,384000.0,1.0,1.0,1.0,?,1.0,1.7976931348623157E308,?,1.0,1.0,384000.0,1255520.0
385000.0,34.436894814,5.330264369217656E-6,385000.0,0.9947994799479948,6.837021415910804E-4,0.9999,0.0,1.0,9999.0,0.0,1.0,0.9827044025157253,385000.0,1259120.0
386000.0,34.552866936,5.368597895199957E-6,386000.0,0.9945994599459946,6.838521482570581E-4,0.9999,0.0,1.0,9999.0,0.0,1.0,0.9826594788858958,386000.0,1277696.0
387000.0,34.687390391,5.41350606762693E-6,387000.0,0.9961996199619962,6.850499388392217E-4,0.9999,0.0,1.0,9999.0,0.0,1.0,0.9826145552560667,387000.0,1290416.0
388000.0,34.821925721,5.4584182043034645E-6,388000.0,0.9967996799679968,6.855702897595739E-4,0.9999,0.0,1.0,9999.0,0.0,1.0,0.9825696316262373,388000.0,1290416.0
389000.0,34.937227649,5.497092892210068E-6,389000.0,0.9965996599659966,6.854279366635962E-4,0.9999,0.0,1.0,9999.0,0.0,1.0,0.9825247079964079,389000.0,1296560.0
390000.0,35.106587521,5.5539018527601645E-6,390000.0,0.9961996199619962,6.855219637927901E-4,0.9999,0.0,1.0,9999.0,0.0,1.0,0.9824797843665787,390000.0,1296608.0
391000.0,35.240141631,5.5987003642180215E-6,391000.0,0.9962996299629963,6.857412369128957E-4,0.9999,0.0,0.9961996199619962,9999.0,0.0,1.0,0.9824348607367495,391000.0,1296608.0
392000.0,35.350346308,5.6356666955820955E-6,392000.0,0.9963996399639964,6.860342445978995E-4,0.9999,0.0,0.9961996199619962,9999.0,0.0,1.0,0.9823899371069201,392000.0,1296608.0
393000.0,35.479261794,5.678909257541935E-6,393000.0,0.995999599959996,6.861190010162277E-4,0.9999,0.0,0.9961996199619962,9999.0,0.0,1.0,0.9823450134770907,393000.0,1296608.0
394000.0,35.62576803,5.728164532633414E-6,394000.0,0.995999599959996,6.892690404488588E-4,0.9999,0.0,0.9961996199619962,9999.0,0.0,1.0,0.9823000898472616,394000.0,1299568.0
395000.0,35.742053951,5.767285032804911E-6,395000.0,1.0,1.0,1.0,?,0.9961996199619962,1.7976931348623157E308,?,1.0,1.0,395000.0,1300408.0
396000.0,35.864115786,5.808359255665468E-6,396000.0,1.0,1.0,1.0,?,0.9961996199619962,1.7976931348623157E308,?,1.0,1.0,396000.0,1300744.0
397000.0,35.99135578,5.851175946651083E-6,397000.0,1.0,1.0,1.0,?,0.9961996199619962,1.7976931348623157E308,?,1.0,1.0,397000.0,1300744.0
398000.0,36.137693547,5.900313707446973E-6,398000.0,1.0,1.0,1.0,?,0.9961996199619962,1.7976931348623157E308,?,1.0,1.0,398000.0,1297960.0
399000.0,36.294931715,5.95311163955679E-6,399000.0,1.0,1.0,1.0,?,0.9961996199619962,1.7976931348623157E308,?,1.0,1.0,399000.0,1297960.0
400000.0,36.413688409,5.992988139945666E-6,400000.0,1.0,1.0,1.0,?,0.9961996199619962,1.7976931348623157E308,?,1.0,1.0,400000.0,1297960.0
401000.0,36.539992358,6.035408814796969E-6,401000.0,1.0,1.0,1.0,?,1.0,1.7976931348623157E308,?,1.0,1.0,401000.0,1298264.0
402000.0,36.71059796,6.092708723687805E-6,402000.0,1.0,1.0,1.0,?,1.0,1.7976931348623157E308,?,1.0,1.0,402000.0,1298264.0
403000.0,36.820156069,6.129615306806204E-6,403000.0,1.0,1.0,1.0,?,1.0,1.7976931348623157E308,?,1.0,1.0,403000.0,1302152.0
404000.0,36.958480349,6.176426989995162E-6,404000.0,1.0,1.0,1.0,?,1.0,1.7976931348623157E308,?,1.0,1.0,404000.0,1308152.0
405000.0,37.102811581,6.225271545026687E-6,405000.0,1.0,1.0,1.0,?,1.0,1.7976931348623157E308,?,1.0,1.0,405000.0,1308152.0
406000.0,37.212251066,6.262308039994763E-6,406000.0,1.0,1.0,1.0,?,1.0,1.7976931348623157E308,?,1.0,1.0,406000.0,1308152.0
407000.0,37.31830115,6.298243585548601E-6,407000.0,1.0,1.0,1.0,?,1.0,1.7976931348623157E308,?,1.0,1.0,407000.0,1309832.0
408000.0,37.474085141,6.3511400182998016E-6,408000.0,1.0,1.0,1.0,?,1.0,1.7976931348623157E308,?,1.0,1.0,408000.0,1312520.0
409000.0,37.641661535,6.408055126186953E-6,409000.0,1.0,1.0,1.0,?,1.0,1.7976931348623157E308,?,1.0,1.0,409000.0,1312856.0
410000.0,37.804287237,6.4632817289614224E-6,410000.0,1.0,1.0,1.0,?,1.0,1.7976931348623157E308,?,1.0,1.0,410000.0,1312688.0
411000.0,37.981362082,6.5240260782541815E-6,411000.0,0.9975997599759976,0.0015096053140049026,0.9999,0.0,1.0,9999.0,0.0,1.0,0.9815446789402805,411000.0,1326024.0
412000.0,38.141510805,6.580368033638726E-6,412000.0,0.9955491098219644,8.661431753191895E-4,0.9998,0.0,1.0,4999.0,0.0,1.0,0.9630161579892318,412000.0,1359912.0
413000.0,38.25458703,6.620270627778059E-6,413000.0,0.9957991598319664,8.663894928524485E-4,0.9998,0.0,1.0,4999.0,0.0,1.0,0.9629263913824102,413000.0,1364056.0
414000.0,38.406717154,6.674185119907585E-6,414000.0,0.9953990798159632,8.660453959266068E-4,0.9998,0.0,1.0,4999.0,0.0,1.0,0.9628366247755875,414000.0,1369912.0
415000.0,38.520597833,6.714537044644281E-6,415000.0,0.9953490698139628,8.659782306524866E-4,0.9998,0.0,1.0,4999.0,0.0,1.0,0.9627468581687655,415000.0,1369672.0
416000.0,38.691032752,6.774948934386289E-6,416000.0,0.995999199839968,8.665226900989031E-4,0.9998,0.0,1.0,4999.0,0.0,1.0,0.9626570915619428,416000.0,1370144.0
417000.0,38.876828063,6.840805426169609E-6,417000.0,0.9961492298459692,8.666521396228921E-4,0.9998,0.0,1.0,4999.0,0.0,1.0,0.9625673249551212,417000.0,1370144.0
418000.0,39.065144156,6.907555427364856E-6,418000.0,0.9953990798159632,8.660329343488371E-4,0.9998,0.0,1.0,4999.0,0.0,1.0,0.9624775583482985,418000.0,1370144.0
419000.0,39.176494102,6.946944485215967E-6,419000.0,0.995499099819964,8.66129440257879E-4,0.9998,0.0,1.0,4999.0,0.0,1.0,0.962387791741476,419000.0,1367376.0
420000.0,39.340533397,7.005709999674435E-6,420000.0,0.9948489697939588,8.655239569516082E-4,0.9998,0.0,1.0,4999.0,0.0,1.0,0.9622980251346542,420000.0,1384768.0
421000.0,39.463171034,7.050696321151015E-6,421000.0,0.9908990899089909,2.224869133801155E-4,0.9999,0.0,0.9948489697939588,9999.0,0.0,1.0,0.9811041292639161,421000.0,1417944.0
422000.0,39.632904613,7.112842951693173E-6,422000.0,1.0,1.0,1.0,?,0.9948489697939588,1.7976931348623157E308,?,1.0,1.0,422000.0,1415312.0
423000.0,39.817602576,7.18061354860584E-6,423000.0,1.0,1.0,1.0,?,0.9948489697939588,1.7976931348623157E308,?,1.0,1.0,423000.0,1418344.0
424000.0,40.014734131,7.253545690614578E-6,424000.0,1.0,1.0,1.0,?,0.9948489697939588,1.7976931348623157E308,?,1.0,1.0,424000.0,1430096.0
425000.0,40.184090083,7.316201780053374E-6,425000.0,1.0,1.0,1.0,?,0.9948489697939588,1.7976931348623157E308,?,1.0,1.0,425000.0,1430096.0
426000.0,40.355120314,7.379480482919455E-6,426000.0,1.0,1.0,1.0,?,0.9948489697939588,1.7976931348623157E308,?,1.0,1.0,426000.0,1430168.0
427000.0,40.477453127,7.424834005768113E-6,427000.0,1.0,1.0,1.0,?,0.9948489697939588,1.7976931348623157E308,?,1.0,1.0,427000.0,1433080.0
428000.0,40.635912604,7.483457776742365E-6,428000.0,1.0,1.0,1.0,?,0.9948489697939588,1.7976931348623157E308,?,1.0,1.0,428000.0,1430072.0
429000.0,40.767899787,7.532287840643993E-6,429000.0,1.0,1.0,1.0,?,0.9948489697939588,1.7976931348623157E308,?,1.0,1.0,429000.0,1430072.0
430000.0,40.92118399,7.588878316928739E-6,430000.0,1.0,1.0,1.0,?,0.9948489697939588,1.7976931348623157E308,?,1.0,1.0,430000.0,1427080.0
431000.0,41.082324547,7.648497650471808E-6,431000.0,1.0,1.0,1.0,?,1.0,1.7976931348623157E308,?,1.0,1.0,431000.0,1430160.0
432000.0,41.208533815,7.695291982524352E-6,432000.0,1.0,1.0,1.0,?,1.0,1.7976931348623157E308,?,1.0,1.0,432000.0,1433192.0
433000.0,41.322988939,7.73781732226375E-6,433000.0,1.0,1.0,1.0,?,1.0,1.7976931348623157E308,?,1.0,1.0,433000.0,1436200.0
434000.0,41.451108094,7.785419477615916E-6,434000.0,1.0,1.0,1.0,?,1.0,1.7976931348623157E308,?,1.0,1.0,434000.0,1436200.0
435000.0,41.589939065,7.836896116592024E-6,435000.0,1.0,1.0,1.0,?,1.0,1.7976931348623157E308,?,1.0,1.0,435000.0,1433264.0
436000.0,41.742137018,7.893450637039725E-6,436000.0,1.0,1.0,1.0,?,1.0,1.7976931348623157E308,?,1.0,1.0,436000.0,1436352.0
437000.0,41.917838833,7.958877391212771E-6,437000.0,1.0,1.0,1.0,?,1.0,1.7976931348623157E308,?,1.0,1.0,437000.0,1439400.0
438000.0,42.098785575,8.026257218832922E-6,438000.0,1.0,1.0,1.0,?,1.0,1.7976931348623157E308,?,1.0,1.0,438000.0,1439400.0
439000.0,42.344038767,8.117583084209663E-6,439000.0,1.0,1.0,1.0,?,1.0,1.7976931348623157E308,?,1.0,1.0,439000.0,1439400.0
440000.0,42.574198934,8.203468759193341E-6,440000.0,1.0,1.0,1.0,?,1.0,1.7976931348623157E308,?,1.0,1.0,440000.0,1442424.0
441000.0,42.765569263,8.27475778189142E-6,441000.0,1.0,1.0,1.0,?,1.0,1.7976931348623157E308,?,1.0,1.0,441000.0,1439960.0
442000.0,42.895600211,8.32319673923587E-6,442000.0,1.0,1.0,1.0,?,1.0,1.7976931348623157E308,?,1.0,1.0,442000.0,1439960.0
443000.0,43.040252272,8.377082334321786E-6,443000.0,1.0,1.0,1.0,?,1.0,1.7976931348623157E308,?,1.0,1.0,443000.0,1439960.0
444000.0,43.233020877,8.449045838630206E-6,444000.0,1.0,1.0,1.0,?,1.0,1.7976931348623157E308,?,1.0,1.0,444000.0,1443040.0
445000.0,43.433147737,8.523433644338082E-6,445000.0,1.0,1.0,1.0,?,1.0,1.7976931348623157E308,?,1.0,1.0,445000.0,1436808.0
446000.0,43.617103212,8.591810493568616E-6,446000.0,1.0,1.0,1.0,?,1.0,1.7976931348623157E308,?,1.0,1.0,446000.0,1436808.0
447000.0,43.816351511,8.665871735291177E-6,447000.0,1.0,1.0,1.0,?,1.0,1.7976931348623157E308,?,1.0,1.0,447000.0,1436808.0
448000.0,44.018133068,8.740877102913161E-6,448000.0,1.0,1.0,1.0,?,1.0,1.7976931348623157E308,?,1.0,1.0,448000.0,1436856.0
449000.0,44.176602597,8.800521953946776E-6,449000.0,1.0,1.0,1.0,?,1.0,1.7976931348623157E308,?,1.0,1.0,449000.0,1454888.0
450000.0,44.373649833,8.875657699996806E-6,450000.0,1.0,1.0,1.0,?,1.0,1.7976931348623157E308,?,1.0,1.0,450000.0,1473936.0
451000.0,44.593527493,8.961484303204749E-6,451000.0,1.0,1.0,1.0,?,1.0,1.7976931348623157E308,?,1.0,1.0,451000.0,1508840.0
452000.0,44.735027511,9.017802141861941E-6,452000.0,0.9905981196239247,0.10747937551662756,0.9998,0.0,1.0,4999.0,0.0,1.0,0.9594618834080758,452000.0,1538480.0
453000.0,44.884269524,9.077309136394502E-6,453000.0,0.9897979595919184,0.10747829339256021,0.9998,0.0,1.0,4999.0,0.0,1.0,0.9593721973094211,453000.0,1541272.0
454000.0,45.020735812,9.131722089494341E-6,454000.0,0.989747949589918,0.10747820314666556,0.9998,0.0,1.0,4999.0,0.0,1.0,0.9592825112107669,454000.0,1541272.0
455000.0,45.145453554,9.18145056636303E-6,455000.0,0.9899479895979196,0.10747823478688046,0.9998,0.0,1.0,4999.0,0.0,1.0,0.9591928251121122,455000.0,1541272.0
456000.0,45.278379447,9.234543749047158E-6,456000.0,0.9895979195839167,0.107477700769953,0.9998,0.0,1.0,4999.0,0.0,1.0,0.9591031390134578,456000.0,1543944.0
457000.0,45.430335676,9.295350290186107E-6,457000.0,0.989497899579916,0.1074769199709662,0.9998,0.0,1.0,4999.0,0.0,1.0,0.9590134529148032,457000.0,1546800.0
458000.0,45.610539165,9.368162098135717E-6,458000.0,0.9891978395679136,0.10747328912756637,0.9998,0.0,1.0,4999.0,0.0,1.0,0.958923766816148,458000.0,1561856.0
459000.0,45.747348029,9.423540114769505E-6,459000.0,0.9890478095619124,0.10747277116686349,0.9998,0.0,1.0,4999.0,0.0,1.0,0.9588340807174933,459000.0,1564680.0
460000.0,45.889673697,9.481038723321019E-6,460000.0,0.9895979195839167,0.10747269591351738,0.9998,0.0,1.0,4999.0,0.0,1.0,0.9587443946188389,460000.0,1561624.0
461000.0,46.079602735,9.558077338227274E-6,461000.0,0.9953490698139628,0.10747875244519423,0.9998,0.0,0.9895979195839167,4999.0,0.0,1.0,0.9586547085201844,461000.0,1567904.0
462000.0,46.205338018,9.609077817928361E-6,462000.0,1.0,1.0,1.0,?,0.9895979195839167,1.7976931348623157E308,?,1.0,1.0,462000.0,1567904.0
463000.0,46.359541201,9.671650599093101E-6,463000.0,1.0,1.0,1.0,?,0.9895979195839167,1.7976931348623157E308,?,1.0,1.0,463000.0,1568536.0
464000.0,46.527806017,9.739929329171539E-6,464000.0,1.0,1.0,1.0,?,0.9895979195839167,1.7976931348623157E308,?,1.0,1.0,464000.0,1568536.0
465000.0,46.66435374,9.795441284906418E-6,465000.0,1.0,1.0,1.0,?,0.9895979195839167,1.7976931348623157E308,?,1.0,1.0,465000.0,1571464.0
466000.0,46.795870884,9.84890811478615E-6,466000.0,1.0,1.0,1.0,?,0.9895979195839167,1.7976931348623157E308,?,1.0,1.0,466000.0,1571464.0
467000.0,46.934927346,9.905439970415795E-6,467000.0,1.0,1.0,1.0,?,0.9895979195839167,1.7976931348623157E308,?,1.0,1.0,467000.0,1571464.0
468000.0,47.07755009,9.963422543785073E-6,468000.0,1.0,1.0,1.0,?,0.9895979195839167,1.7976931348623157E308,?,1.0,1.0,468000.0,1571488.0
469000.0,47.232726941,1.0026631287473344E-5,469000.0,1.0,1.0,1.0,?,0.9895979195839167,1.7976931348623157E308,?,1.0,1.0,469000.0,1574536.0
470000.0,47.373222602,1.0083748524195344E-5,470000.0,1.0,1.0,1.0,?,0.9895979195839167,1.7976931348623157E308,?,1.0,1.0,470000.0,1571472.0
471000.0,47.502271624,1.0136212233649806E-5,471000.0,1.0,1.0,1.0,?,1.0,1.7976931348623157E308,?,1.0,1.0,471000.0,1571472.0
472000.0,47.65201983,1.0197091008623481E-5,472000.0,1.0,1.0,1.0,?,1.0,1.7976931348623157E308,?,1.0,1.0,472000.0,1571472.0
473000.0,47.834645851,1.0271335961092539E-5,473000.0,1.0,1.0,1.0,?,1.0,1.7976931348623157E308,?,1.0,1.0,473000.0,1571472.0
474000.0,47.992379711,1.0336088335765388E-5,474000.0,1.0,1.0,1.0,?,1.0,1.7976931348623157E308,?,1.0,1.0,474000.0,1586840.0
475000.0,48.150417839,1.0401090233706023E-5,475000.0,1.0,1.0,1.0,?,1.0,1.7976931348623157E308,?,1.0,1.0,475000.0,1589888.0
476000.0,48.341032041,1.0479490839061459E-5,476000.0,1.0,1.0,1.0,?,1.0,1.7976931348623157E308,?,1.0,1.0,476000.0,1589888.0
477000.0,48.486364049,1.053926664424895E-5,477000.0,1.0,1.0,1.0,?,1.0,1.7976931348623157E308,?,1.0,1.0,477000.0,1589888.0
478000.0,48.671557473,1.0615453753276985E-5,478000.0,1.0,1.0,1.0,?,1.0,1.7976931348623157E308,?,1.0,1.0,478000.0,1590224.0
479000.0,48.862579096,1.069403853724973E-5,479000.0,1.0,1.0,1.0,?,1.0,1.7976931348623157E308,?,1.0,1.0,479000.0,1590224.0
480000.0,49.059075253,1.0774721780087318E-5,480000.0,1.0,1.0,1.0,?,1.0,1.7976931348623157E308,?,1.0,1.0,480000.0,1587200.0
481000.0,49.258622728,1.0856657923922703E-5,481000.0,1.0,1.0,1.0,?,1.0,1.7976931348623157E308,?,1.0,1.0,481000.0,1587200.0
482000.0,49.394807668,1.0912684457878784E-5,482000.0,1.0,1.0,1.0,?,1.0,1.7976931348623157E308,?,1.0,1.0,482000.0,1590256.0
483000.0,49.595584856,1.099544341404957E-5,483000.0,1.0,1.0,1.0,?,1.0,1.7976931348623157E308,?,1.0,1.0,483000.0,1593320.0
484000.0,49.799050027,1.1079310338060232E-5,484000.0,1.0,1.0,1.0,?,1.0,1.7976931348623157E308,?,1.0,1.0,484000.0,1593320.0
485000.0,49.986431972,1.1156572300343346E-5,485000.0,1.0,1.0,1.0,?,1.0,1.7976931348623157E308,?,1.0,1.0,485000.0,1593824.0
486000.0,50.171166756,1.1234511043946972E-5,486000.0,1.0,0.9784795163424953,0.9999,0.9979840579301116,1.0,38.21568627450981,0.9980372895701588,1.0,0.9804426559356157,486000.0,1630824.0
487000.0,50.524507122,1.131217393731083E-5,487000.0,0.9999233031988449,0.9691484058631299,0.9988,0.987368423711911,1.0,18.960079840319363,0.9927280228756467,0.9994736288030319,0.7860124496521438,487000.0,849616.0
488000.0,50.669765859,1.1344744910645024E-5,488000.0,0.9999220424295109,0.9691374737620834,0.9988,0.987368423711911,1.0,18.960079840319363,0.9927280228756467,0.9994736288030319,0.7855730501647789,488000.0,866744.0
489000.0,50.813134588,1.137847092238539E-5,489000.0,0.9999230930706227,0.9691226679609928,0.9988,0.987368423711911,1.0,18.960079840319363,0.9927280228756467,0.9994736288030319,0.7851336506774118,489000.0,909312.0
490000.0,50.916301436,1.1404193678703112E-5,490000.0,0.9999214120448439,0.9690709751667539,0.9988,0.987368423711911,1.0,18.960079840319363,0.9927280228756467,0.9994736288030319,0.784694251190042,490000.0,963784.0
491000.0,51.024729744,1.1431237708275511E-5,491000.0,0.9999237234552897,0.9690723427613006,0.9988,0.987368423711911,0.9999214120448439,18.960079840319363,0.9927280228756467,0.9994736288030319,0.784254851702678,491000.0,964120.0
492000.0,51.1265564,1.1456736951404738E-5,492000.0,0.9999312880712939,0.9690744120602106,0.9988,0.987368423711911,0.9999214120448439,18.960079840319363,0.9927280228756467,0.9994736288030319,0.7838154522153101,492000.0,967984.0
493000.0,51.228126495,1.148288855306173E-5,493000.0,0.9999306576866269,0.9690670518005561,0.9988,0.987368423711911,0.9999214120448439,18.960079840319363,0.9927280228756467,0.9994736288030319,0.7833760527279406,493000.0,995256.0
494000.0,51.370998248,1.1519896000787556E-5,494000.0,0.9999249842246237,0.9690575140227857,0.9988,0.987368423711911,0.9999214120448439,18.960079840319363,0.9927280228756467,0.9994736288030319,0.7829366532405764,494000.0,1001256.0
495000.0,51.481950102,1.1548808514592062E-5,495000.0,0.9999241437117343,0.9690492173932986,0.9988,0.987368423711911,0.9999214120448439,18.960079840319363,0.9927280228756467,0.9994736288030319,0.782497253753207,495000.0,1007288.0
496000.0,51.644074477,1.1591055877400749E-5,496000.0,0.9998578861121807,0.9604191614527203,0.9989,0.9770329014126856,0.9999214120448439,39.65040650406504,0.9874764040595824,0.9994873897888046,0.8002196997436859,496000.0,1007288.0
497000.0,51.768958269,1.1623734552566588E-5,497000.0,1.0,1.0,1.0,?,0.9999214120448439,1.7976931348623157E308,?,1.0,1.0,497000.0,1011488.0
498000.0,51.913251944,1.1661605743407588E-5,498000.0,1.0,1.0,1.0,?,0.9999214120448439,1.7976931348623157E308,?,1.0,1.0,498000.0,1014528.0
499000.0,52.028139795,1.1691759107583345E-5,499000.0,1.0,1.0,1.0,?,0.9999214120448439,1.7976931348623157E308,?,1.0,1.0,499000.0,1014528.0
500000.0,52.164321399,1.1727501211415114E-5,500000.0,1.0,1.0,1.0,?,0.9999214120448439,1.7976931348623157E308,?,1.0,1.0,500000.0,1014528.0
501000.0,52.288087678,1.1759984799983285E-5,501000.0,1.0,1.0,1.0,?,1.0,1.7976931348623157E308,?,1.0,1.0,501000.0,1014528.0
502000.0,52.442955957,1.18006313920756E-5,502000.0,1.0,1.0,1.0,?,1.0,1.7976931348623157E308,?,1.0,1.0,502000.0,1014528.0
503000.0,52.551930129,1.1829232657270016E-5,503000.0,1.0,1.0,1.0,?,1.0,1.7976931348623157E308,?,1.0,1.0,503000.0,1014528.0
504000.0,52.69103803,1.1865742794434807E-5,504000.0,1.0,1.0,1.0,?,1.0,1.7976931348623157E308,?,1.0,1.0,504000.0,1014528.0
505000.0,52.788982903,1.189144931952872E-5,505000.0,1.0,1.0,1.0,?,1.0,1.7976931348623157E308,?,1.0,1.0,505000.0,1014528.0
506000.0,52.936569827,1.1930184853601438E-5,506000.0,1.0,1.0,1.0,?,1.0,1.7976931348623157E308,?,1.0,1.0,506000.0,1014528.0
507000.0,53.089725621,1.1970549983606064E-5,507000.0,1.0,1.0,1.0,?,1.0,1.7976931348623157E308,?,1.0,1.0,507000.0,1018768.0
508000.0,53.243501447,1.2011078526770802E-5,508000.0,1.0,1.0,1.0,?,1.0,1.7976931348623157E308,?,1.0,1.0,508000.0,1018768.0
509000.0,53.348087106,1.2038642705780278E-5,509000.0,1.0,1.0,1.0,?,1.0,1.7976931348623157E308,?,1.0,1.0,509000.0,1018768.0
510000.0,53.484772212,1.2074666886970485E-5,510000.0,1.0,1.0,1.0,?,1.0,1.7976931348623157E308,?,1.0,1.0,510000.0,1018768.0
511000.0,53.600046539,1.2105048128672322E-5,511000.0,1.0,1.0,1.0,?,1.0,1.7976931348623157E308,?,1.0,1.0,511000.0,1018768.0
512000.0,53.714673631,1.2135258787699903E-5,512000.0,1.0,1.0,1.0,?,1.0,1.7976931348623157E308,?,1.0,1.0,512000.0,1018768.0
513000.0,53.840931177,1.216853472278046E-5,513000.0,1.0,1.0,1.0,?,1.0,1.7976931348623157E308,?,1.0,1.0,513000.0,1018768.0
514000.0,53.953286272,1.2198146583343548E-5,514000.0,1.0,1.0,1.0,?,1.0,1.7976931348623157E308,?,1.0,1.0,514000.0,1018768.0
515000.0,54.075883956,1.2231358169822016E-5,515000.0,1.0,1.0,1.0,?,1.0,1.7976931348623157E308,?,1.0,1.0,515000.0,1047152.0
516000.0,54.322303035,1.2303564641519209E-5,516000.0,0.9971220637066769,0.9500743295243744,0.999,0.9742375871542426,1.0,48.504950495049506,0.9774190658106926,0.9998979383547663,0.8240709171496748,516000.0,1132672.0
517000.0,54.465431824,1.2347368197768944E-5,517000.0,0.9970818958809536,0.9500754256031059,0.999,0.9742375871542426,1.0,48.504950495049506,0.9774190658106926,0.9998979383547663,0.8237299693146957,517000.0,1183000.0
518000.0,54.669435286,1.241257929416724E-5,518000.0,0.9970109074593926,0.9500444859415202,0.999,0.9742375871542426,1.0,48.504950495049506,0.9774190658106926,0.9998979383547663,0.8233890214797146,518000.0,1235624.0
519000.0,54.800040476,1.2456631640135714E-5,519000.0,0.9969025301182904,0.9500088517975682,0.999,0.9742375871542426,1.0,48.504950495049506,0.9774190658106926,0.9998979383547663,0.8230480736447328,519000.0,1303800.0
520000.0,54.915083116,1.249606792051905E-5,520000.0,0.9968426573214578,0.9500141016240964,0.999,0.9742375871542426,1.0,48.504950495049506,0.9774190658106926,0.9998979383547663,0.8227071258097515,520000.0,1325072.0
521000.0,55.044902205,1.2541201446407079E-5,521000.0,0.9967736899225746,0.9500287868759902,0.999,0.9742375871542426,0.9968426573214578,48.504950495049506,0.9774190658106926,0.9998979383547663,0.8223661779747695,521000.0,1343888.0
522000.0,55.20090661,1.2600342074977283E-5,522000.0,0.9967193492341813,0.9414485966039254,0.9988,0.9692374581116727,0.9968426573214578,48.01960784313726,0.972615984516755,0.999897917517354,0.7865758091993204,522000.0,1465384.0
523000.0,55.397951466,1.2676818592494386E-5,523000.0,0.9966683079928582,0.9414085492010966,0.9988,0.9692374581116727,0.9968426573214578,48.01960784313726,0.972615984516755,0.999897917517354,0.7861669505962555,523000.0,1500256.0
524000.0,55.589627428,1.2751698489191292E-5,524000.0,0.9966532958630574,0.9413951478793288,0.9988,0.9692374581116727,0.9968426573214578,48.01960784313726,0.972615984516755,0.999897917517354,0.7857580919931875,524000.0,1510080.0
525000.0,55.793093314,1.2832189796025066E-5,525000.0,0.9967598819846436,0.9414031482010813,0.9988,0.9692374581116727,0.9968426573214578,48.01960784313726,0.972615984516755,0.999897917517354,0.7853492333901213,525000.0,1529184.0
526000.0,55.96009885,1.2900460087902057E-5,526000.0,0.9863945578231292,0.06742918483571458,0.9996,0.0,0.9968426573214578,2499.0,0.0,1.0,0.9283622744296983,526000.0,1580168.0
527000.0,56.107329724,1.296159097985323E-5,527000.0,0.9859943977591037,0.06742459073022489,0.9996,0.0,0.9968426573214578,2499.0,0.0,1.0,0.9282260810350771,527000.0,1604960.0
528000.0,56.304213081,1.3044156812796181E-5,528000.0,0.9864445778311325,0.06744422887791435,0.9996,0.0,0.9968426573214578,2499.0,0.0,1.0,0.9280898876404577,528000.0,1621040.0
529000.0,56.510494774,1.3131381200042945E-5,529000.0,0.9875700280112045,0.06749218399659995,0.9996,0.0,0.9968426573214578,2499.0,0.0,1.0,0.9279536942458364,529000.0,1634480.0
530000.0,56.729689956,1.3224742330339264E-5,530000.0,0.9881202480992397,0.067496966615056,0.9996,0.0,0.9968426573214578,2499.0,0.0,1.0,0.9278175008512165,530000.0,1646408.0
531000.0,56.930904667,1.3310285182790434E-5,531000.0,0.9884453781512605,0.06750791457572669,0.9996,0.0,0.9881202480992397,2499.0,0.0,1.0,0.9276813074565957,531000.0,1643336.0
532000.0,57.136141974,1.3397869483360374E-5,532000.0,0.9788457691538308,0.055681114717346936,0.9998,0.0,0.9881202480992397,4999.0,0.0,1.0,0.9637725570309877,532000.0,1649576.0
533000.0,57.278467201,1.3459155918109518E-5,533000.0,0.9751650660264105,0.11527471947027212,0.9996,0.0,0.9881202480992397,2499.0,0.0,1.0,0.9274583191561829,533000.0,1664504.0
534000.0,57.412172829,1.3516942093838927E-5,534000.0,0.9751150460184074,0.11528153391598395,0.9996,0.0,0.9881202480992397,2499.0,0.0,1.0,0.927322218441655,534000.0,1670616.0
535000.0,57.601850663,1.3598918872314531E-5,535000.0,0.9791916766706683,0.1153268678859084,0.9996,0.0,0.9881202480992397,2499.0,0.0,1.0,0.9271861177271256,535000.0,1670616.0
536000.0,57.774699339,1.3674865729144444E-5,536000.0,0.9895968790637191,0.17269571353421964,0.9997,0.0,0.9881202480992397,3332.3333333333335,0.0,1.0,0.9453061224489854,536000.0,1698424.0
537000.0,57.929489011,1.3744072996774975E-5,537000.0,0.9900636857723983,0.1726954387637989,0.9997,0.0,0.9881202480992397,3332.3333333333335,0.0,1.0,0.9452040816326589,537000.0,1728272.0
538000.0,58.112319244,1.3826774284556131E-5,538000.0,0.9915641359074389,0.17271215947700502,0.9997,0.0,0.9881202480992397,3332.3333333333335,0.0,1.0,0.9451020408163325,538000.0,1748504.0
539000.0,58.27218671,1.3899100192064391E-5,539000.0,0.9919642559434497,0.17271720591532924,0.9997,0.0,0.9881202480992397,3332.3333333333335,0.0,1.0,0.9450000000000064,539000.0,1748784.0
540000.0,58.423966622,1.396785860600044E-5,540000.0,0.9919642559434497,0.17272172085094362,0.9997,0.0,0.9881202480992397,3332.3333333333335,0.0,1.0,0.9448979591836798,540000.0,1751112.0
541000.0,58.627143797,1.406102384240771E-5,541000.0,0.9912640458804308,0.17270636285133334,0.9997,0.0,0.9919642559434497,3332.3333333333335,0.0,1.0,0.9447959183673525,541000.0,1772480.0
542000.0,58.760215329,1.4122042708025157E-5,542000.0,0.9911640158714281,0.17270561819249586,0.9997,0.0,0.9919642559434497,3332.3333333333335,0.0,1.0,0.944693877551027,542000.0,1772480.0
543000.0,58.94325716,1.4205975046672619E-5,543000.0,1.0,0.1682254640050148,0.9999,0.0,0.9919642559434497,9999.0,0.0,1.0,0.9815306122448999,543000.0,1772480.0
544000.0,59.12364271,1.4288562064837633E-5,544000.0,1.0,0.168229352217814,0.9999,0.0,0.9919642559434497,9999.0,0.0,1.0,0.9814965986394577,544000.0,1769752.0
545000.0,59.431012348,1.4440921237659722E-5,545000.0,1.0,0.9893790612361223,0.9997,0.995729102069336,0.9919642559434497,26.3224043715847,0.9958932064677039,1.0,0.9505295007564355,545000.0,1916064.0
546000.0,59.67695362,1.4563100930991739E-5,546000.0,1.0,0.9916269089984585,0.9998,0.9971489705645469,0.9919642559434497,26.397260273972602,0.9972565106055741,1.0,0.9669591527987934,546000.0,1920304.0
547000.0,59.928821913,1.4691754579667544E-5,547000.0,1.0,0.9948620196017537,0.9998,0.9982324651260952,0.9919642559434497,15.583747927031508,0.998340247818645,1.0,0.9691222128140028,547000.0,1974472.0
548000.0,60.113307335,1.478953589098118E-5,548000.0,1.0,0.994803183711185,0.9998,0.9982324651260952,0.9919642559434497,15.583747927031508,0.998340247818645,1.0,0.9690657634772827,548000.0,2048784.0
549000.0,60.291694672,1.4884284077975251E-5,549000.0,1.0,0.9948026200553697,0.9998,0.9982324651260952,0.9919642559434497,15.583747927031508,0.998340247818645,1.0,0.9690093141405625,549000.0,2053096.0
550000.0,60.475712871,1.4982023026391554E-5,550000.0,1.0,0.9948061956247457,0.9998,0.9982324651260952,0.9919642559434497,15.583747927031508,0.998340247818645,1.0,0.9689528648038421,550000.0,2053096.0
551000.0,60.617274784,1.5057215954981772E-5,551000.0,1.0,0.9948285441179928,0.9998,0.9982324651260952,1.0,15.583747927031508,0.998340247818645,1.0,0.9688964154671217,551000.0,2053208.0
552000.0,60.86000464,1.5190764043847052E-5,552000.0,1.0,0.9915307541902422,0.9996,0.9972857076356982,1.0,11.453300124533001,0.9975062305320137,1.0,0.9410098851188953,552000.0,2126752.0
553000.0,61.08194292,1.531271522006963E-5,553000.0,0.9993437553424699,0.9897074399885722,0.9995,0.9966090678408881,1.0,11.437810945273633,0.996885697824662,1.0,0.926148504273512,553000.0,2124008.0
554000.0,61.265547305,1.541360259610216E-5,554000.0,0.9993436877162686,0.9897078601333349,0.9995,0.9966090678408881,1.0,11.437810945273633,0.996885697824662,1.0,0.9260149572649649,554000.0,2124008.0
555000.0,61.531746807,1.5560117493566383E-5,555000.0,0.9988120875452883,0.9882742273269518,0.9997,0.9964145677546307,1.0,21.779043280182233,0.9965772860224867,1.0,0.9555288461538508,555000.0,2127536.0
556000.0,61.751894294,1.568342061661631E-5,556000.0,0.9988154230395454,0.9882803630083198,0.9997,0.9964145677546307,1.0,21.779043280182233,0.9965772860224867,1.0,0.9554487179487227,556000.0,2165024.0
557000.0,62.005148772,1.5829198817238833E-5,557000.0,0.9974103865812279,0.974590319714141,0.9997,0.9923281584204607,1.0,48.75124378109453,0.9925092578236596,1.0,0.955368589743595,557000.0,2225040.0
558000.0,62.278814764,1.5992654588921047E-5,558000.0,0.997418648784658,0.9713974918808517,0.9996,0.989795939191962,1.0,48.504950495049506,0.9900495037128094,1.0,0.9404005340454008,558000.0,2308776.0
559000.0,62.551668867,1.6156682553088152E-5,559000.0,0.9974007122083917,0.9713780901195643,0.9996,0.989795939191962,1.0,48.504950495049506,0.9900495037128094,1.0,0.9402937249666283,559000.0,2323752.0
560000.0,62.797780891,1.6304625688842353E-5,560000.0,0.9973966701630359,0.9713681612143471,0.9996,0.989795939191962,1.0,48.504950495049506,0.9900495037128094,1.0,0.9401869158878566,560000.0,2323616.0
561000.0,63.046339577,1.645464863627937E-5,561000.0,0.9973964175352011,0.9713684041336718,0.9996,0.989795939191962,0.9973966701630359,48.504950495049506,0.9900495037128094,1.0,0.9400801068090857,561000.0,2333088.0
562000.0,63.287043926,1.6601055283595358E-5,562000.0,0.7397729545909182,-0.07652496740166537,0.9998,0.0,0.9973966701630359,4999.0,0.0,1.0,0.9699866488651571,562000.0,2351144.0
563000.0,63.545735582,1.675883142507924E-5,563000.0,1.0,0.32648150803238396,0.9999,0.0,0.9973966701630359,9999.0,0.0,1.0,0.9849666221628856,563000.0,2357552.0
564000.0,63.805813721,1.6917646418137812E-5,564000.0,1.0,0.3264486756505992,0.9999,0.0,0.9973966701630359,9999.0,0.0,1.0,0.9849399198931926,564000.0,2360424.0
565000.0,63.997916783,1.7035783817807685E-5,565000.0,1.0,0.32644371608753764,0.9999,0.0,0.9973966701630359,9999.0,0.0,1.0,0.9849132176234996,565000.0,2377144.0
566000.0,64.247407365,1.7189794161695753E-5,566000.0,1.0,0.3264452271715257,0.9999,0.0,0.9973966701630359,9999.0,0.0,1.0,0.9848865153538066,566000.0,2386152.0
567000.0,64.499558133,1.734566790188334E-5,567000.0,1.0,0.3264508777158813,0.9999,0.0,0.9973966701630359,9999.0,0.0,1.0,0.9848598130841137,567000.0,2389544.0
568000.0,64.753832394,1.75028764384483E-5,568000.0,1.0,1.0,1.0,?,0.9973966701630359,1.7976931348623157E308,?,1.0,1.0,568000.0,2389880.0
569000.0,65.008555318,1.7660594851669275E-5,569000.0,1.0,1.0,1.0,?,0.9973966701630359,1.7976931348623157E308,?,1.0,1.0,569000.0,2393408.0
570000.0,65.450244122,1.7708343083284185E-5,570000.0,0.9976554982817869,0.9219268410182473,0.9961,0.9337388290461788,0.9973966701630359,32.333333333333336,0.9718137646314482,0.9976288659793815,0.45043263288009966,570000.0,417872.0
571000.0,65.520465295,1.771616315286288E-5,571000.0,0.9976582474226804,0.9219283001226404,0.9961,0.9337388290461788,0.9976554982817869,32.333333333333336,0.9718137646314482,0.9976288659793815,0.4494684796044493,571000.0,430472.0
572000.0,65.611349124,1.7727335165821317E-5,572000.0,0.9976694158075602,0.9218743654547903,0.9961,0.9337388290461788,0.9976554982817869,32.333333333333336,0.9718137646314482,0.9976288659793815,0.4485043263287989,572000.0,475168.0
573000.0,65.679102016,1.773577567522061E-5,573000.0,0.9976740549828179,0.9218895160186512,0.9961,0.9337388290461788,0.9976554982817869,32.333333333333336,0.9718137646314482,0.9976288659793815,0.44754017305314914,573000.0,481552.0
574000.0,65.757511666,1.7745680417870058E-5,574000.0,0.9976723367697594,0.9219125882101511,0.9961,0.9337388290461788,0.9976554982817869,32.333333333333336,0.9718137646314482,0.9976288659793815,0.4465760197775046,574000.0,488288.0
575000.0,65.879598094,1.7761304062255444E-5,575000.0,0.9976713058419244,0.92191624922338,0.9961,0.9337388290461788,0.9976554982817869,32.333333333333336,0.9718137646314482,0.9976288659793815,0.4456118665018488,575000.0,494672.0
576000.0,65.970629911,1.777309752353304E-5,576000.0,0.9976697594501718,0.9219145464794101,0.9961,0.9337388290461788,0.9976554982817869,32.333333333333336,0.9718137646314482,0.9976288659793815,0.44464771322620433,576000.0,500784.0
577000.0,66.058854116,1.7784533822966287E-5,577000.0,0.9976680412371134,0.9219125983281568,0.9961,0.9337388290461788,0.9976554982817869,32.333333333333336,0.9718137646314482,0.9976288659793815,0.4436835599505507,577000.0,501072.0
578000.0,66.172763353,1.7799299613630482E-5,578000.0,0.9976639175257732,0.9219148580784261,0.9961,0.9337388290461788,0.9976554982817869,32.333333333333336,0.9718137646314482,0.9976288659793815,0.44271940667490645,578000.0,501072.0
579000.0,66.289967665,1.7814586167989878E-5,579000.0,0.9976637457044674,0.9219150524727657,0.9961,0.9337388290461788,0.9976554982817869,32.333333333333336,0.9718137646314482,0.9976288659793815,0.44175525339925953,579000.0,504160.0
580000.0,66.404443289,1.782961064906535E-5,580000.0,1.0,1.0,1.0,?,0.9976554982817869,1.7976931348623157E308,?,1.0,1.0,580000.0,507328.0
581000.0,66.517571631,1.7844551722905068E-5,581000.0,1.0,1.0,1.0,?,1.0,1.7976931348623157E308,?,1.0,1.0,581000.0,510520.0
582000.0,66.633768715,1.7859898091297913E-5,582000.0,1.0,1.0,1.0,?,1.0,1.7976931348623157E308,?,1.0,1.0,582000.0,510520.0
583000.0,66.746381643,1.7874771093436978E-5,583000.0,1.0,1.0,1.0,?,1.0,1.7976931348623157E308,?,1.0,1.0,583000.0,510520.0
584000.0,66.86007494,1.788978678195081E-5,584000.0,1.0,1.0,1.0,?,1.0,1.7976931348623157E308,?,1.0,1.0,584000.0,510520.0
585000.0,66.963269141,1.7903415835021983E-5,585000.0,1.0,1.0,1.0,?,1.0,1.7976931348623157E308,?,1.0,1.0,585000.0,510520.0
586000.0,67.037921879,1.791327536315681E-5,586000.0,1.0,1.0,1.0,?,1.0,1.7976931348623157E308,?,1.0,1.0,586000.0,510520.0
587000.0,67.111799889,1.7923032571501127E-5,587000.0,1.0,1.0,1.0,?,1.0,1.7976931348623157E308,?,1.0,1.0,587000.0,510520.0
588000.0,67.199048268,1.793455562973736E-5,588000.0,1.0,1.0,1.0,?,1.0,1.7976931348623157E308,?,1.0,1.0,588000.0,510520.0
589000.0,67.281753904,1.7945478719323848E-5,589000.0,1.0,1.0,1.0,?,1.0,1.7976931348623157E308,?,1.0,1.0,589000.0,510520.0
590000.0,67.405949775,1.7961980461673164E-5,590000.0,1.0,1.0,1.0,?,1.0,1.7976931348623157E308,?,1.0,1.0,590000.0,513600.0
591000.0,67.52832784,1.797854004479948E-5,591000.0,1.0,1.0,1.0,?,1.0,1.7976931348623157E308,?,1.0,1.0,591000.0,523056.0
592000.0,67.642369695,1.7993971613992474E-5,592000.0,1.0,1.0,1.0,?,1.0,1.7976931348623157E308,?,1.0,1.0,592000.0,523056.0
593000.0,67.758129017,1.8009635582166063E-5,593000.0,1.0,1.0,1.0,?,1.0,1.7976931348623157E308,?,1.0,1.0,593000.0,523056.0
594000.0,67.872344051,1.8025090585068734E-5,594000.0,1.0,1.0,1.0,?,1.0,1.7976931348623157E308,?,1.0,1.0,594000.0,523056.0
595000.0,67.982906216,1.804005130014413E-5,595000.0,1.0,1.0,1.0,?,1.0,1.7976931348623157E308,?,1.0,1.0,595000.0,523056.0
596000.0,68.09925135,1.805579453744581E-5,596000.0,1.0,1.0,1.0,?,1.0,1.7976931348623157E308,?,1.0,1.0,596000.0,523056.0
597000.0,68.223899944,1.8072661357115837E-5,597000.0,1.0,1.0,1.0,?,1.0,1.7976931348623157E308,?,1.0,1.0,597000.0,523056.0
598000.0,68.342519323,1.8088712333791623E-5,598000.0,1.0,1.0,1.0,?,1.0,1.7976931348623157E308,?,1.0,1.0,598000.0,523056.0
599000.0,68.446519263,1.810278508164527E-5,599000.0,1.0,1.0,1.0,?,1.0,1.7976931348623157E308,?,1.0,1.0,599000.0,523056.0
600000.0,68.521451035,1.8112924471471677E-5,600000.0,1.0,1.0,1.0,?,1.0,1.7976931348623157E308,?,1.0,1.0,600000.0,523056.0
601000.0,68.644317198,1.8129550101559965E-5,601000.0,1.0,1.0,1.0,?,1.0,1.7976931348623157E308,?,1.0,1.0,601000.0,523056.0
602000.0,68.723608633,1.8140279419016386E-5,602000.0,1.0,1.0,1.0,?,1.0,1.7976931348623157E308,?,1.0,1.0,602000.0,523056.0
603000.0,68.801628874,1.8150836724905925E-5,603000.0,1.0,1.0,1.0,?,1.0,1.7976931348623157E308,?,1.0,1.0,603000.0,523056.0
604000.0,68.876652818,1.816098858698294E-5,604000.0,1.0,1.0,1.0,?,1.0,1.7976931348623157E308,?,1.0,1.0,604000.0,523056.0
605000.0,68.951548114,1.8171123041060822E-5,605000.0,1.0,1.0,1.0,?,1.0,1.7976931348623157E308,?,1.0,1.0,605000.0,523056.0
606000.0,69.073074487,1.8187567377517145E-5,606000.0,1.0,1.0,1.0,?,1.0,1.7976931348623157E308,?,1.0,1.0,606000.0,523056.0
607000.0,69.194938978,1.8204057466397543E-5,607000.0,1.0,1.0,1.0,?,1.0,1.7976931348623157E308,?,1.0,1.0,607000.0,523056.0
608000.0,69.31448388,1.8220233680182235E-5,608000.0,1.0,1.0,1.0,?,1.0,1.7976931348623157E308,?,1.0,1.0,608000.0,523056.0
609000.0,69.435127096,1.8236558512283303E-5,609000.0,1.0,1.0,1.0,?,1.0,1.7976931348623157E308,?,1.0,1.0,609000.0,523056.0
610000.0,69.513319502,1.824713911467315E-5,610000.0,1.0,1.0,1.0,?,1.0,1.7976931348623157E308,?,1.0,1.0,610000.0,523056.0
611000.0,69.587903382,1.8257354608168416E-5,611000.0,1.0,1.0,1.0,?,1.0,1.7976931348623157E308,?,1.0,1.0,611000.0,529440.0
612000.0,69.659828883,1.8267205992778726E-5,612000.0,1.0,1.0,1.0,?,1.0,1.7976931348623157E308,?,1.0,1.0,612000.0,529440.0
613000.0,69.769861372,1.8282276758413972E-5,613000.0,1.0,1.0,1.0,?,1.0,1.7976931348623157E308,?,1.0,1.0,613000.0,529440.0
614000.0,69.889726012,1.8298694199424446E-5,614000.0,1.0,1.0,1.0,?,1.0,1.7976931348623157E308,?,1.0,1.0,614000.0,529440.0
615000.0,70.011338603,1.831535105117717E-5,615000.0,1.0,1.0,1.0,?,1.0,1.7976931348623157E308,?,1.0,1.0,615000.0,529440.0
616000.0,70.133369907,1.8332061969349882E-5,616000.0,1.0,1.0,1.0,?,1.0,1.7976931348623157E308,?,1.0,1.0,616000.0,529336.0
617000.0,70.248233444,1.8347791336364067E-5,617000.0,1.0,1.0,1.0,?,1.0,1.7976931348623157E308,?,1.0,1.0,617000.0,529336.0
618000.0,70.35990666,1.8363083822091006E-5,618000.0,1.0,1.0,1.0,?,1.0,1.7976931348623157E308,?,1.0,1.0,618000.0,529336.0
619000.0,70.474682006,1.837880111226477E-5,619000.0,1.0,1.0,1.0,?,1.0,1.7976931348623157E308,?,1.0,1.0,619000.0,529336.0
620000.0,70.591331959,1.8394775110374584E-5,620000.0,1.0,1.0,1.0,?,1.0,1.7976931348623157E308,?,1.0,1.0,620000.0,529336.0
621000.0,70.683085807,1.8407339845780178E-5,621000.0,1.0,1.0,1.0,?,1.0,1.7976931348623157E308,?,1.0,1.0,621000.0,529336.0
622000.0,70.761776259,1.8418115684939823E-5,622000.0,1.0,1.0,1.0,?,1.0,1.7976931348623157E308,?,1.0,1.0,622000.0,529336.0
623000.0,70.834399244,1.842807086804904E-5,623000.0,1.0,1.0,1.0,?,1.0,1.7976931348623157E308,?,1.0,1.0,623000.0,529880.0
623091.0,70.854652267,1.8430847159225726E-5,623091.0,1.0,1.0,1.0,?,1.0,1.7976931348623157E308,?,1.0,1.0,623091.0,529880.0
